7.000000000000000000e+00 0.000000000000000000e+00 2.000000000000000000e+01 2.500000000000000000e+01
7.000000000000000000e+00 8.100000000000000000e+01 6.200000000000000000e+01 1.310000000000000000e+02
1.490000000000000000e+02 0.000000000000000000e+00 2.380000000000000000e+02 5.000000000000000000e+01
1.550000000000000000e+02 4.870000000000000000e+02 2.110000000000000000e+02 5.110000000000000000e+02
2.270000000000000000e+02 3.460000000000000000e+02 3.350000000000000000e+02 4.530000000000000000e+02
3.090000000000000000e+02 3.210000000000000000e+02 3.640000000000000000e+02 3.740000000000000000e+02
3.190000000000000000e+02 4.740000000000000000e+02 3.740000000000000000e+02 5.120000000000000000e+02
3.820000000000000000e+02 1.490000000000000000e+02 5.110000000000000000e+02 2.870000000000000000e+02
4.090000000000000000e+02 0.000000000000000000e+00 4.820000000000000000e+02 2.800000000000000000e+01
4.890000000000000000e+02 4.930000000000000000e+02 5.110000000000000000e+02 5.110000000000000000e+02
