4.000000000000000000e+00 3.670000000000000000e+02 8.500000000000000000e+01 4.430000000000000000e+02
8.000000000000000000e+00 2.070000000000000000e+02 8.400000000000000000e+01 2.830000000000000000e+02
1.000000000000000000e+01 4.500000000000000000e+01 3.900000000000000000e+01 8.100000000000000000e+01
2.300000000000000000e+01 1.280000000000000000e+02 8.900000000000000000e+01 1.930000000000000000e+02
3.100000000000000000e+01 5.020000000000000000e+02 5.600000000000000000e+01 5.120000000000000000e+02
5.800000000000000000e+01 0.000000000000000000e+00 1.270000000000000000e+02 3.600000000000000000e+01
5.800000000000000000e+01 5.900000000000000000e+01 1.150000000000000000e+02 1.210000000000000000e+02
7.900000000000000000e+01 2.840000000000000000e+02 1.640000000000000000e+02 3.700000000000000000e+02
1.000000000000000000e+02 1.190000000000000000e+02 1.350000000000000000e+02 1.590000000000000000e+02
1.330000000000000000e+02 5.500000000000000000e+01 2.000000000000000000e+02 1.260000000000000000e+02
1.730000000000000000e+02 1.100000000000000000e+02 3.390000000000000000e+02 2.130000000000000000e+02
1.820000000000000000e+02 3.810000000000000000e+02 2.490000000000000000e+02 4.430000000000000000e+02
2.020000000000000000e+02 2.070000000000000000e+02 2.690000000000000000e+02 2.660000000000000000e+02
2.680000000000000000e+02 7.900000000000000000e+01 2.900000000000000000e+02 1.130000000000000000e+02
2.950000000000000000e+02 6.300000000000000000e+01 3.650000000000000000e+02 1.460000000000000000e+02
3.020000000000000000e+02 4.820000000000000000e+02 3.630000000000000000e+02 5.120000000000000000e+02
3.330000000000000000e+02 3.890000000000000000e+02 4.200000000000000000e+02 4.660000000000000000e+02
3.560000000000000000e+02 2.370000000000000000e+02 4.110000000000000000e+02 2.920000000000000000e+02
3.900000000000000000e+02 2.900000000000000000e+01 4.950000000000000000e+02 1.550000000000000000e+02
4.230000000000000000e+02 4.600000000000000000e+02 5.070000000000000000e+02 5.120000000000000000e+02
4.890000000000000000e+02 6.100000000000000000e+01 5.120000000000000000e+02 1.090000000000000000e+02
