0.000000000000000000e+00 2.620000000000000000e+02 2.700000000000000000e+01 3.210000000000000000e+02
0.000000000000000000e+00 4.050000000000000000e+02 4.400000000000000000e+01 4.720000000000000000e+02
6.000000000000000000e+01 1.290000000000000000e+02 1.130000000000000000e+02 1.900000000000000000e+02
6.500000000000000000e+01 0.000000000000000000e+00 1.060000000000000000e+02 1.500000000000000000e+01
1.260000000000000000e+02 0.000000000000000000e+00 1.560000000000000000e+02 7.000000000000000000e+00
1.960000000000000000e+02 3.380000000000000000e+02 2.390000000000000000e+02 3.850000000000000000e+02
2.630000000000000000e+02 1.040000000000000000e+02 3.360000000000000000e+02 1.950000000000000000e+02
3.050000000000000000e+02 0.000000000000000000e+00 4.150000000000000000e+02 8.900000000000000000e+01
3.420000000000000000e+02 4.160000000000000000e+02 3.840000000000000000e+02 4.590000000000000000e+02
4.210000000000000000e+02 3.640000000000000000e+02 4.940000000000000000e+02 4.770000000000000000e+02
4.930000000000000000e+02 3.310000000000000000e+02 5.120000000000000000e+02 3.690000000000000000e+02
5.020000000000000000e+02 5.070000000000000000e+02 5.120000000000000000e+02 5.120000000000000000e+02
