0.000000000000000000e+00 1.560000000000000000e+02 2.400000000000000000e+01 2.110000000000000000e+02
1.200000000000000000e+01 3.500000000000000000e+01 1.250000000000000000e+02 1.160000000000000000e+02
2.200000000000000000e+01 4.500000000000000000e+02 1.270000000000000000e+02 5.120000000000000000e+02
7.800000000000000000e+01 2.720000000000000000e+02 1.270000000000000000e+02 3.190000000000000000e+02
9.700000000000000000e+01 3.600000000000000000e+02 1.840000000000000000e+02 4.320000000000000000e+02
1.890000000000000000e+02 2.270000000000000000e+02 2.400000000000000000e+02 2.720000000000000000e+02
2.320000000000000000e+02 1.590000000000000000e+02 2.670000000000000000e+02 1.940000000000000000e+02
2.520000000000000000e+02 4.320000000000000000e+02 3.250000000000000000e+02 4.950000000000000000e+02
2.690000000000000000e+02 0.000000000000000000e+00 3.230000000000000000e+02 2.000000000000000000e+01
2.790000000000000000e+02 3.230000000000000000e+02 3.280000000000000000e+02 3.800000000000000000e+02
3.770000000000000000e+02 2.000000000000000000e+00 4.400000000000000000e+02 2.300000000000000000e+01
3.880000000000000000e+02 2.200000000000000000e+01 4.930000000000000000e+02 1.160000000000000000e+02
3.900000000000000000e+02 4.720000000000000000e+02 4.790000000000000000e+02 5.110000000000000000e+02
4.010000000000000000e+02 3.440000000000000000e+02 4.520000000000000000e+02 3.950000000000000000e+02
4.650000000000000000e+02 1.310000000000000000e+02 5.120000000000000000e+02 1.760000000000000000e+02
4.840000000000000000e+02 2.590000000000000000e+02 5.120000000000000000e+02 3.180000000000000000e+02
