0.000000000000000000e+00 1.140000000000000000e+02 3.400000000000000000e+01 1.580000000000000000e+02
0.000000000000000000e+00 4.360000000000000000e+02 3.100000000000000000e+01 4.960000000000000000e+02
3.800000000000000000e+01 9.000000000000000000e+00 7.800000000000000000e+01 4.800000000000000000e+01
8.400000000000000000e+01 4.290000000000000000e+02 1.230000000000000000e+02 4.560000000000000000e+02
1.120000000000000000e+02 5.800000000000000000e+01 1.630000000000000000e+02 1.120000000000000000e+02
1.330000000000000000e+02 0.000000000000000000e+00 1.440000000000000000e+02 3.000000000000000000e+00
1.500000000000000000e+02 3.240000000000000000e+02 2.200000000000000000e+02 4.060000000000000000e+02
1.540000000000000000e+02 4.740000000000000000e+02 2.230000000000000000e+02 5.120000000000000000e+02
1.660000000000000000e+02 3.000000000000000000e+00 2.290000000000000000e+02 7.000000000000000000e+01
1.710000000000000000e+02 2.300000000000000000e+02 1.910000000000000000e+02 2.480000000000000000e+02
2.190000000000000000e+02 0.000000000000000000e+00 2.590000000000000000e+02 5.700000000000000000e+01
2.610000000000000000e+02 3.000000000000000000e+00 2.910000000000000000e+02 4.200000000000000000e+01
2.640000000000000000e+02 4.390000000000000000e+02 3.020000000000000000e+02 4.800000000000000000e+02
3.080000000000000000e+02 3.510000000000000000e+02 3.860000000000000000e+02 4.290000000000000000e+02
3.200000000000000000e+02 1.420000000000000000e+02 3.950000000000000000e+02 2.000000000000000000e+02
3.580000000000000000e+02 2.840000000000000000e+02 3.970000000000000000e+02 3.210000000000000000e+02
4.130000000000000000e+02 3.080000000000000000e+02 4.770000000000000000e+02 3.670000000000000000e+02
4.440000000000000000e+02 0.000000000000000000e+00 4.720000000000000000e+02 4.400000000000000000e+01
4.610000000000000000e+02 0.000000000000000000e+00 4.960000000000000000e+02 2.600000000000000000e+01
