2.000000000000000000e+00 1.560000000000000000e+02 2.900000000000000000e+01 2.240000000000000000e+02
3.000000000000000000e+00 7.000000000000000000e+00 6.400000000000000000e+01 4.300000000000000000e+01
1.700000000000000000e+01 9.600000000000000000e+01 8.800000000000000000e+01 1.590000000000000000e+02
2.500000000000000000e+01 3.370000000000000000e+02 1.140000000000000000e+02 4.140000000000000000e+02
5.000000000000000000e+01 2.700000000000000000e+01 1.290000000000000000e+02 9.600000000000000000e+01
9.400000000000000000e+01 2.190000000000000000e+02 1.910000000000000000e+02 3.120000000000000000e+02
1.640000000000000000e+02 3.420000000000000000e+02 2.250000000000000000e+02 4.230000000000000000e+02
2.200000000000000000e+02 6.000000000000000000e+00 2.940000000000000000e+02 4.600000000000000000e+01
2.240000000000000000e+02 1.850000000000000000e+02 2.930000000000000000e+02 2.580000000000000000e+02
2.250000000000000000e+02 7.000000000000000000e+01 2.680000000000000000e+02 1.210000000000000000e+02
2.430000000000000000e+02 4.330000000000000000e+02 3.180000000000000000e+02 5.080000000000000000e+02
2.660000000000000000e+02 2.920000000000000000e+02 4.350000000000000000e+02 4.500000000000000000e+02
2.930000000000000000e+02 4.000000000000000000e+00 3.960000000000000000e+02 8.700000000000000000e+01
3.080000000000000000e+02 9.700000000000000000e+01 3.730000000000000000e+02 1.720000000000000000e+02
3.270000000000000000e+02 1.960000000000000000e+02 4.080000000000000000e+02 2.750000000000000000e+02
3.860000000000000000e+02 4.560000000000000000e+02 4.730000000000000000e+02 5.100000000000000000e+02
4.470000000000000000e+02 2.430000000000000000e+02 5.120000000000000000e+02 3.160000000000000000e+02
4.660000000000000000e+02 4.380000000000000000e+02 5.120000000000000000e+02 5.090000000000000000e+02
4.670000000000000000e+02 1.060000000000000000e+02 5.120000000000000000e+02 1.650000000000000000e+02
4.800000000000000000e+02 5.200000000000000000e+01 5.110000000000000000e+02 1.060000000000000000e+02
