0.000000000000000000e+00 3.000000000000000000e+01 4.400000000000000000e+01 8.700000000000000000e+01
4.000000000000000000e+01 2.600000000000000000e+02 1.310000000000000000e+02 3.120000000000000000e+02
5.000000000000000000e+01 5.400000000000000000e+01 1.230000000000000000e+02 1.250000000000000000e+02
9.700000000000000000e+01 4.570000000000000000e+02 1.680000000000000000e+02 5.120000000000000000e+02
1.630000000000000000e+02 0.000000000000000000e+00 2.140000000000000000e+02 2.600000000000000000e+01
2.070000000000000000e+02 1.770000000000000000e+02 2.780000000000000000e+02 2.500000000000000000e+02
2.160000000000000000e+02 4.470000000000000000e+02 2.830000000000000000e+02 5.120000000000000000e+02
2.210000000000000000e+02 0.000000000000000000e+00 2.380000000000000000e+02 5.000000000000000000e+00
2.290000000000000000e+02 3.260000000000000000e+02 2.640000000000000000e+02 3.630000000000000000e+02
3.000000000000000000e+02 2.520000000000000000e+02 3.630000000000000000e+02 3.230000000000000000e+02
3.260000000000000000e+02 3.000000000000000000e+01 3.740000000000000000e+02 7.700000000000000000e+01
3.290000000000000000e+02 3.930000000000000000e+02 4.370000000000000000e+02 4.960000000000000000e+02
3.670000000000000000e+02 2.720000000000000000e+02 4.530000000000000000e+02 3.510000000000000000e+02
4.960000000000000000e+02 3.510000000000000000e+02 5.120000000000000000e+02 4.000000000000000000e+02
5.060000000000000000e+02 2.990000000000000000e+02 5.120000000000000000e+02 3.220000000000000000e+02
