7.000000000000000000e+00 3.280000000000000000e+02 1.170000000000000000e+02 4.490000000000000000e+02
7.900000000000000000e+01 5.070000000000000000e+02 9.900000000000000000e+01 5.120000000000000000e+02
1.090000000000000000e+02 3.340000000000000000e+02 1.530000000000000000e+02 3.790000000000000000e+02
1.430000000000000000e+02 0.000000000000000000e+00 2.340000000000000000e+02 4.800000000000000000e+01
2.620000000000000000e+02 4.130000000000000000e+02 3.520000000000000000e+02 5.010000000000000000e+02
2.870000000000000000e+02 6.100000000000000000e+01 3.390000000000000000e+02 1.070000000000000000e+02
2.970000000000000000e+02 2.970000000000000000e+02 3.630000000000000000e+02 3.620000000000000000e+02
2.990000000000000000e+02 1.090000000000000000e+02 4.260000000000000000e+02 2.550000000000000000e+02
3.970000000000000000e+02 3.770000000000000000e+02 4.400000000000000000e+02 4.230000000000000000e+02
4.110000000000000000e+02 4.400000000000000000e+02 5.120000000000000000e+02 5.120000000000000000e+02
4.520000000000000000e+02 3.660000000000000000e+02 4.820000000000000000e+02 3.960000000000000000e+02
4.620000000000000000e+02 4.200000000000000000e+01 5.120000000000000000e+02 1.170000000000000000e+02
4.640000000000000000e+02 1.640000000000000000e+02 4.870000000000000000e+02 1.930000000000000000e+02
4.640000000000000000e+02 2.340000000000000000e+02 5.100000000000000000e+02 2.580000000000000000e+02
