2.000000000000000000e+00 2.830000000000000000e+02 4.200000000000000000e+01 3.330000000000000000e+02
9.000000000000000000e+00 1.510000000000000000e+02 9.800000000000000000e+01 2.340000000000000000e+02
1.210000000000000000e+02 3.940000000000000000e+02 1.880000000000000000e+02 4.720000000000000000e+02
1.670000000000000000e+02 1.960000000000000000e+02 2.540000000000000000e+02 2.780000000000000000e+02
2.940000000000000000e+02 2.200000000000000000e+01 3.670000000000000000e+02 1.070000000000000000e+02
3.150000000000000000e+02 4.710000000000000000e+02 3.630000000000000000e+02 5.120000000000000000e+02
3.390000000000000000e+02 2.430000000000000000e+02 4.010000000000000000e+02 3.000000000000000000e+02
4.000000000000000000e+02 2.610000000000000000e+02 4.850000000000000000e+02 3.510000000000000000e+02
4.710000000000000000e+02 3.490000000000000000e+02 5.120000000000000000e+02 3.960000000000000000e+02
4.880000000000000000e+02 5.000000000000000000e+01 5.120000000000000000e+02 1.100000000000000000e+02
