1.000000000000000000e+00 2.000000000000000000e+00 6.900000000000000000e+01 1.030000000000000000e+02
4.800000000000000000e+01 1.770000000000000000e+02 7.900000000000000000e+01 2.060000000000000000e+02
1.010000000000000000e+02 1.610000000000000000e+02 2.060000000000000000e+02 2.580000000000000000e+02
1.380000000000000000e+02 8.400000000000000000e+01 1.790000000000000000e+02 1.310000000000000000e+02
1.680000000000000000e+02 0.000000000000000000e+00 3.580000000000000000e+02 9.000000000000000000e+01
1.870000000000000000e+02 2.000000000000000000e+00 2.290000000000000000e+02 1.500000000000000000e+01
2.440000000000000000e+02 3.540000000000000000e+02 2.990000000000000000e+02 4.010000000000000000e+02
4.060000000000000000e+02 1.330000000000000000e+02 5.120000000000000000e+02 2.820000000000000000e+02
4.090000000000000000e+02 4.200000000000000000e+02 4.840000000000000000e+02 5.070000000000000000e+02
4.130000000000000000e+02 3.000000000000000000e+00 4.600000000000000000e+02 2.100000000000000000e+01
