0.000000000000000000e+00 2.300000000000000000e+02 5.100000000000000000e+01 3.220000000000000000e+02
1.200000000000000000e+01 1.920000000000000000e+02 3.900000000000000000e+01 2.230000000000000000e+02
7.900000000000000000e+01 2.510000000000000000e+02 1.810000000000000000e+02 3.400000000000000000e+02
1.060000000000000000e+02 9.100000000000000000e+01 1.910000000000000000e+02 2.110000000000000000e+02
2.030000000000000000e+02 2.630000000000000000e+02 3.340000000000000000e+02 3.260000000000000000e+02
2.060000000000000000e+02 9.500000000000000000e+01 2.710000000000000000e+02 1.460000000000000000e+02
2.980000000000000000e+02 1.640000000000000000e+02 3.390000000000000000e+02 2.050000000000000000e+02
3.610000000000000000e+02 3.950000000000000000e+02 4.180000000000000000e+02 4.400000000000000000e+02
3.880000000000000000e+02 1.080000000000000000e+02 4.890000000000000000e+02 1.920000000000000000e+02
3.930000000000000000e+02 1.000000000000000000e+00 4.540000000000000000e+02 2.500000000000000000e+01
4.040000000000000000e+02 4.400000000000000000e+01 4.710000000000000000e+02 8.900000000000000000e+01
4.630000000000000000e+02 2.660000000000000000e+02 4.960000000000000000e+02 2.930000000000000000e+02
