0.000000000000000000e+00 0.000000000000000000e+00 6.300000000000000000e+01 7.400000000000000000e+01
0.000000000000000000e+00 1.330000000000000000e+02 1.800000000000000000e+01 1.760000000000000000e+02
0.000000000000000000e+00 3.020000000000000000e+02 4.500000000000000000e+01 3.710000000000000000e+02
5.200000000000000000e+01 1.860000000000000000e+02 1.180000000000000000e+02 2.610000000000000000e+02
1.460000000000000000e+02 2.340000000000000000e+02 3.740000000000000000e+02 3.710000000000000000e+02
1.520000000000000000e+02 3.750000000000000000e+02 1.990000000000000000e+02 4.140000000000000000e+02
1.890000000000000000e+02 0.000000000000000000e+00 2.360000000000000000e+02 2.300000000000000000e+01
1.980000000000000000e+02 4.110000000000000000e+02 3.290000000000000000e+02 5.120000000000000000e+02
3.580000000000000000e+02 5.100000000000000000e+01 4.660000000000000000e+02 1.450000000000000000e+02
4.020000000000000000e+02 3.690000000000000000e+02 4.430000000000000000e+02 4.120000000000000000e+02
4.420000000000000000e+02 5.080000000000000000e+02 4.550000000000000000e+02 5.120000000000000000e+02
4.540000000000000000e+02 2.150000000000000000e+02 5.120000000000000000e+02 3.150000000000000000e+02
4.730000000000000000e+02 3.880000000000000000e+02 5.120000000000000000e+02 4.470000000000000000e+02
4.920000000000000000e+02 2.800000000000000000e+01 5.120000000000000000e+02 8.600000000000000000e+01
