0.000000000000000000e+00 2.000000000000000000e+00 1.400000000000000000e+01 2.300000000000000000e+01
0.000000000000000000e+00 3.100000000000000000e+01 4.000000000000000000e+01 8.500000000000000000e+01
0.000000000000000000e+00 3.980000000000000000e+02 3.600000000000000000e+01 4.370000000000000000e+02
4.000000000000000000e+00 6.600000000000000000e+01 6.900000000000000000e+01 1.310000000000000000e+02
4.500000000000000000e+01 4.960000000000000000e+02 9.500000000000000000e+01 5.120000000000000000e+02
8.600000000000000000e+01 9.800000000000000000e+01 1.520000000000000000e+02 1.560000000000000000e+02
9.300000000000000000e+01 1.790000000000000000e+02 1.450000000000000000e+02 2.200000000000000000e+02
1.690000000000000000e+02 0.000000000000000000e+00 2.410000000000000000e+02 8.200000000000000000e+01
1.920000000000000000e+02 4.810000000000000000e+02 2.500000000000000000e+02 5.120000000000000000e+02
2.160000000000000000e+02 1.850000000000000000e+02 3.090000000000000000e+02 2.690000000000000000e+02
2.360000000000000000e+02 4.290000000000000000e+02 2.810000000000000000e+02 4.700000000000000000e+02
2.630000000000000000e+02 1.400000000000000000e+01 3.380000000000000000e+02 8.300000000000000000e+01
3.430000000000000000e+02 1.360000000000000000e+02 4.180000000000000000e+02 1.990000000000000000e+02
3.590000000000000000e+02 0.000000000000000000e+00 4.060000000000000000e+02 2.900000000000000000e+01
3.610000000000000000e+02 4.140000000000000000e+02 4.190000000000000000e+02 4.570000000000000000e+02
3.650000000000000000e+02 3.060000000000000000e+02 4.100000000000000000e+02 3.450000000000000000e+02
4.340000000000000000e+02 4.050000000000000000e+02 4.770000000000000000e+02 4.440000000000000000e+02
4.390000000000000000e+02 2.330000000000000000e+02 4.920000000000000000e+02 2.840000000000000000e+02
4.530000000000000000e+02 3.250000000000000000e+02 5.060000000000000000e+02 3.740000000000000000e+02
4.990000000000000000e+02 3.000000000000000000e+00 5.120000000000000000e+02 5.900000000000000000e+01
