0.000000000000000000e+00 2.800000000000000000e+01 2.000000000000000000e+01 8.600000000000000000e+01
0.000000000000000000e+00 2.150000000000000000e+02 5.800000000000000000e+01 3.150000000000000000e+02
0.000000000000000000e+00 3.880000000000000000e+02 3.900000000000000000e+01 4.470000000000000000e+02
4.600000000000000000e+01 5.100000000000000000e+01 1.540000000000000000e+02 1.450000000000000000e+02
5.700000000000000000e+01 5.080000000000000000e+02 7.000000000000000000e+01 5.120000000000000000e+02
6.900000000000000000e+01 3.690000000000000000e+02 1.100000000000000000e+02 4.120000000000000000e+02
1.380000000000000000e+02 2.340000000000000000e+02 3.660000000000000000e+02 3.710000000000000000e+02
1.830000000000000000e+02 4.110000000000000000e+02 3.140000000000000000e+02 5.120000000000000000e+02
2.760000000000000000e+02 0.000000000000000000e+00 3.230000000000000000e+02 2.300000000000000000e+01
3.130000000000000000e+02 3.750000000000000000e+02 3.600000000000000000e+02 4.140000000000000000e+02
3.940000000000000000e+02 1.860000000000000000e+02 4.600000000000000000e+02 2.610000000000000000e+02
4.490000000000000000e+02 0.000000000000000000e+00 5.120000000000000000e+02 7.400000000000000000e+01
4.670000000000000000e+02 3.020000000000000000e+02 5.120000000000000000e+02 3.710000000000000000e+02
4.940000000000000000e+02 1.330000000000000000e+02 5.120000000000000000e+02 1.760000000000000000e+02
