7.000000000000000000e+00 6.000000000000000000e+00 5.900000000000000000e+01 5.800000000000000000e+01
2.200000000000000000e+01 3.060000000000000000e+02 1.430000000000000000e+02 4.070000000000000000e+02
5.200000000000000000e+01 9.100000000000000000e+01 1.120000000000000000e+02 1.480000000000000000e+02
7.500000000000000000e+01 1.690000000000000000e+02 1.280000000000000000e+02 2.200000000000000000e+02
1.260000000000000000e+02 4.830000000000000000e+02 1.710000000000000000e+02 5.120000000000000000e+02
2.110000000000000000e+02 2.680000000000000000e+02 3.110000000000000000e+02 3.730000000000000000e+02
2.120000000000000000e+02 4.290000000000000000e+02 2.700000000000000000e+02 4.850000000000000000e+02
3.320000000000000000e+02 0.000000000000000000e+00 4.110000000000000000e+02 8.400000000000000000e+01
3.610000000000000000e+02 2.240000000000000000e+02 4.020000000000000000e+02 2.680000000000000000e+02
3.680000000000000000e+02 9.700000000000000000e+01 4.180000000000000000e+02 1.450000000000000000e+02
3.820000000000000000e+02 4.330000000000000000e+02 4.180000000000000000e+02 4.740000000000000000e+02
4.030000000000000000e+02 3.370000000000000000e+02 4.590000000000000000e+02 3.870000000000000000e+02
4.910000000000000000e+02 3.110000000000000000e+02 5.120000000000000000e+02 3.550000000000000000e+02
5.110000000000000000e+02 2.050000000000000000e+02 5.120000000000000000e+02 2.110000000000000000e+02
