0.000000000000000000e+00 0.000000000000000000e+00 4.600000000000000000e+01 2.300000000000000000e+01
0.000000000000000000e+00 8.500000000000000000e+01 1.300000000000000000e+01 1.230000000000000000e+02
0.000000000000000000e+00 3.110000000000000000e+02 1.000000000000000000e+00 3.170000000000000000e+02
3.400000000000000000e+01 3.380000000000000000e+02 8.100000000000000000e+01 3.870000000000000000e+02
1.250000000000000000e+02 1.300000000000000000e+02 1.650000000000000000e+02 1.700000000000000000e+02
2.010000000000000000e+02 2.840000000000000000e+02 2.620000000000000000e+02 3.510000000000000000e+02
2.300000000000000000e+02 1.320000000000000000e+02 3.080000000000000000e+02 2.080000000000000000e+02
2.840000000000000000e+02 2.810000000000000000e+02 3.470000000000000000e+02 3.450000000000000000e+02
3.010000000000000000e+02 4.730000000000000000e+02 3.610000000000000000e+02 5.120000000000000000e+02
3.730000000000000000e+02 0.000000000000000000e+00 4.710000000000000000e+02 5.500000000000000000e+01
3.750000000000000000e+02 9.900000000000000000e+01 4.810000000000000000e+02 2.660000000000000000e+02
4.140000000000000000e+02 3.790000000000000000e+02 5.100000000000000000e+02 4.570000000000000000e+02
