2.000000000000000000e+00 2.020000000000000000e+02 1.500000000000000000e+01 2.500000000000000000e+02
3.000000000000000000e+01 5.000000000000000000e+01 8.100000000000000000e+01 1.010000000000000000e+02
4.800000000000000000e+01 3.770000000000000000e+02 1.030000000000000000e+02 4.460000000000000000e+02
8.000000000000000000e+01 1.760000000000000000e+02 1.780000000000000000e+02 2.490000000000000000e+02
1.540000000000000000e+02 1.300000000000000000e+01 2.010000000000000000e+02 6.200000000000000000e+01
2.180000000000000000e+02 3.100000000000000000e+02 2.770000000000000000e+02 3.550000000000000000e+02
2.530000000000000000e+02 2.000000000000000000e+00 3.100000000000000000e+02 2.200000000000000000e+01
2.600000000000000000e+02 4.720000000000000000e+02 3.420000000000000000e+02 5.120000000000000000e+02
3.560000000000000000e+02 3.880000000000000000e+02 4.940000000000000000e+02 4.620000000000000000e+02
3.720000000000000000e+02 1.400000000000000000e+01 4.530000000000000000e+02 7.900000000000000000e+01
