8.000000000000000000e+00 7.200000000000000000e+01 4.800000000000000000e+01 1.560000000000000000e+02
2.400000000000000000e+01 3.110000000000000000e+02 1.050000000000000000e+02 3.820000000000000000e+02
6.800000000000000000e+01 1.400000000000000000e+01 1.650000000000000000e+02 7.900000000000000000e+01
8.500000000000000000e+01 4.360000000000000000e+02 1.820000000000000000e+02 5.050000000000000000e+02
1.330000000000000000e+02 2.690000000000000000e+02 1.860000000000000000e+02 3.260000000000000000e+02
1.940000000000000000e+02 3.840000000000000000e+02 2.570000000000000000e+02 4.410000000000000000e+02
2.430000000000000000e+02 9.000000000000000000e+01 4.180000000000000000e+02 2.560000000000000000e+02
3.370000000000000000e+02 4.300000000000000000e+02 3.980000000000000000e+02 4.810000000000000000e+02
3.980000000000000000e+02 2.000000000000000000e+01 4.630000000000000000e+02 8.100000000000000000e+01
4.350000000000000000e+02 2.320000000000000000e+02 5.060000000000000000e+02 2.990000000000000000e+02
4.360000000000000000e+02 3.350000000000000000e+02 5.120000000000000000e+02 4.100000000000000000e+02
4.540000000000000000e+02 8.600000000000000000e+01 5.120000000000000000e+02 1.800000000000000000e+02
