0.000000000000000000e+00 1.830000000000000000e+02 1.600000000000000000e+01 2.360000000000000000e+02
0.000000000000000000e+00 3.590000000000000000e+02 2.300000000000000000e+01 4.140000000000000000e+02
7.100000000000000000e+01 0.000000000000000000e+00 1.400000000000000000e+02 6.200000000000000000e+01
1.030000000000000000e+02 4.480000000000000000e+02 1.830000000000000000e+02 5.120000000000000000e+02
1.890000000000000000e+02 4.000000000000000000e+01 2.460000000000000000e+02 1.090000000000000000e+02
2.000000000000000000e+02 4.890000000000000000e+02 2.270000000000000000e+02 5.120000000000000000e+02
2.140000000000000000e+02 1.120000000000000000e+02 2.850000000000000000e+02 1.730000000000000000e+02
2.180000000000000000e+02 0.000000000000000000e+00 2.730000000000000000e+02 2.300000000000000000e+01
2.580000000000000000e+02 3.450000000000000000e+02 3.290000000000000000e+02 4.260000000000000000e+02
3.140000000000000000e+02 7.900000000000000000e+01 4.150000000000000000e+02 1.720000000000000000e+02
3.780000000000000000e+02 3.100000000000000000e+02 4.610000000000000000e+02 4.110000000000000000e+02
4.230000000000000000e+02 1.790000000000000000e+02 4.800000000000000000e+02 2.360000000000000000e+02
4.460000000000000000e+02 1.000000000000000000e+00 5.060000000000000000e+02 5.100000000000000000e+01
