0.000000000000000000e+00 4.600000000000000000e+01 4.500000000000000000e+01 1.120000000000000000e+02
0.000000000000000000e+00 2.990000000000000000e+02 6.000000000000000000e+01 3.620000000000000000e+02
0.000000000000000000e+00 3.300000000000000000e+02 3.800000000000000000e+01 4.210000000000000000e+02
1.600000000000000000e+01 1.500000000000000000e+02 1.200000000000000000e+02 2.620000000000000000e+02
4.500000000000000000e+01 4.240000000000000000e+02 1.180000000000000000e+02 5.050000000000000000e+02
6.700000000000000000e+01 3.000000000000000000e+02 1.900000000000000000e+02 3.990000000000000000e+02
1.360000000000000000e+02 1.930000000000000000e+02 2.360000000000000000e+02 2.860000000000000000e+02
1.430000000000000000e+02 4.150000000000000000e+02 2.080000000000000000e+02 4.820000000000000000e+02
1.540000000000000000e+02 2.900000000000000000e+01 2.130000000000000000e+02 9.000000000000000000e+01
1.860000000000000000e+02 1.320000000000000000e+02 2.970000000000000000e+02 2.080000000000000000e+02
2.170000000000000000e+02 0.000000000000000000e+00 3.010000000000000000e+02 7.200000000000000000e+01
2.920000000000000000e+02 4.120000000000000000e+02 3.540000000000000000e+02 4.750000000000000000e+02
3.430000000000000000e+02 2.320000000000000000e+02 4.780000000000000000e+02 3.390000000000000000e+02
3.550000000000000000e+02 0.000000000000000000e+00 3.780000000000000000e+02 1.100000000000000000e+01
3.940000000000000000e+02 4.210000000000000000e+02 4.630000000000000000e+02 5.120000000000000000e+02
4.730000000000000000e+02 1.600000000000000000e+01 5.110000000000000000e+02 8.600000000000000000e+01
4.840000000000000000e+02 4.900000000000000000e+02 5.110000000000000000e+02 5.110000000000000000e+02
4.860000000000000000e+02 3.930000000000000000e+02 5.110000000000000000e+02 4.510000000000000000e+02
