0.000000000000000000e+00 1.310000000000000000e+02 4.000000000000000000e+00 1.590000000000000000e+02
0.000000000000000000e+00 3.070000000000000000e+02 6.000000000000000000e+00 3.410000000000000000e+02
0.000000000000000000e+00 4.880000000000000000e+02 4.100000000000000000e+01 5.120000000000000000e+02
2.400000000000000000e+01 0.000000000000000000e+00 5.100000000000000000e+01 6.000000000000000000e+00
6.300000000000000000e+01 0.000000000000000000e+00 1.630000000000000000e+02 9.700000000000000000e+01
1.310000000000000000e+02 3.390000000000000000e+02 1.860000000000000000e+02 3.930000000000000000e+02
1.330000000000000000e+02 4.160000000000000000e+02 2.450000000000000000e+02 5.120000000000000000e+02
1.670000000000000000e+02 8.700000000000000000e+01 2.350000000000000000e+02 1.500000000000000000e+02
1.760000000000000000e+02 1.600000000000000000e+02 2.660000000000000000e+02 2.400000000000000000e+02
2.440000000000000000e+02 1.150000000000000000e+02 2.970000000000000000e+02 1.650000000000000000e+02
2.620000000000000000e+02 2.020000000000000000e+02 3.670000000000000000e+02 2.950000000000000000e+02
2.850000000000000000e+02 0.000000000000000000e+00 3.370000000000000000e+02 5.600000000000000000e+01
3.540000000000000000e+02 1.050000000000000000e+02 3.740000000000000000e+02 1.370000000000000000e+02
4.040000000000000000e+02 4.170000000000000000e+02 4.960000000000000000e+02 5.120000000000000000e+02
4.110000000000000000e+02 7.200000000000000000e+01 4.960000000000000000e+02 1.560000000000000000e+02
4.680000000000000000e+02 0.000000000000000000e+00 5.120000000000000000e+02 2.400000000000000000e+01
5.080000000000000000e+02 2.950000000000000000e+02 5.120000000000000000e+02 3.110000000000000000e+02
