0.000000000000000000e+00 4.500000000000000000e+01 3.700000000000000000e+01 1.020000000000000000e+02
2.000000000000000000e+00 4.390000000000000000e+02 3.000000000000000000e+01 4.930000000000000000e+02
6.000000000000000000e+00 9.700000000000000000e+01 6.700000000000000000e+01 1.620000000000000000e+02
1.100000000000000000e+01 2.100000000000000000e+02 8.200000000000000000e+01 3.110000000000000000e+02
9.500000000000000000e+01 2.560000000000000000e+02 1.750000000000000000e+02 3.260000000000000000e+02
1.120000000000000000e+02 1.280000000000000000e+02 1.610000000000000000e+02 1.850000000000000000e+02
2.240000000000000000e+02 4.020000000000000000e+02 2.950000000000000000e+02 5.120000000000000000e+02
2.260000000000000000e+02 0.000000000000000000e+00 3.110000000000000000e+02 9.500000000000000000e+01
3.100000000000000000e+02 1.790000000000000000e+02 3.780000000000000000e+02 2.670000000000000000e+02
3.350000000000000000e+02 3.700000000000000000e+01 3.840000000000000000e+02 9.400000000000000000e+01
3.680000000000000000e+02 2.620000000000000000e+02 4.170000000000000000e+02 3.070000000000000000e+02
4.380000000000000000e+02 0.000000000000000000e+00 5.110000000000000000e+02 7.800000000000000000e+01
4.910000000000000000e+02 9.900000000000000000e+01 5.120000000000000000e+02 1.770000000000000000e+02
