0.000000000000000000e+00 2.070000000000000000e+02 1.800000000000000000e+01 2.610000000000000000e+02
0.000000000000000000e+00 3.010000000000000000e+02 9.200000000000000000e+01 3.840000000000000000e+02
5.000000000000000000e+00 1.500000000000000000e+02 7.000000000000000000e+01 2.160000000000000000e+02
1.500000000000000000e+01 4.010000000000000000e+02 7.900000000000000000e+01 5.120000000000000000e+02
5.200000000000000000e+01 4.900000000000000000e+01 1.300000000000000000e+02 1.230000000000000000e+02
7.400000000000000000e+01 1.960000000000000000e+02 1.370000000000000000e+02 2.610000000000000000e+02
1.360000000000000000e+02 0.000000000000000000e+00 1.700000000000000000e+02 1.000000000000000000e+01
2.090000000000000000e+02 0.000000000000000000e+00 2.990000000000000000e+02 7.600000000000000000e+01
2.280000000000000000e+02 2.250000000000000000e+02 2.930000000000000000e+02 2.930000000000000000e+02
2.340000000000000000e+02 4.010000000000000000e+02 3.630000000000000000e+02 5.120000000000000000e+02
3.060000000000000000e+02 2.580000000000000000e+02 3.620000000000000000e+02 3.240000000000000000e+02
3.330000000000000000e+02 3.170000000000000000e+02 3.890000000000000000e+02 3.610000000000000000e+02
3.400000000000000000e+02 2.000000000000000000e+02 3.990000000000000000e+02 2.600000000000000000e+02
3.620000000000000000e+02 1.040000000000000000e+02 4.380000000000000000e+02 1.760000000000000000e+02
3.790000000000000000e+02 0.000000000000000000e+00 4.690000000000000000e+02 1.150000000000000000e+02
4.210000000000000000e+02 4.740000000000000000e+02 4.890000000000000000e+02 5.120000000000000000e+02
4.950000000000000000e+02 3.390000000000000000e+02 5.120000000000000000e+02 3.850000000000000000e+02
