0.000000000000000000e+00 2.000000000000000000e+00 4.500000000000000000e+01 7.200000000000000000e+01
0.000000000000000000e+00 4.160000000000000000e+02 1.300000000000000000e+01 4.600000000000000000e+02
3.800000000000000000e+01 2.500000000000000000e+02 1.240000000000000000e+02 3.290000000000000000e+02
1.110000000000000000e+02 5.000000000000000000e+01 1.900000000000000000e+02 1.220000000000000000e+02
1.170000000000000000e+02 4.550000000000000000e+02 2.100000000000000000e+02 5.120000000000000000e+02
1.330000000000000000e+02 1.300000000000000000e+02 1.990000000000000000e+02 1.910000000000000000e+02
1.400000000000000000e+02 0.000000000000000000e+00 1.830000000000000000e+02 1.400000000000000000e+01
1.740000000000000000e+02 1.840000000000000000e+02 2.540000000000000000e+02 2.710000000000000000e+02
1.870000000000000000e+02 5.700000000000000000e+01 2.410000000000000000e+02 1.290000000000000000e+02
1.940000000000000000e+02 0.000000000000000000e+00 2.580000000000000000e+02 5.000000000000000000e+01
2.080000000000000000e+02 3.710000000000000000e+02 2.680000000000000000e+02 4.040000000000000000e+02
2.230000000000000000e+02 3.480000000000000000e+02 2.560000000000000000e+02 3.800000000000000000e+02
2.300000000000000000e+02 3.180000000000000000e+02 2.820000000000000000e+02 3.630000000000000000e+02
2.380000000000000000e+02 2.460000000000000000e+02 3.310000000000000000e+02 3.290000000000000000e+02
2.400000000000000000e+02 4.110000000000000000e+02 3.040000000000000000e+02 4.870000000000000000e+02
2.780000000000000000e+02 1.260000000000000000e+02 3.440000000000000000e+02 1.880000000000000000e+02
2.840000000000000000e+02 3.300000000000000000e+02 3.470000000000000000e+02 4.100000000000000000e+02
2.890000000000000000e+02 4.800000000000000000e+02 3.490000000000000000e+02 5.120000000000000000e+02
3.300000000000000000e+02 0.000000000000000000e+00 3.680000000000000000e+02 2.500000000000000000e+01
3.540000000000000000e+02 1.100000000000000000e+01 4.260000000000000000e+02 8.000000000000000000e+01
3.540000000000000000e+02 1.180000000000000000e+02 4.160000000000000000e+02 1.740000000000000000e+02
3.600000000000000000e+02 3.000000000000000000e+02 4.670000000000000000e+02 4.290000000000000000e+02
4.310000000000000000e+02 0.000000000000000000e+00 4.940000000000000000e+02 2.400000000000000000e+01
4.660000000000000000e+02 2.960000000000000000e+02 5.120000000000000000e+02 3.550000000000000000e+02
4.800000000000000000e+02 1.940000000000000000e+02 5.120000000000000000e+02 2.680000000000000000e+02
