1.700000000000000000e+01 1.120000000000000000e+02 5.800000000000000000e+01 1.490000000000000000e+02
4.000000000000000000e+01 1.920000000000000000e+02 8.800000000000000000e+01 2.510000000000000000e+02
1.090000000000000000e+02 1.800000000000000000e+02 1.740000000000000000e+02 2.470000000000000000e+02
1.150000000000000000e+02 2.820000000000000000e+02 1.620000000000000000e+02 3.350000000000000000e+02
1.280000000000000000e+02 0.000000000000000000e+00 1.810000000000000000e+02 2.300000000000000000e+01
1.500000000000000000e+02 4.090000000000000000e+02 1.710000000000000000e+02 4.310000000000000000e+02
1.590000000000000000e+02 2.540000000000000000e+02 2.130000000000000000e+02 3.170000000000000000e+02
1.760000000000000000e+02 1.390000000000000000e+02 2.210000000000000000e+02 1.790000000000000000e+02
2.260000000000000000e+02 5.010000000000000000e+02 2.700000000000000000e+02 5.120000000000000000e+02
2.390000000000000000e+02 3.400000000000000000e+01 3.080000000000000000e+02 8.800000000000000000e+01
2.800000000000000000e+02 4.890000000000000000e+02 3.090000000000000000e+02 5.120000000000000000e+02
2.850000000000000000e+02 7.000000000000000000e+01 3.210000000000000000e+02 1.150000000000000000e+02
3.590000000000000000e+02 3.210000000000000000e+02 4.060000000000000000e+02 3.700000000000000000e+02
3.760000000000000000e+02 1.500000000000000000e+01 4.150000000000000000e+02 6.500000000000000000e+01
3.980000000000000000e+02 4.010000000000000000e+02 4.680000000000000000e+02 4.870000000000000000e+02
4.100000000000000000e+02 0.000000000000000000e+00 4.150000000000000000e+02 1.000000000000000000e+00
4.370000000000000000e+02 0.000000000000000000e+00 4.650000000000000000e+02 2.400000000000000000e+01
4.660000000000000000e+02 0.000000000000000000e+00 5.070000000000000000e+02 6.000000000000000000e+01
