0.000000000000000000e+00 2.990000000000000000e+02 6.000000000000000000e+00 3.220000000000000000e+02
0.000000000000000000e+00 3.510000000000000000e+02 1.600000000000000000e+01 4.000000000000000000e+02
5.900000000000000000e+01 2.720000000000000000e+02 1.450000000000000000e+02 3.510000000000000000e+02
7.500000000000000000e+01 3.930000000000000000e+02 1.830000000000000000e+02 4.960000000000000000e+02
1.380000000000000000e+02 3.000000000000000000e+01 1.860000000000000000e+02 7.700000000000000000e+01
1.490000000000000000e+02 2.520000000000000000e+02 2.120000000000000000e+02 3.230000000000000000e+02
2.290000000000000000e+02 4.470000000000000000e+02 2.960000000000000000e+02 5.120000000000000000e+02
2.340000000000000000e+02 1.770000000000000000e+02 3.050000000000000000e+02 2.500000000000000000e+02
2.480000000000000000e+02 3.260000000000000000e+02 2.830000000000000000e+02 3.630000000000000000e+02
2.740000000000000000e+02 0.000000000000000000e+00 2.910000000000000000e+02 5.000000000000000000e+00
2.980000000000000000e+02 0.000000000000000000e+00 3.490000000000000000e+02 2.600000000000000000e+01
3.440000000000000000e+02 4.570000000000000000e+02 4.150000000000000000e+02 5.120000000000000000e+02
3.810000000000000000e+02 2.600000000000000000e+02 4.720000000000000000e+02 3.120000000000000000e+02
3.890000000000000000e+02 5.400000000000000000e+01 4.620000000000000000e+02 1.250000000000000000e+02
4.680000000000000000e+02 3.000000000000000000e+01 5.120000000000000000e+02 8.700000000000000000e+01
