0.000000000000000000e+00 1.690000000000000000e+02 8.100000000000000000e+01 2.470000000000000000e+02
0.000000000000000000e+00 3.550000000000000000e+02 3.500000000000000000e+01 4.170000000000000000e+02
3.000000000000000000e+00 1.000000000000000000e+00 1.270000000000000000e+02 8.600000000000000000e+01
1.300000000000000000e+01 4.950000000000000000e+02 6.100000000000000000e+01 5.120000000000000000e+02
1.600000000000000000e+01 2.640000000000000000e+02 8.100000000000000000e+01 3.390000000000000000e+02
9.800000000000000000e+01 9.500000000000000000e+01 1.610000000000000000e+02 1.520000000000000000e+02
1.470000000000000000e+02 3.500000000000000000e+02 1.980000000000000000e+02 4.210000000000000000e+02
1.780000000000000000e+02 9.600000000000000000e+01 2.230000000000000000e+02 1.490000000000000000e+02
1.870000000000000000e+02 2.190000000000000000e+02 2.700000000000000000e+02 3.100000000000000000e+02
2.340000000000000000e+02 4.440000000000000000e+02 2.850000000000000000e+02 4.870000000000000000e+02
3.030000000000000000e+02 3.670000000000000000e+02 3.500000000000000000e+02 4.140000000000000000e+02
3.270000000000000000e+02 4.490000000000000000e+02 3.820000000000000000e+02 5.120000000000000000e+02
3.960000000000000000e+02 0.000000000000000000e+00 4.370000000000000000e+02 4.100000000000000000e+01
3.970000000000000000e+02 4.300000000000000000e+02 4.440000000000000000e+02 4.850000000000000000e+02
4.100000000000000000e+02 3.620000000000000000e+02 4.610000000000000000e+02 4.230000000000000000e+02
4.270000000000000000e+02 2.350000000000000000e+02 4.680000000000000000e+02 2.860000000000000000e+02
4.800000000000000000e+02 1.840000000000000000e+02 5.120000000000000000e+02 2.540000000000000000e+02
4.910000000000000000e+02 5.400000000000000000e+01 5.120000000000000000e+02 1.100000000000000000e+02
