0.000000000000000000e+00 1.430000000000000000e+02 1.210000000000000000e+02 2.720000000000000000e+02
2.700000000000000000e+01 0.000000000000000000e+00 1.150000000000000000e+02 9.500000000000000000e+01
7.700000000000000000e+01 2.350000000000000000e+02 1.770000000000000000e+02 3.320000000000000000e+02
8.100000000000000000e+01 4.060000000000000000e+02 1.630000000000000000e+02 4.870000000000000000e+02
1.040000000000000000e+02 0.000000000000000000e+00 1.820000000000000000e+02 4.700000000000000000e+01
1.370000000000000000e+02 1.470000000000000000e+02 2.140000000000000000e+02 2.290000000000000000e+02
1.980000000000000000e+02 7.200000000000000000e+01 2.420000000000000000e+02 1.250000000000000000e+02
2.220000000000000000e+02 1.200000000000000000e+01 2.650000000000000000e+02 6.000000000000000000e+01
2.300000000000000000e+02 4.190000000000000000e+02 2.900000000000000000e+02 4.970000000000000000e+02
2.310000000000000000e+02 2.150000000000000000e+02 2.750000000000000000e+02 2.620000000000000000e+02
2.480000000000000000e+02 1.550000000000000000e+02 3.290000000000000000e+02 2.330000000000000000e+02
2.640000000000000000e+02 0.000000000000000000e+00 3.050000000000000000e+02 2.700000000000000000e+01
2.750000000000000000e+02 2.950000000000000000e+02 2.980000000000000000e+02 3.360000000000000000e+02
2.810000000000000000e+02 4.160000000000000000e+02 3.280000000000000000e+02 4.690000000000000000e+02
3.020000000000000000e+02 7.400000000000000000e+01 3.430000000000000000e+02 1.180000000000000000e+02
3.150000000000000000e+02 0.000000000000000000e+00 3.350000000000000000e+02 5.000000000000000000e+00
3.290000000000000000e+02 3.760000000000000000e+02 3.810000000000000000e+02 4.270000000000000000e+02
3.390000000000000000e+02 1.210000000000000000e+02 3.960000000000000000e+02 1.700000000000000000e+02
3.570000000000000000e+02 1.790000000000000000e+02 4.270000000000000000e+02 2.520000000000000000e+02
4.160000000000000000e+02 3.780000000000000000e+02 4.670000000000000000e+02 4.360000000000000000e+02
4.180000000000000000e+02 2.670000000000000000e+02 4.470000000000000000e+02 3.050000000000000000e+02
4.300000000000000000e+02 9.100000000000000000e+01 4.820000000000000000e+02 1.430000000000000000e+02
4.320000000000000000e+02 0.000000000000000000e+00 4.660000000000000000e+02 1.600000000000000000e+01
4.460000000000000000e+02 4.910000000000000000e+02 4.860000000000000000e+02 5.120000000000000000e+02
4.600000000000000000e+02 2.700000000000000000e+01 5.020000000000000000e+02 6.100000000000000000e+01
4.740000000000000000e+02 2.040000000000000000e+02 5.110000000000000000e+02 2.570000000000000000e+02
4.810000000000000000e+02 0.000000000000000000e+00 5.120000000000000000e+02 4.300000000000000000e+01
