0.000000000000000000e+00 5.600000000000000000e+01 8.000000000000000000e+00 8.900000000000000000e+01
3.600000000000000000e+01 3.810000000000000000e+02 1.230000000000000000e+02 4.680000000000000000e+02
6.500000000000000000e+01 0.000000000000000000e+00 1.550000000000000000e+02 6.500000000000000000e+01
1.260000000000000000e+02 7.500000000000000000e+01 2.240000000000000000e+02 1.670000000000000000e+02
1.260000000000000000e+02 5.050000000000000000e+02 1.460000000000000000e+02 5.120000000000000000e+02
2.010000000000000000e+02 1.550000000000000000e+02 2.830000000000000000e+02 2.380000000000000000e+02
2.090000000000000000e+02 0.000000000000000000e+00 2.530000000000000000e+02 1.000000000000000000e+01
2.190000000000000000e+02 4.530000000000000000e+02 2.930000000000000000e+02 5.120000000000000000e+02
2.250000000000000000e+02 2.590000000000000000e+02 3.240000000000000000e+02 3.540000000000000000e+02
2.630000000000000000e+02 0.000000000000000000e+00 3.980000000000000000e+02 1.110000000000000000e+02
2.770000000000000000e+02 4.230000000000000000e+02 3.430000000000000000e+02 4.900000000000000000e+02
3.510000000000000000e+02 4.940000000000000000e+02 3.970000000000000000e+02 5.120000000000000000e+02
3.690000000000000000e+02 3.430000000000000000e+02 4.390000000000000000e+02 4.580000000000000000e+02
4.490000000000000000e+02 6.100000000000000000e+01 5.120000000000000000e+02 1.450000000000000000e+02
4.820000000000000000e+02 3.870000000000000000e+02 5.120000000000000000e+02 4.320000000000000000e+02
5.050000000000000000e+02 1.580000000000000000e+02 5.120000000000000000e+02 1.780000000000000000e+02
