0.000000000000000000e+00 0.000000000000000000e+00 5.300000000000000000e+01 7.800000000000000000e+01
0.000000000000000000e+00 2.740000000000000000e+02 3.800000000000000000e+01 3.220000000000000000e+02
4.000000000000000000e+01 9.100000000000000000e+01 8.600000000000000000e+01 1.350000000000000000e+02
7.300000000000000000e+01 4.240000000000000000e+02 1.460000000000000000e+02 4.990000000000000000e+02
1.230000000000000000e+02 9.100000000000000000e+01 1.890000000000000000e+02 1.650000000000000000e+02
1.510000000000000000e+02 0.000000000000000000e+00 2.050000000000000000e+02 4.200000000000000000e+01
1.880000000000000000e+02 2.880000000000000000e+02 2.590000000000000000e+02 3.570000000000000000e+02
1.920000000000000000e+02 4.660000000000000000e+02 2.300000000000000000e+02 5.040000000000000000e+02
2.640000000000000000e+02 4.270000000000000000e+02 3.100000000000000000e+02 4.710000000000000000e+02
2.800000000000000000e+02 4.790000000000000000e+02 3.140000000000000000e+02 5.120000000000000000e+02
3.020000000000000000e+02 0.000000000000000000e+00 3.670000000000000000e+02 7.400000000000000000e+01
3.120000000000000000e+02 1.720000000000000000e+02 3.570000000000000000e+02 2.160000000000000000e+02
3.260000000000000000e+02 3.330000000000000000e+02 3.770000000000000000e+02 3.820000000000000000e+02
3.440000000000000000e+02 2.740000000000000000e+02 4.080000000000000000e+02 3.360000000000000000e+02
3.870000000000000000e+02 2.120000000000000000e+02 4.460000000000000000e+02 2.640000000000000000e+02
4.640000000000000000e+02 2.990000000000000000e+02 5.120000000000000000e+02 3.540000000000000000e+02
4.700000000000000000e+02 2.130000000000000000e+02 5.120000000000000000e+02 2.840000000000000000e+02
4.860000000000000000e+02 0.000000000000000000e+00 5.120000000000000000e+02 2.500000000000000000e+01
