0.000000000000000000e+00 3.080000000000000000e+02 1.100000000000000000e+01 3.450000000000000000e+02
1.300000000000000000e+01 2.970000000000000000e+02 3.800000000000000000e+01 3.350000000000000000e+02
3.100000000000000000e+01 4.000000000000000000e+02 1.400000000000000000e+02 4.760000000000000000e+02
4.100000000000000000e+01 2.710000000000000000e+02 8.000000000000000000e+01 3.260000000000000000e+02
4.700000000000000000e+01 6.700000000000000000e+01 9.700000000000000000e+01 1.110000000000000000e+02
1.460000000000000000e+02 2.410000000000000000e+02 1.960000000000000000e+02 2.880000000000000000e+02
1.890000000000000000e+02 0.000000000000000000e+00 2.220000000000000000e+02 9.000000000000000000e+00
2.100000000000000000e+02 8.300000000000000000e+01 2.880000000000000000e+02 1.600000000000000000e+02
2.590000000000000000e+02 2.290000000000000000e+02 2.910000000000000000e+02 2.530000000000000000e+02
2.590000000000000000e+02 2.930000000000000000e+02 2.750000000000000000e+02 3.050000000000000000e+02
3.160000000000000000e+02 4.180000000000000000e+02 3.760000000000000000e+02 4.570000000000000000e+02
3.570000000000000000e+02 6.000000000000000000e+01 3.980000000000000000e+02 1.080000000000000000e+02
3.950000000000000000e+02 3.950000000000000000e+02 4.660000000000000000e+02 4.740000000000000000e+02
4.270000000000000000e+02 1.120000000000000000e+02 5.120000000000000000e+02 1.680000000000000000e+02
4.320000000000000000e+02 1.670000000000000000e+02 5.120000000000000000e+02 2.590000000000000000e+02
