0.000000000000000000e+00 5.010000000000000000e+02 1.200000000000000000e+01 5.110000000000000000e+02
1.000000000000000000e+00 2.460000000000000000e+02 5.100000000000000000e+01 3.220000000000000000e+02
2.000000000000000000e+00 2.700000000000000000e+01 9.500000000000000000e+01 1.010000000000000000e+02
3.000000000000000000e+00 3.410000000000000000e+02 2.600000000000000000e+01 3.890000000000000000e+02
7.000000000000000000e+00 1.920000000000000000e+02 5.400000000000000000e+01 2.390000000000000000e+02
4.100000000000000000e+01 4.590000000000000000e+02 1.100000000000000000e+02 5.120000000000000000e+02
5.800000000000000000e+01 2.920000000000000000e+02 1.310000000000000000e+02 3.670000000000000000e+02
7.100000000000000000e+01 0.000000000000000000e+00 1.530000000000000000e+02 6.800000000000000000e+01
1.010000000000000000e+02 1.680000000000000000e+02 2.000000000000000000e+02 2.530000000000000000e+02
1.600000000000000000e+02 2.610000000000000000e+02 2.270000000000000000e+02 3.140000000000000000e+02
2.290000000000000000e+02 3.820000000000000000e+02 3.140000000000000000e+02 4.670000000000000000e+02
2.330000000000000000e+02 1.790000000000000000e+02 4.220000000000000000e+02 2.940000000000000000e+02
4.410000000000000000e+02 2.790000000000000000e+02 5.080000000000000000e+02 3.520000000000000000e+02
4.710000000000000000e+02 3.300000000000000000e+01 5.120000000000000000e+02 1.100000000000000000e+02
