8.400000000000000000e+01 2.640000000000000000e+02 1.500000000000000000e+02 3.270000000000000000e+02
1.280000000000000000e+02 0.000000000000000000e+00 1.450000000000000000e+02 2.000000000000000000e+00
1.710000000000000000e+02 5.800000000000000000e+01 2.430000000000000000e+02 1.180000000000000000e+02
1.840000000000000000e+02 1.870000000000000000e+02 2.410000000000000000e+02 2.440000000000000000e+02
1.910000000000000000e+02 2.880000000000000000e+02 2.250000000000000000e+02 3.240000000000000000e+02
2.690000000000000000e+02 4.050000000000000000e+02 3.240000000000000000e+02 4.360000000000000000e+02
2.770000000000000000e+02 0.000000000000000000e+00 3.340000000000000000e+02 2.800000000000000000e+01
3.330000000000000000e+02 4.250000000000000000e+02 3.690000000000000000e+02 4.560000000000000000e+02
4.200000000000000000e+02 3.080000000000000000e+02 4.810000000000000000e+02 3.780000000000000000e+02
4.300000000000000000e+02 2.150000000000000000e+02 4.740000000000000000e+02 2.590000000000000000e+02
4.770000000000000000e+02 2.400000000000000000e+01 5.120000000000000000e+02 9.100000000000000000e+01
