4.000000000000000000e+00 4.330000000000000000e+02 3.400000000000000000e+01 4.900000000000000000e+02
6.000000000000000000e+00 5.700000000000000000e+01 2.900000000000000000e+01 1.090000000000000000e+02
3.200000000000000000e+01 3.670000000000000000e+02 1.080000000000000000e+02 4.570000000000000000e+02
3.500000000000000000e+01 3.150000000000000000e+02 7.800000000000000000e+01 3.520000000000000000e+02
1.090000000000000000e+02 4.730000000000000000e+02 1.890000000000000000e+02 5.120000000000000000e+02
1.880000000000000000e+02 4.240000000000000000e+02 2.370000000000000000e+02 4.850000000000000000e+02
1.890000000000000000e+02 2.190000000000000000e+02 2.540000000000000000e+02 2.940000000000000000e+02
2.030000000000000000e+02 3.700000000000000000e+02 2.300000000000000000e+02 3.970000000000000000e+02
2.390000000000000000e+02 0.000000000000000000e+00 3.620000000000000000e+02 5.700000000000000000e+01
2.570000000000000000e+02 3.700000000000000000e+02 2.800000000000000000e+02 3.950000000000000000e+02
2.600000000000000000e+02 8.700000000000000000e+01 3.110000000000000000e+02 1.420000000000000000e+02
2.970000000000000000e+02 4.130000000000000000e+02 3.300000000000000000e+02 4.620000000000000000e+02
3.600000000000000000e+02 4.310000000000000000e+02 3.910000000000000000e+02 4.660000000000000000e+02
3.780000000000000000e+02 6.300000000000000000e+01 4.450000000000000000e+02 1.640000000000000000e+02
4.590000000000000000e+02 1.720000000000000000e+02 5.110000000000000000e+02 2.310000000000000000e+02
4.910000000000000000e+02 2.580000000000000000e+02 5.110000000000000000e+02 3.230000000000000000e+02
