4.000000000000000000e+00 5.900000000000000000e+01 6.300000000000000000e+01 1.470000000000000000e+02
4.000000000000000000e+00 1.650000000000000000e+02 6.800000000000000000e+01 2.480000000000000000e+02
7.200000000000000000e+01 2.510000000000000000e+02 1.180000000000000000e+02 2.980000000000000000e+02
1.070000000000000000e+02 2.000000000000000000e+00 1.770000000000000000e+02 6.800000000000000000e+01
1.390000000000000000e+02 3.790000000000000000e+02 1.980000000000000000e+02 4.400000000000000000e+02
1.510000000000000000e+02 2.620000000000000000e+02 2.330000000000000000e+02 3.490000000000000000e+02
1.750000000000000000e+02 0.000000000000000000e+00 2.370000000000000000e+02 4.200000000000000000e+01
2.080000000000000000e+02 3.120000000000000000e+02 2.950000000000000000e+02 4.010000000000000000e+02
2.420000000000000000e+02 4.230000000000000000e+02 3.020000000000000000e+02 4.810000000000000000e+02
3.340000000000000000e+02 0.000000000000000000e+00 4.130000000000000000e+02 6.300000000000000000e+01
3.380000000000000000e+02 4.130000000000000000e+02 4.190000000000000000e+02 4.920000000000000000e+02
3.480000000000000000e+02 5.110000000000000000e+02 3.500000000000000000e+02 5.120000000000000000e+02
4.070000000000000000e+02 1.430000000000000000e+02 4.820000000000000000e+02 2.260000000000000000e+02
4.190000000000000000e+02 3.030000000000000000e+02 4.860000000000000000e+02 3.710000000000000000e+02
4.800000000000000000e+02 1.490000000000000000e+02 5.120000000000000000e+02 2.190000000000000000e+02
