0.000000000000000000e+00 1.490000000000000000e+02 2.600000000000000000e+01 2.160000000000000000e+02
4.600000000000000000e+01 1.030000000000000000e+02 1.510000000000000000e+02 1.960000000000000000e+02
5.600000000000000000e+01 3.330000000000000000e+02 1.080000000000000000e+02 3.830000000000000000e+02
5.800000000000000000e+01 4.000000000000000000e+01 1.470000000000000000e+02 1.120000000000000000e+02
1.290000000000000000e+02 3.820000000000000000e+02 1.810000000000000000e+02 4.340000000000000000e+02
1.590000000000000000e+02 2.790000000000000000e+02 2.290000000000000000e+02 3.540000000000000000e+02
2.080000000000000000e+02 0.000000000000000000e+00 2.880000000000000000e+02 6.200000000000000000e+01
2.880000000000000000e+02 2.350000000000000000e+02 3.450000000000000000e+02 2.890000000000000000e+02
3.510000000000000000e+02 3.710000000000000000e+02 4.920000000000000000e+02 5.120000000000000000e+02
3.770000000000000000e+02 1.110000000000000000e+02 4.210000000000000000e+02 1.530000000000000000e+02
4.050000000000000000e+02 6.400000000000000000e+01 4.540000000000000000e+02 1.120000000000000000e+02
4.830000000000000000e+02 0.000000000000000000e+00 5.120000000000000000e+02 2.400000000000000000e+01
4.980000000000000000e+02 3.130000000000000000e+02 5.120000000000000000e+02 3.500000000000000000e+02
5.000000000000000000e+02 1.500000000000000000e+02 5.120000000000000000e+02 1.880000000000000000e+02
