0.000000000000000000e+00 1.000000000000000000e+00 4.500000000000000000e+01 2.700000000000000000e+01
0.000000000000000000e+00 3.720000000000000000e+02 7.200000000000000000e+01 4.410000000000000000e+02
8.000000000000000000e+01 1.200000000000000000e+01 1.640000000000000000e+02 1.070000000000000000e+02
1.010000000000000000e+02 3.700000000000000000e+02 1.760000000000000000e+02 4.490000000000000000e+02
1.750000000000000000e+02 9.000000000000000000e+00 2.900000000000000000e+02 1.130000000000000000e+02
1.850000000000000000e+02 3.480000000000000000e+02 2.760000000000000000e+02 4.400000000000000000e+02
2.770000000000000000e+02 2.780000000000000000e+02 3.440000000000000000e+02 3.380000000000000000e+02
2.900000000000000000e+02 3.430000000000000000e+02 3.920000000000000000e+02 4.280000000000000000e+02
2.970000000000000000e+02 3.700000000000000000e+01 3.540000000000000000e+02 1.040000000000000000e+02
3.030000000000000000e+02 2.290000000000000000e+02 3.490000000000000000e+02 2.750000000000000000e+02
3.350000000000000000e+02 2.560000000000000000e+02 4.040000000000000000e+02 3.170000000000000000e+02
4.240000000000000000e+02 3.600000000000000000e+02 4.990000000000000000e+02 4.360000000000000000e+02
4.260000000000000000e+02 0.000000000000000000e+00 4.750000000000000000e+02 2.100000000000000000e+01
4.630000000000000000e+02 1.540000000000000000e+02 5.120000000000000000e+02 2.240000000000000000e+02
