0.000000000000000000e+00 2.240000000000000000e+02 1.100000000000000000e+02 2.950000000000000000e+02
1.900000000000000000e+01 2.000000000000000000e+00 7.300000000000000000e+01 3.000000000000000000e+01
1.860000000000000000e+02 9.500000000000000000e+01 2.560000000000000000e+02 1.750000000000000000e+02
2.010000000000000000e+02 1.100000000000000000e+01 3.020000000000000000e+02 8.200000000000000000e+01
2.050000000000000000e+02 3.680000000000000000e+02 2.500000000000000000e+02 4.170000000000000000e+02
2.450000000000000000e+02 3.100000000000000000e+02 3.330000000000000000e+02 3.780000000000000000e+02
3.270000000000000000e+02 1.120000000000000000e+02 3.840000000000000000e+02 1.610000000000000000e+02
3.350000000000000000e+02 4.910000000000000000e+02 4.130000000000000000e+02 5.120000000000000000e+02
3.500000000000000000e+02 6.000000000000000000e+00 4.150000000000000000e+02 6.700000000000000000e+01
4.100000000000000000e+02 0.000000000000000000e+00 4.670000000000000000e+02 3.700000000000000000e+01
4.170000000000000000e+02 2.260000000000000000e+02 5.120000000000000000e+02 3.110000000000000000e+02
4.180000000000000000e+02 3.350000000000000000e+02 4.750000000000000000e+02 3.840000000000000000e+02
4.340000000000000000e+02 4.380000000000000000e+02 5.120000000000000000e+02 5.110000000000000000e+02
