3.900000000000000000e+01 4.900000000000000000e+02 8.400000000000000000e+01 5.110000000000000000e+02
5.100000000000000000e+01 2.020000000000000000e+02 7.600000000000000000e+01 2.350000000000000000e+02
9.100000000000000000e+01 1.780000000000000000e+02 1.780000000000000000e+02 2.650000000000000000e+02
1.270000000000000000e+02 4.860000000000000000e+02 1.750000000000000000e+02 5.110000000000000000e+02
1.730000000000000000e+02 2.350000000000000000e+02 2.490000000000000000e+02 3.720000000000000000e+02
2.090000000000000000e+02 4.930000000000000000e+02 2.490000000000000000e+02 5.120000000000000000e+02
2.910000000000000000e+02 1.000000000000000000e+00 3.510000000000000000e+02 7.300000000000000000e+01
3.710000000000000000e+02 1.610000000000000000e+02 4.280000000000000000e+02 2.280000000000000000e+02
3.900000000000000000e+02 2.450000000000000000e+02 4.610000000000000000e+02 3.360000000000000000e+02
4.380000000000000000e+02 4.590000000000000000e+02 4.780000000000000000e+02 5.120000000000000000e+02
4.720000000000000000e+02 4.280000000000000000e+02 5.110000000000000000e+02 4.710000000000000000e+02
4.800000000000000000e+02 2.580000000000000000e+02 5.120000000000000000e+02 3.310000000000000000e+02
