0.000000000000000000e+00 1.170000000000000000e+02 9.500000000000000000e+01 1.920000000000000000e+02
0.000000000000000000e+00 3.910000000000000000e+02 5.200000000000000000e+01 4.620000000000000000e+02
3.600000000000000000e+01 2.780000000000000000e+02 8.700000000000000000e+01 3.290000000000000000e+02
1.010000000000000000e+02 2.220000000000000000e+02 1.720000000000000000e+02 2.910000000000000000e+02
1.040000000000000000e+02 2.500000000000000000e+01 1.870000000000000000e+02 1.080000000000000000e+02
1.420000000000000000e+02 2.000000000000000000e+00 2.070000000000000000e+02 2.600000000000000000e+01
1.420000000000000000e+02 2.880000000000000000e+02 2.170000000000000000e+02 3.590000000000000000e+02
1.590000000000000000e+02 1.080000000000000000e+02 2.180000000000000000e+02 1.690000000000000000e+02
2.010000000000000000e+02 3.650000000000000000e+02 2.640000000000000000e+02 4.280000000000000000e+02
2.400000000000000000e+02 4.370000000000000000e+02 2.930000000000000000e+02 4.900000000000000000e+02
2.470000000000000000e+02 2.430000000000000000e+02 3.400000000000000000e+02 3.830000000000000000e+02
2.510000000000000000e+02 2.000000000000000000e+00 2.870000000000000000e+02 2.100000000000000000e+01
2.980000000000000000e+02 1.380000000000000000e+02 3.610000000000000000e+02 1.990000000000000000e+02
3.010000000000000000e+02 1.900000000000000000e+01 3.720000000000000000e+02 9.000000000000000000e+01
3.030000000000000000e+02 4.630000000000000000e+02 3.760000000000000000e+02 5.120000000000000000e+02
3.440000000000000000e+02 2.000000000000000000e+00 4.460000000000000000e+02 3.100000000000000000e+01
3.930000000000000000e+02 3.730000000000000000e+02 4.520000000000000000e+02 4.320000000000000000e+02
3.990000000000000000e+02 5.200000000000000000e+01 4.500000000000000000e+02 1.010000000000000000e+02
4.100000000000000000e+02 2.600000000000000000e+02 5.120000000000000000e+02 3.510000000000000000e+02
4.430000000000000000e+02 1.310000000000000000e+02 5.120000000000000000e+02 2.090000000000000000e+02
4.940000000000000000e+02 2.000000000000000000e+00 5.110000000000000000e+02 1.500000000000000000e+01
