1.000000000000000000e+01 1.000000000000000000e+00 5.800000000000000000e+01 5.100000000000000000e+01
1.090000000000000000e+02 1.000000000000000000e+02 1.960000000000000000e+02 1.870000000000000000e+02
1.130000000000000000e+02 4.170000000000000000e+02 1.620000000000000000e+02 4.630000000000000000e+02
1.410000000000000000e+02 3.790000000000000000e+02 3.040000000000000000e+02 5.120000000000000000e+02
2.050000000000000000e+02 1.080000000000000000e+02 2.700000000000000000e+02 1.880000000000000000e+02
2.320000000000000000e+02 2.790000000000000000e+02 2.940000000000000000e+02 3.460000000000000000e+02
2.570000000000000000e+02 3.900000000000000000e+01 3.600000000000000000e+02 1.430000000000000000e+02
2.850000000000000000e+02 1.610000000000000000e+02 3.380000000000000000e+02 2.160000000000000000e+02
2.940000000000000000e+02 0.000000000000000000e+00 3.150000000000000000e+02 5.000000000000000000e+00
3.520000000000000000e+02 4.800000000000000000e+02 3.950000000000000000e+02 5.120000000000000000e+02
4.240000000000000000e+02 2.840000000000000000e+02 5.120000000000000000e+02 3.690000000000000000e+02
4.400000000000000000e+02 4.890000000000000000e+02 4.980000000000000000e+02 5.120000000000000000e+02
4.860000000000000000e+02 6.800000000000000000e+01 5.120000000000000000e+02 1.240000000000000000e+02
