0.000000000000000000e+00 5.000000000000000000e+01 1.100000000000000000e+01 7.300000000000000000e+01
0.000000000000000000e+00 1.510000000000000000e+02 1.500000000000000000e+02 4.730000000000000000e+02
1.850000000000000000e+02 0.000000000000000000e+00 2.080000000000000000e+02 6.000000000000000000e+00
1.920000000000000000e+02 1.760000000000000000e+02 2.630000000000000000e+02 2.370000000000000000e+02
2.490000000000000000e+02 4.660000000000000000e+02 3.060000000000000000e+02 5.120000000000000000e+02
2.660000000000000000e+02 2.640000000000000000e+02 3.070000000000000000e+02 3.050000000000000000e+02
3.060000000000000000e+02 5.040000000000000000e+02 3.410000000000000000e+02 5.120000000000000000e+02
3.350000000000000000e+02 2.430000000000000000e+02 4.040000000000000000e+02 3.120000000000000000e+02
3.610000000000000000e+02 3.500000000000000000e+02 4.300000000000000000e+02 4.150000000000000000e+02
3.750000000000000000e+02 0.000000000000000000e+00 4.280000000000000000e+02 1.800000000000000000e+01
4.400000000000000000e+02 2.360000000000000000e+02 5.010000000000000000e+02 3.110000000000000000e+02
4.590000000000000000e+02 3.900000000000000000e+01 5.120000000000000000e+02 9.300000000000000000e+01
4.620000000000000000e+02 3.400000000000000000e+02 5.050000000000000000e+02 3.730000000000000000e+02
5.070000000000000000e+02 3.770000000000000000e+02 5.120000000000000000e+02 3.950000000000000000e+02
