4.000000000000000000e+00 3.100000000000000000e+01 5.500000000000000000e+01 9.000000000000000000e+01
4.300000000000000000e+01 8.800000000000000000e+01 8.400000000000000000e+01 1.310000000000000000e+02
1.470000000000000000e+02 1.450000000000000000e+02 2.130000000000000000e+02 2.840000000000000000e+02
1.700000000000000000e+02 3.670000000000000000e+02 2.170000000000000000e+02 4.260000000000000000e+02
2.080000000000000000e+02 1.700000000000000000e+02 2.450000000000000000e+02 2.290000000000000000e+02
2.360000000000000000e+02 0.000000000000000000e+00 3.110000000000000000e+02 7.700000000000000000e+01
2.710000000000000000e+02 3.620000000000000000e+02 3.220000000000000000e+02 4.150000000000000000e+02
3.380000000000000000e+02 3.850000000000000000e+02 4.620000000000000000e+02 5.120000000000000000e+02
3.650000000000000000e+02 1.180000000000000000e+02 4.480000000000000000e+02 2.010000000000000000e+02
3.880000000000000000e+02 3.350000000000000000e+02 4.390000000000000000e+02 3.800000000000000000e+02
4.780000000000000000e+02 2.800000000000000000e+01 5.120000000000000000e+02 1.090000000000000000e+02
4.840000000000000000e+02 3.270000000000000000e+02 5.120000000000000000e+02 3.840000000000000000e+02
