0.000000000000000000e+00 3.000000000000000000e+01 3.600000000000000000e+01 1.090000000000000000e+02
8.000000000000000000e+00 2.710000000000000000e+02 1.140000000000000000e+02 3.670000000000000000e+02
3.600000000000000000e+01 1.730000000000000000e+02 7.200000000000000000e+01 2.130000000000000000e+02
4.900000000000000000e+01 0.000000000000000000e+00 9.200000000000000000e+01 2.200000000000000000e+01
9.400000000000000000e+01 1.370000000000000000e+02 1.190000000000000000e+02 1.730000000000000000e+02
9.500000000000000000e+01 3.100000000000000000e+01 1.560000000000000000e+02 8.700000000000000000e+01
1.290000000000000000e+02 4.740000000000000000e+02 1.980000000000000000e+02 5.120000000000000000e+02
1.610000000000000000e+02 2.470000000000000000e+02 2.090000000000000000e+02 2.980000000000000000e+02
1.630000000000000000e+02 2.000000000000000000e+00 2.220000000000000000e+02 3.500000000000000000e+01
2.320000000000000000e+02 3.740000000000000000e+02 2.840000000000000000e+02 4.600000000000000000e+02
2.710000000000000000e+02 1.540000000000000000e+02 3.280000000000000000e+02 2.050000000000000000e+02
3.670000000000000000e+02 1.270000000000000000e+02 4.350000000000000000e+02 1.820000000000000000e+02
4.350000000000000000e+02 4.760000000000000000e+02 5.120000000000000000e+02 5.120000000000000000e+02
4.630000000000000000e+02 3.700000000000000000e+02 5.120000000000000000e+02 4.360000000000000000e+02
