0.000000000000000000e+00 1.330000000000000000e+02 1.400000000000000000e+01 1.970000000000000000e+02
0.000000000000000000e+00 4.350000000000000000e+02 4.200000000000000000e+01 5.120000000000000000e+02
2.600000000000000000e+01 3.810000000000000000e+02 8.400000000000000000e+01 4.360000000000000000e+02
2.800000000000000000e+01 3.200000000000000000e+02 5.800000000000000000e+01 3.440000000000000000e+02
6.200000000000000000e+01 1.080000000000000000e+02 9.700000000000000000e+01 1.320000000000000000e+02
7.600000000000000000e+01 1.410000000000000000e+02 1.350000000000000000e+02 2.120000000000000000e+02
9.300000000000000000e+01 2.200000000000000000e+01 1.320000000000000000e+02 7.100000000000000000e+01
1.230000000000000000e+02 4.780000000000000000e+02 1.390000000000000000e+02 4.950000000000000000e+02
1.630000000000000000e+02 2.820000000000000000e+02 2.090000000000000000e+02 3.310000000000000000e+02
1.920000000000000000e+02 2.010000000000000000e+02 2.390000000000000000e+02 2.530000000000000000e+02
1.990000000000000000e+02 1.480000000000000000e+02 2.220000000000000000e+02 1.690000000000000000e+02
2.130000000000000000e+02 4.760000000000000000e+02 2.350000000000000000e+02 5.080000000000000000e+02
2.530000000000000000e+02 3.780000000000000000e+02 2.960000000000000000e+02 4.310000000000000000e+02
2.780000000000000000e+02 0.000000000000000000e+00 3.400000000000000000e+02 4.100000000000000000e+01
3.110000000000000000e+02 4.470000000000000000e+02 3.670000000000000000e+02 5.040000000000000000e+02
3.350000000000000000e+02 7.400000000000000000e+01 4.080000000000000000e+02 1.430000000000000000e+02
4.420000000000000000e+02 0.000000000000000000e+00 4.830000000000000000e+02 5.000000000000000000e+00
4.790000000000000000e+02 1.730000000000000000e+02 5.120000000000000000e+02 2.180000000000000000e+02
