0.000000000000000000e+00 9.700000000000000000e+01 1.400000000000000000e+01 1.380000000000000000e+02
0.000000000000000000e+00 4.120000000000000000e+02 4.700000000000000000e+01 4.750000000000000000e+02
2.480000000000000000e+02 4.400000000000000000e+01 3.070000000000000000e+02 1.050000000000000000e+02
2.500000000000000000e+02 1.970000000000000000e+02 3.380000000000000000e+02 3.060000000000000000e+02
2.890000000000000000e+02 1.100000000000000000e+02 3.360000000000000000e+02 1.730000000000000000e+02
3.050000000000000000e+02 3.650000000000000000e+02 3.640000000000000000e+02 4.380000000000000000e+02
3.970000000000000000e+02 2.770000000000000000e+02 4.380000000000000000e+02 3.100000000000000000e+02
4.090000000000000000e+02 3.880000000000000000e+02 4.420000000000000000e+02 4.270000000000000000e+02
4.320000000000000000e+02 2.000000000000000000e+02 4.910000000000000000e+02 2.790000000000000000e+02
4.480000000000000000e+02 1.080000000000000000e+02 4.870000000000000000e+02 1.490000000000000000e+02
