5.600000000000000000e+01 1.430000000000000000e+02 8.700000000000000000e+01 1.790000000000000000e+02
7.600000000000000000e+01 1.880000000000000000e+02 1.070000000000000000e+02 2.430000000000000000e+02
1.340000000000000000e+02 3.100000000000000000e+01 2.040000000000000000e+02 9.200000000000000000e+01
1.850000000000000000e+02 3.620000000000000000e+02 2.480000000000000000e+02 4.280000000000000000e+02
1.880000000000000000e+02 2.870000000000000000e+02 2.240000000000000000e+02 3.210000000000000000e+02
2.530000000000000000e+02 3.800000000000000000e+01 2.970000000000000000e+02 8.200000000000000000e+01
2.680000000000000000e+02 2.710000000000000000e+02 3.250000000000000000e+02 3.280000000000000000e+02
3.940000000000000000e+02 2.690000000000000000e+02 4.540000000000000000e+02 3.410000000000000000e+02
4.210000000000000000e+02 0.000000000000000000e+00 4.880000000000000000e+02 3.500000000000000000e+01
4.840000000000000000e+02 1.780000000000000000e+02 5.120000000000000000e+02 2.350000000000000000e+02
5.100000000000000000e+02 3.670000000000000000e+02 5.120000000000000000e+02 3.840000000000000000e+02
