0.000000000000000000e+00 1.470000000000000000e+02 5.000000000000000000e+01 2.270000000000000000e+02
3.200000000000000000e+01 1.100000000000000000e+01 9.500000000000000000e+01 7.600000000000000000e+01
3.900000000000000000e+01 3.450000000000000000e+02 1.140000000000000000e+02 4.240000000000000000e+02
6.900000000000000000e+01 1.870000000000000000e+02 1.260000000000000000e+02 2.520000000000000000e+02
7.700000000000000000e+01 9.100000000000000000e+01 1.320000000000000000e+02 1.540000000000000000e+02
1.100000000000000000e+02 2.950000000000000000e+02 2.510000000000000000e+02 4.170000000000000000e+02
1.380000000000000000e+02 4.570000000000000000e+02 1.850000000000000000e+02 5.060000000000000000e+02
1.460000000000000000e+02 1.940000000000000000e+02 1.890000000000000000e+02 2.350000000000000000e+02
1.610000000000000000e+02 0.000000000000000000e+00 2.620000000000000000e+02 6.500000000000000000e+01
1.610000000000000000e+02 8.600000000000000000e+01 2.180000000000000000e+02 1.450000000000000000e+02
2.540000000000000000e+02 1.980000000000000000e+02 3.510000000000000000e+02 3.050000000000000000e+02
2.640000000000000000e+02 2.200000000000000000e+01 3.110000000000000000e+02 7.900000000000000000e+01
2.940000000000000000e+02 3.510000000000000000e+02 3.350000000000000000e+02 4.060000000000000000e+02
3.000000000000000000e+02 1.330000000000000000e+02 3.710000000000000000e+02 2.040000000000000000e+02
3.280000000000000000e+02 0.000000000000000000e+00 3.570000000000000000e+02 1.500000000000000000e+01
3.370000000000000000e+02 3.270000000000000000e+02 4.060000000000000000e+02 3.960000000000000000e+02
3.600000000000000000e+02 4.690000000000000000e+02 4.380000000000000000e+02 5.100000000000000000e+02
4.110000000000000000e+02 1.300000000000000000e+01 4.600000000000000000e+02 6.600000000000000000e+01
4.140000000000000000e+02 1.600000000000000000e+02 4.610000000000000000e+02 2.190000000000000000e+02
4.770000000000000000e+02 4.830000000000000000e+02 5.100000000000000000e+02 5.100000000000000000e+02
4.820000000000000000e+02 6.500000000000000000e+01 5.120000000000000000e+02 1.330000000000000000e+02
5.020000000000000000e+02 1.600000000000000000e+02 5.120000000000000000e+02 1.860000000000000000e+02
