0.000000000000000000e+00 4.780000000000000000e+02 4.100000000000000000e+01 5.120000000000000000e+02
1.000000000000000000e+00 2.660000000000000000e+02 4.600000000000000000e+01 3.180000000000000000e+02
2.000000000000000000e+00 1.310000000000000000e+02 8.300000000000000000e+01 2.110000000000000000e+02
2.200000000000000000e+01 3.670000000000000000e+02 7.100000000000000000e+01 4.150000000000000000e+02
3.000000000000000000e+01 1.000000000000000000e+00 1.060000000000000000e+02 8.100000000000000000e+01
5.900000000000000000e+01 4.130000000000000000e+02 8.700000000000000000e+01 4.360000000000000000e+02
7.700000000000000000e+01 3.610000000000000000e+02 1.160000000000000000e+02 4.160000000000000000e+02
1.020000000000000000e+02 2.560000000000000000e+02 1.460000000000000000e+02 2.980000000000000000e+02
1.380000000000000000e+02 2.950000000000000000e+02 2.100000000000000000e+02 3.650000000000000000e+02
1.420000000000000000e+02 1.610000000000000000e+02 1.880000000000000000e+02 2.000000000000000000e+02
1.650000000000000000e+02 4.460000000000000000e+02 2.220000000000000000e+02 5.120000000000000000e+02
1.990000000000000000e+02 2.430000000000000000e+02 3.040000000000000000e+02 3.210000000000000000e+02
2.150000000000000000e+02 1.360000000000000000e+02 2.620000000000000000e+02 1.820000000000000000e+02
2.180000000000000000e+02 8.000000000000000000e+00 2.910000000000000000e+02 8.100000000000000000e+01
2.320000000000000000e+02 3.830000000000000000e+02 2.820000000000000000e+02 4.400000000000000000e+02
2.510000000000000000e+02 7.400000000000000000e+01 3.150000000000000000e+02 1.350000000000000000e+02
2.600000000000000000e+02 5.090000000000000000e+02 2.740000000000000000e+02 5.120000000000000000e+02
3.100000000000000000e+02 4.770000000000000000e+02 3.660000000000000000e+02 5.120000000000000000e+02
3.160000000000000000e+02 7.400000000000000000e+01 3.540000000000000000e+02 1.270000000000000000e+02
3.220000000000000000e+02 4.040000000000000000e+02 3.870000000000000000e+02 4.670000000000000000e+02
3.230000000000000000e+02 1.610000000000000000e+02 4.210000000000000000e+02 2.480000000000000000e+02
3.410000000000000000e+02 3.320000000000000000e+02 3.630000000000000000e+02 3.600000000000000000e+02
3.440000000000000000e+02 3.300000000000000000e+01 3.870000000000000000e+02 7.900000000000000000e+01
3.540000000000000000e+02 3.510000000000000000e+02 4.090000000000000000e+02 3.960000000000000000e+02
3.870000000000000000e+02 3.110000000000000000e+02 4.260000000000000000e+02 3.490000000000000000e+02
4.240000000000000000e+02 2.750000000000000000e+02 4.890000000000000000e+02 3.430000000000000000e+02
4.320000000000000000e+02 3.990000000000000000e+02 4.980000000000000000e+02 4.640000000000000000e+02
4.550000000000000000e+02 1.980000000000000000e+02 5.120000000000000000e+02 2.720000000000000000e+02
4.580000000000000000e+02 8.500000000000000000e+01 5.120000000000000000e+02 1.780000000000000000e+02
4.990000000000000000e+02 5.900000000000000000e+01 5.120000000000000000e+02 7.500000000000000000e+01
