0.000000000000000000e+00 3.900000000000000000e+01 4.200000000000000000e+01 8.900000000000000000e+01
2.500000000000000000e+01 4.440000000000000000e+02 1.170000000000000000e+02 5.120000000000000000e+02
1.100000000000000000e+02 2.700000000000000000e+01 1.570000000000000000e+02 6.800000000000000000e+01
1.380000000000000000e+02 4.100000000000000000e+02 1.910000000000000000e+02 4.610000000000000000e+02
1.420000000000000000e+02 7.400000000000000000e+01 2.130000000000000000e+02 1.340000000000000000e+02
1.790000000000000000e+02 3.590000000000000000e+02 2.250000000000000000e+02 4.090000000000000000e+02
2.080000000000000000e+02 4.830000000000000000e+02 2.540000000000000000e+02 5.120000000000000000e+02
2.090000000000000000e+02 2.050000000000000000e+02 2.600000000000000000e+02 2.460000000000000000e+02
2.700000000000000000e+02 8.000000000000000000e+00 3.400000000000000000e+02 8.500000000000000000e+01
3.000000000000000000e+02 2.040000000000000000e+02 3.570000000000000000e+02 2.520000000000000000e+02
3.120000000000000000e+02 2.830000000000000000e+02 3.760000000000000000e+02 3.250000000000000000e+02
3.190000000000000000e+02 3.520000000000000000e+02 3.990000000000000000e+02 4.070000000000000000e+02
3.700000000000000000e+02 0.000000000000000000e+00 4.330000000000000000e+02 2.800000000000000000e+01
3.970000000000000000e+02 1.410000000000000000e+02 4.730000000000000000e+02 1.920000000000000000e+02
4.230000000000000000e+02 5.070000000000000000e+02 4.460000000000000000e+02 5.120000000000000000e+02
4.250000000000000000e+02 1.140000000000000000e+02 4.820000000000000000e+02 1.600000000000000000e+02
4.900000000000000000e+02 0.000000000000000000e+00 5.120000000000000000e+02 4.100000000000000000e+01
4.940000000000000000e+02 5.090000000000000000e+02 5.040000000000000000e+02 5.120000000000000000e+02
5.050000000000000000e+02 9.900000000000000000e+01 5.120000000000000000e+02 1.350000000000000000e+02
5.100000000000000000e+02 4.840000000000000000e+02 5.120000000000000000e+02 5.020000000000000000e+02
