0.000000000000000000e+00 3.620000000000000000e+02 2.500000000000000000e+01 4.160000000000000000e+02
1.000000000000000000e+00 4.380000000000000000e+02 7.700000000000000000e+01 5.040000000000000000e+02
2.000000000000000000e+01 0.000000000000000000e+00 8.900000000000000000e+01 5.200000000000000000e+01
4.000000000000000000e+01 1.950000000000000000e+02 1.210000000000000000e+02 2.590000000000000000e+02
5.700000000000000000e+01 2.640000000000000000e+02 1.010000000000000000e+02 3.030000000000000000e+02
6.600000000000000000e+01 3.480000000000000000e+02 1.070000000000000000e+02 3.880000000000000000e+02
1.000000000000000000e+02 4.000000000000000000e+00 1.250000000000000000e+02 2.900000000000000000e+01
1.950000000000000000e+02 2.230000000000000000e+02 2.520000000000000000e+02 2.820000000000000000e+02
2.440000000000000000e+02 3.660000000000000000e+02 3.090000000000000000e+02 4.290000000000000000e+02
2.930000000000000000e+02 2.030000000000000000e+02 3.470000000000000000e+02 2.420000000000000000e+02
4.170000000000000000e+02 1.600000000000000000e+01 4.860000000000000000e+02 6.800000000000000000e+01
4.800000000000000000e+02 3.230000000000000000e+02 5.120000000000000000e+02 3.990000000000000000e+02
4.840000000000000000e+02 0.000000000000000000e+00 5.120000000000000000e+02 2.900000000000000000e+01
