0.000000000000000000e+00 2.720000000000000000e+02 1.470000000000000000e+02 4.930000000000000000e+02
3.000000000000000000e+00 1.750000000000000000e+02 3.900000000000000000e+01 2.560000000000000000e+02
3.400000000000000000e+01 5.000000000000000000e+00 9.500000000000000000e+01 6.400000000000000000e+01
1.260000000000000000e+02 1.490000000000000000e+02 1.870000000000000000e+02 2.080000000000000000e+02
1.670000000000000000e+02 0.000000000000000000e+00 2.200000000000000000e+02 8.100000000000000000e+01
1.920000000000000000e+02 1.000000000000000000e+02 2.650000000000000000e+02 1.690000000000000000e+02
2.030000000000000000e+02 2.850000000000000000e+02 2.940000000000000000e+02 3.720000000000000000e+02
2.230000000000000000e+02 2.000000000000000000e+02 2.800000000000000000e+02 2.550000000000000000e+02
2.460000000000000000e+02 2.000000000000000000e+00 3.150000000000000000e+02 7.600000000000000000e+01
3.010000000000000000e+02 2.750000000000000000e+02 3.770000000000000000e+02 3.860000000000000000e+02
3.020000000000000000e+02 3.970000000000000000e+02 3.750000000000000000e+02 4.700000000000000000e+02
3.710000000000000000e+02 9.100000000000000000e+01 4.740000000000000000e+02 2.040000000000000000e+02
4.300000000000000000e+02 2.860000000000000000e+02 5.090000000000000000e+02 3.710000000000000000e+02
4.510000000000000000e+02 1.000000000000000000e+00 5.120000000000000000e+02 7.600000000000000000e+01
4.740000000000000000e+02 3.820000000000000000e+02 5.120000000000000000e+02 4.560000000000000000e+02
