0.000000000000000000e+00 2.570000000000000000e+02 1.300000000000000000e+01 2.960000000000000000e+02
0.000000000000000000e+00 3.380000000000000000e+02 3.300000000000000000e+01 4.210000000000000000e+02
0.000000000000000000e+00 4.160000000000000000e+02 3.500000000000000000e+01 4.590000000000000000e+02
2.600000000000000000e+01 4.460000000000000000e+02 7.900000000000000000e+01 5.030000000000000000e+02
8.300000000000000000e+01 2.060000000000000000e+02 1.620000000000000000e+02 2.950000000000000000e+02
2.100000000000000000e+02 4.320000000000000000e+02 2.980000000000000000e+02 5.120000000000000000e+02
2.370000000000000000e+02 8.300000000000000000e+01 2.980000000000000000e+02 1.720000000000000000e+02
2.550000000000000000e+02 1.630000000000000000e+02 3.420000000000000000e+02 2.520000000000000000e+02
3.100000000000000000e+02 2.690000000000000000e+02 3.810000000000000000e+02 3.420000000000000000e+02
3.400000000000000000e+02 1.500000000000000000e+01 4.170000000000000000e+02 9.900000000000000000e+01
3.870000000000000000e+02 4.380000000000000000e+02 4.830000000000000000e+02 5.120000000000000000e+02
4.300000000000000000e+02 0.000000000000000000e+00 5.050000000000000000e+02 7.200000000000000000e+01
4.300000000000000000e+02 1.280000000000000000e+02 5.110000000000000000e+02 2.390000000000000000e+02
4.950000000000000000e+02 2.310000000000000000e+02 5.120000000000000000e+02 2.790000000000000000e+02
4.950000000000000000e+02 3.950000000000000000e+02 5.100000000000000000e+02 4.440000000000000000e+02
