0.000000000000000000e+00 8.500000000000000000e+01 6.900000000000000000e+01 1.480000000000000000e+02
1.000000000000000000e+00 4.570000000000000000e+02 3.700000000000000000e+01 5.090000000000000000e+02
2.000000000000000000e+00 1.000000000000000000e+00 6.500000000000000000e+01 7.600000000000000000e+01
7.000000000000000000e+00 1.480000000000000000e+02 9.400000000000000000e+01 1.670000000000000000e+02
4.700000000000000000e+01 4.990000000000000000e+02 7.400000000000000000e+01 5.100000000000000000e+02
6.600000000000000000e+01 1.000000000000000000e+00 1.150000000000000000e+02 3.800000000000000000e+01
7.300000000000000000e+01 4.160000000000000000e+02 1.280000000000000000e+02 4.710000000000000000e+02
7.500000000000000000e+01 2.970000000000000000e+02 1.340000000000000000e+02 3.560000000000000000e+02
1.610000000000000000e+02 4.110000000000000000e+02 1.920000000000000000e+02 4.420000000000000000e+02
1.730000000000000000e+02 1.260000000000000000e+02 2.340000000000000000e+02 1.890000000000000000e+02
1.920000000000000000e+02 0.000000000000000000e+00 3.010000000000000000e+02 7.100000000000000000e+01
2.010000000000000000e+02 1.770000000000000000e+02 3.050000000000000000e+02 2.540000000000000000e+02
2.100000000000000000e+02 3.080000000000000000e+02 2.720000000000000000e+02 3.670000000000000000e+02
2.590000000000000000e+02 4.580000000000000000e+02 3.590000000000000000e+02 5.080000000000000000e+02
2.870000000000000000e+02 2.860000000000000000e+02 3.660000000000000000e+02 3.570000000000000000e+02
3.630000000000000000e+02 6.700000000000000000e+01 4.280000000000000000e+02 1.300000000000000000e+02
3.750000000000000000e+02 1.960000000000000000e+02 4.520000000000000000e+02 2.750000000000000000e+02
3.850000000000000000e+02 1.800000000000000000e+01 4.280000000000000000e+02 6.100000000000000000e+01
4.640000000000000000e+02 1.000000000000000000e+00 5.000000000000000000e+02 1.400000000000000000e+01
4.710000000000000000e+02 1.130000000000000000e+02 5.110000000000000000e+02 1.700000000000000000e+02
4.800000000000000000e+02 3.020000000000000000e+02 5.110000000000000000e+02 3.720000000000000000e+02
4.880000000000000000e+02 2.900000000000000000e+01 5.120000000000000000e+02 7.600000000000000000e+01
