4.000000000000000000e+00 2.760000000000000000e+02 4.400000000000000000e+01 3.120000000000000000e+02
5.800000000000000000e+01 1.690000000000000000e+02 9.900000000000000000e+01 2.100000000000000000e+02
7.100000000000000000e+01 8.100000000000000000e+01 1.500000000000000000e+02 1.610000000000000000e+02
7.800000000000000000e+01 3.390000000000000000e+02 1.790000000000000000e+02 4.420000000000000000e+02
1.190000000000000000e+02 4.400000000000000000e+01 1.680000000000000000e+02 9.200000000000000000e+01
1.580000000000000000e+02 2.120000000000000000e+02 2.140000000000000000e+02 2.700000000000000000e+02
1.790000000000000000e+02 4.140000000000000000e+02 2.460000000000000000e+02 4.850000000000000000e+02
1.830000000000000000e+02 3.600000000000000000e+01 2.300000000000000000e+02 8.200000000000000000e+01
2.230000000000000000e+02 4.000000000000000000e+00 3.000000000000000000e+02 5.200000000000000000e+01
2.730000000000000000e+02 9.600000000000000000e+01 3.370000000000000000e+02 1.590000000000000000e+02
3.100000000000000000e+02 3.560000000000000000e+02 3.800000000000000000e+02 4.270000000000000000e+02
4.430000000000000000e+02 3.810000000000000000e+02 4.900000000000000000e+02 4.290000000000000000e+02
