0.000000000000000000e+00 0.000000000000000000e+00 2.800000000000000000e+01 4.300000000000000000e+01
0.000000000000000000e+00 1.080000000000000000e+02 6.000000000000000000e+01 1.770000000000000000e+02
0.000000000000000000e+00 2.610000000000000000e+02 6.000000000000000000e+00 2.940000000000000000e+02
4.000000000000000000e+00 3.780000000000000000e+02 6.300000000000000000e+01 4.440000000000000000e+02
1.600000000000000000e+01 2.480000000000000000e+02 6.000000000000000000e+01 3.130000000000000000e+02
4.300000000000000000e+01 4.290000000000000000e+02 1.320000000000000000e+02 5.060000000000000000e+02
4.700000000000000000e+01 2.540000000000000000e+02 1.300000000000000000e+02 3.320000000000000000e+02
6.700000000000000000e+01 4.600000000000000000e+01 1.170000000000000000e+02 1.370000000000000000e+02
8.700000000000000000e+01 3.210000000000000000e+02 1.420000000000000000e+02 3.770000000000000000e+02
1.300000000000000000e+02 9.800000000000000000e+01 1.820000000000000000e+02 1.480000000000000000e+02
1.330000000000000000e+02 4.210000000000000000e+02 1.810000000000000000e+02 4.730000000000000000e+02
1.390000000000000000e+02 2.010000000000000000e+02 1.830000000000000000e+02 2.470000000000000000e+02
1.410000000000000000e+02 2.420000000000000000e+02 2.470000000000000000e+02 3.590000000000000000e+02
1.520000000000000000e+02 4.990000000000000000e+02 2.000000000000000000e+02 5.120000000000000000e+02
1.950000000000000000e+02 9.600000000000000000e+01 2.360000000000000000e+02 1.370000000000000000e+02
2.060000000000000000e+02 0.000000000000000000e+00 2.760000000000000000e+02 3.900000000000000000e+01
2.110000000000000000e+02 1.630000000000000000e+02 2.770000000000000000e+02 2.260000000000000000e+02
2.180000000000000000e+02 4.530000000000000000e+02 2.800000000000000000e+02 5.120000000000000000e+02
2.260000000000000000e+02 4.020000000000000000e+02 2.840000000000000000e+02 4.500000000000000000e+02
2.830000000000000000e+02 2.710000000000000000e+02 3.270000000000000000e+02 3.180000000000000000e+02
2.950000000000000000e+02 0.000000000000000000e+00 3.610000000000000000e+02 4.200000000000000000e+01
3.180000000000000000e+02 5.100000000000000000e+02 3.320000000000000000e+02 5.120000000000000000e+02
3.630000000000000000e+02 3.660000000000000000e+02 4.130000000000000000e+02 4.100000000000000000e+02
3.750000000000000000e+02 1.580000000000000000e+02 4.800000000000000000e+02 2.180000000000000000e+02
4.200000000000000000e+02 9.300000000000000000e+01 4.870000000000000000e+02 1.650000000000000000e+02
4.470000000000000000e+02 4.410000000000000000e+02 5.120000000000000000e+02 5.120000000000000000e+02
4.740000000000000000e+02 3.600000000000000000e+01 5.120000000000000000e+02 9.400000000000000000e+01
4.850000000000000000e+02 0.000000000000000000e+00 5.120000000000000000e+02 2.300000000000000000e+01
