2.000000000000000000e+00 1.180000000000000000e+02 2.900000000000000000e+01 1.450000000000000000e+02
1.200000000000000000e+01 6.000000000000000000e+00 9.900000000000000000e+01 1.090000000000000000e+02
1.240000000000000000e+02 2.100000000000000000e+02 1.970000000000000000e+02 2.890000000000000000e+02
1.260000000000000000e+02 3.690000000000000000e+02 1.890000000000000000e+02 4.240000000000000000e+02
2.120000000000000000e+02 2.700000000000000000e+01 2.710000000000000000e+02 9.800000000000000000e+01
2.630000000000000000e+02 9.900000000000000000e+01 2.940000000000000000e+02 1.300000000000000000e+02
2.740000000000000000e+02 3.310000000000000000e+02 3.330000000000000000e+02 3.860000000000000000e+02
2.800000000000000000e+02 1.960000000000000000e+02 3.250000000000000000e+02 2.550000000000000000e+02
3.000000000000000000e+02 2.680000000000000000e+02 3.470000000000000000e+02 3.310000000000000000e+02
3.230000000000000000e+02 1.520000000000000000e+02 3.500000000000000000e+02 1.850000000000000000e+02
