0.000000000000000000e+00 6.100000000000000000e+01 1.600000000000000000e+01 1.030000000000000000e+02
0.000000000000000000e+00 2.410000000000000000e+02 3.000000000000000000e+01 3.420000000000000000e+02
0.000000000000000000e+00 3.940000000000000000e+02 4.000000000000000000e+01 4.720000000000000000e+02
1.100000000000000000e+02 1.200000000000000000e+02 1.820000000000000000e+02 1.890000000000000000e+02
1.350000000000000000e+02 5.400000000000000000e+01 1.940000000000000000e+02 1.060000000000000000e+02
1.440000000000000000e+02 2.600000000000000000e+02 2.130000000000000000e+02 3.320000000000000000e+02
2.610000000000000000e+02 1.900000000000000000e+01 3.540000000000000000e+02 1.150000000000000000e+02
2.890000000000000000e+02 1.090000000000000000e+02 3.840000000000000000e+02 2.040000000000000000e+02
3.000000000000000000e+02 2.200000000000000000e+02 3.810000000000000000e+02 3.140000000000000000e+02
3.000000000000000000e+02 3.710000000000000000e+02 4.200000000000000000e+02 4.950000000000000000e+02
4.570000000000000000e+02 2.590000000000000000e+02 5.050000000000000000e+02 3.020000000000000000e+02
