0.000000000000000000e+00 2.480000000000000000e+02 6.400000000000000000e+01 3.310000000000000000e+02
1.060000000000000000e+02 1.380000000000000000e+02 1.630000000000000000e+02 1.910000000000000000e+02
1.250000000000000000e+02 4.300000000000000000e+01 1.700000000000000000e+02 9.200000000000000000e+01
1.300000000000000000e+02 1.000000000000000000e+00 1.740000000000000000e+02 1.300000000000000000e+01
1.450000000000000000e+02 4.140000000000000000e+02 2.120000000000000000e+02 4.830000000000000000e+02
1.720000000000000000e+02 5.800000000000000000e+01 2.350000000000000000e+02 1.380000000000000000e+02
2.110000000000000000e+02 2.690000000000000000e+02 2.700000000000000000e+02 3.460000000000000000e+02
2.230000000000000000e+02 1.600000000000000000e+02 2.980000000000000000e+02 2.430000000000000000e+02
3.040000000000000000e+02 3.730000000000000000e+02 3.390000000000000000e+02 4.220000000000000000e+02
3.130000000000000000e+02 9.000000000000000000e+01 3.480000000000000000e+02 1.290000000000000000e+02
3.320000000000000000e+02 4.420000000000000000e+02 3.890000000000000000e+02 5.010000000000000000e+02
3.490000000000000000e+02 1.000000000000000000e+00 4.550000000000000000e+02 6.800000000000000000e+01
3.550000000000000000e+02 3.670000000000000000e+02 4.220000000000000000e+02 4.400000000000000000e+02
3.970000000000000000e+02 2.540000000000000000e+02 4.880000000000000000e+02 3.490000000000000000e+02
4.740000000000000000e+02 4.920000000000000000e+02 5.080000000000000000e+02 5.120000000000000000e+02
4.940000000000000000e+02 1.500000000000000000e+01 5.100000000000000000e+02 6.500000000000000000e+01
