0.000000000000000000e+00 2.100000000000000000e+01 8.800000000000000000e+01 9.900000000000000000e+01
0.000000000000000000e+00 3.770000000000000000e+02 6.500000000000000000e+01 4.610000000000000000e+02
3.300000000000000000e+01 4.980000000000000000e+02 6.600000000000000000e+01 5.120000000000000000e+02
8.400000000000000000e+01 4.600000000000000000e+01 1.530000000000000000e+02 1.400000000000000000e+02
1.010000000000000000e+02 4.430000000000000000e+02 1.580000000000000000e+02 4.920000000000000000e+02
1.040000000000000000e+02 2.390000000000000000e+02 1.750000000000000000e+02 3.020000000000000000e+02
1.440000000000000000e+02 3.640000000000000000e+02 2.110000000000000000e+02 4.250000000000000000e+02
1.710000000000000000e+02 4.400000000000000000e+01 2.460000000000000000e+02 1.310000000000000000e+02
1.840000000000000000e+02 4.600000000000000000e+02 2.390000000000000000e+02 5.110000000000000000e+02
2.030000000000000000e+02 1.940000000000000000e+02 3.160000000000000000e+02 3.090000000000000000e+02
2.700000000000000000e+02 3.740000000000000000e+02 3.270000000000000000e+02 4.270000000000000000e+02
3.250000000000000000e+02 2.440000000000000000e+02 4.320000000000000000e+02 3.170000000000000000e+02
3.390000000000000000e+02 4.040000000000000000e+02 3.960000000000000000e+02 4.610000000000000000e+02
3.630000000000000000e+02 1.000000000000000000e+00 4.350000000000000000e+02 2.800000000000000000e+01
3.690000000000000000e+02 5.000000000000000000e+01 4.240000000000000000e+02 1.010000000000000000e+02
3.690000000000000000e+02 1.410000000000000000e+02 4.660000000000000000e+02 2.340000000000000000e+02
4.530000000000000000e+02 0.000000000000000000e+00 5.120000000000000000e+02 6.400000000000000000e+01
4.720000000000000000e+02 8.300000000000000000e+01 5.110000000000000000e+02 1.420000000000000000e+02
4.800000000000000000e+02 2.780000000000000000e+02 5.120000000000000000e+02 3.400000000000000000e+02
