0.000000000000000000e+00 1.810000000000000000e+02 1.000000000000000000e+01 2.090000000000000000e+02
1.000000000000000000e+00 5.200000000000000000e+01 6.200000000000000000e+01 1.110000000000000000e+02
4.000000000000000000e+01 1.530000000000000000e+02 9.400000000000000000e+01 2.090000000000000000e+02
4.000000000000000000e+01 4.100000000000000000e+02 1.770000000000000000e+02 5.080000000000000000e+02
7.100000000000000000e+01 2.710000000000000000e+02 1.400000000000000000e+02 3.380000000000000000e+02
7.200000000000000000e+01 0.000000000000000000e+00 1.430000000000000000e+02 4.800000000000000000e+01
1.530000000000000000e+02 9.700000000000000000e+01 2.380000000000000000e+02 1.790000000000000000e+02
2.180000000000000000e+02 2.760000000000000000e+02 2.800000000000000000e+02 3.350000000000000000e+02
2.800000000000000000e+02 1.030000000000000000e+02 3.280000000000000000e+02 1.510000000000000000e+02
3.150000000000000000e+02 3.890000000000000000e+02 3.900000000000000000e+02 4.700000000000000000e+02
3.490000000000000000e+02 0.000000000000000000e+00 4.030000000000000000e+02 5.200000000000000000e+01
3.970000000000000000e+02 2.680000000000000000e+02 4.530000000000000000e+02 3.240000000000000000e+02
4.190000000000000000e+02 3.990000000000000000e+02 4.760000000000000000e+02 4.560000000000000000e+02
4.560000000000000000e+02 4.000000000000000000e+00 5.120000000000000000e+02 8.300000000000000000e+01
4.940000000000000000e+02 3.090000000000000000e+02 5.120000000000000000e+02 3.540000000000000000e+02
5.010000000000000000e+02 1.210000000000000000e+02 5.120000000000000000e+02 1.530000000000000000e+02
