0.000000000000000000e+00 3.010000000000000000e+02 6.800000000000000000e+01 3.760000000000000000e+02
5.200000000000000000e+01 1.150000000000000000e+02 1.470000000000000000e+02 2.110000000000000000e+02
6.300000000000000000e+01 3.800000000000000000e+02 1.910000000000000000e+02 4.660000000000000000e+02
1.270000000000000000e+02 3.100000000000000000e+01 1.780000000000000000e+02 7.800000000000000000e+01
2.030000000000000000e+02 4.400000000000000000e+01 2.740000000000000000e+02 1.030000000000000000e+02
2.060000000000000000e+02 2.850000000000000000e+02 2.930000000000000000e+02 3.560000000000000000e+02
2.630000000000000000e+02 4.990000000000000000e+02 2.930000000000000000e+02 5.120000000000000000e+02
3.050000000000000000e+02 1.800000000000000000e+02 3.740000000000000000e+02 2.290000000000000000e+02
3.460000000000000000e+02 2.930000000000000000e+02 4.070000000000000000e+02 3.580000000000000000e+02
3.590000000000000000e+02 0.000000000000000000e+00 4.050000000000000000e+02 2.800000000000000000e+01
3.620000000000000000e+02 5.500000000000000000e+01 3.890000000000000000e+02 8.600000000000000000e+01
3.680000000000000000e+02 4.250000000000000000e+02 4.570000000000000000e+02 4.960000000000000000e+02
4.080000000000000000e+02 9.900000000000000000e+01 4.590000000000000000e+02 1.360000000000000000e+02
4.210000000000000000e+02 1.950000000000000000e+02 4.640000000000000000e+02 2.420000000000000000e+02
