0.000000000000000000e+00 2.120000000000000000e+02 1.100000000000000000e+01 2.470000000000000000e+02
9.000000000000000000e+00 2.980000000000000000e+02 2.500000000000000000e+01 3.170000000000000000e+02
1.500000000000000000e+01 3.230000000000000000e+02 5.000000000000000000e+01 3.510000000000000000e+02
1.700000000000000000e+01 6.100000000000000000e+01 7.700000000000000000e+01 1.410000000000000000e+02
4.000000000000000000e+01 2.390000000000000000e+02 9.500000000000000000e+01 3.210000000000000000e+02
6.200000000000000000e+01 4.320000000000000000e+02 1.060000000000000000e+02 4.810000000000000000e+02
1.180000000000000000e+02 0.000000000000000000e+00 1.310000000000000000e+02 2.000000000000000000e+00
1.800000000000000000e+02 3.960000000000000000e+02 2.240000000000000000e+02 4.330000000000000000e+02
1.980000000000000000e+02 3.460000000000000000e+02 2.470000000000000000e+02 3.900000000000000000e+02
3.170000000000000000e+02 2.410000000000000000e+02 3.550000000000000000e+02 2.870000000000000000e+02
3.840000000000000000e+02 4.160000000000000000e+02 4.400000000000000000e+02 4.670000000000000000e+02
3.940000000000000000e+02 2.300000000000000000e+01 4.430000000000000000e+02 7.800000000000000000e+01
4.010000000000000000e+02 8.300000000000000000e+01 4.660000000000000000e+02 1.570000000000000000e+02
4.740000000000000000e+02 1.800000000000000000e+02 5.120000000000000000e+02 2.550000000000000000e+02
