0.000000000000000000e+00 3.000000000000000000e+01 4.500000000000000000e+01 9.400000000000000000e+01
5.000000000000000000e+00 1.280000000000000000e+02 8.000000000000000000e+01 1.960000000000000000e+02
2.200000000000000000e+01 2.310000000000000000e+02 1.800000000000000000e+02 3.710000000000000000e+02
2.600000000000000000e+01 0.000000000000000000e+00 7.200000000000000000e+01 3.200000000000000000e+01
1.390000000000000000e+02 4.770000000000000000e+02 2.030000000000000000e+02 5.120000000000000000e+02
1.650000000000000000e+02 9.100000000000000000e+01 2.390000000000000000e+02 1.480000000000000000e+02
2.020000000000000000e+02 4.000000000000000000e+00 2.630000000000000000e+02 6.600000000000000000e+01
2.520000000000000000e+02 3.950000000000000000e+02 2.870000000000000000e+02 4.210000000000000000e+02
2.850000000000000000e+02 4.270000000000000000e+02 3.690000000000000000e+02 5.060000000000000000e+02
3.160000000000000000e+02 2.660000000000000000e+02 3.510000000000000000e+02 3.020000000000000000e+02
3.350000000000000000e+02 4.100000000000000000e+01 3.960000000000000000e+02 1.000000000000000000e+02
3.530000000000000000e+02 5.040000000000000000e+02 3.900000000000000000e+02 5.120000000000000000e+02
3.620000000000000000e+02 4.380000000000000000e+02 4.130000000000000000e+02 4.930000000000000000e+02
4.000000000000000000e+02 1.320000000000000000e+02 5.120000000000000000e+02 2.580000000000000000e+02
4.050000000000000000e+02 3.090000000000000000e+02 4.800000000000000000e+02 4.380000000000000000e+02
4.320000000000000000e+02 4.770000000000000000e+02 4.940000000000000000e+02 5.120000000000000000e+02
4.470000000000000000e+02 6.000000000000000000e+01 4.800000000000000000e+02 9.400000000000000000e+01
