0.000000000000000000e+00 2.650000000000000000e+02 1.900000000000000000e+01 3.230000000000000000e+02
0.000000000000000000e+00 4.850000000000000000e+02 3.000000000000000000e+01 5.120000000000000000e+02
3.400000000000000000e+01 9.700000000000000000e+01 6.500000000000000000e+01 1.320000000000000000e+02
8.300000000000000000e+01 0.000000000000000000e+00 2.020000000000000000e+02 8.400000000000000000e+01
1.520000000000000000e+02 1.960000000000000000e+02 2.010000000000000000e+02 2.510000000000000000e+02
2.010000000000000000e+02 2.790000000000000000e+02 3.860000000000000000e+02 4.180000000000000000e+02
2.920000000000000000e+02 1.370000000000000000e+02 3.630000000000000000e+02 2.090000000000000000e+02
3.220000000000000000e+02 1.600000000000000000e+01 3.890000000000000000e+02 1.010000000000000000e+02
4.790000000000000000e+02 2.420000000000000000e+02 5.110000000000000000e+02 3.010000000000000000e+02
4.900000000000000000e+02 1.310000000000000000e+02 5.110000000000000000e+02 1.870000000000000000e+02
