0.000000000000000000e+00 3.030000000000000000e+02 4.500000000000000000e+01 3.580000000000000000e+02
1.700000000000000000e+01 3.490000000000000000e+02 6.600000000000000000e+01 3.930000000000000000e+02
2.400000000000000000e+01 1.040000000000000000e+02 8.400000000000000000e+01 1.590000000000000000e+02
5.700000000000000000e+01 0.000000000000000000e+00 7.200000000000000000e+01 6.000000000000000000e+00
8.400000000000000000e+01 0.000000000000000000e+00 1.400000000000000000e+02 6.700000000000000000e+01
1.410000000000000000e+02 2.200000000000000000e+01 1.960000000000000000e+02 6.800000000000000000e+01
1.860000000000000000e+02 4.570000000000000000e+02 2.740000000000000000e+02 5.070000000000000000e+02
2.140000000000000000e+02 1.900000000000000000e+02 2.530000000000000000e+02 2.280000000000000000e+02
2.660000000000000000e+02 3.370000000000000000e+02 3.400000000000000000e+02 3.960000000000000000e+02
2.670000000000000000e+02 4.050000000000000000e+02 3.250000000000000000e+02 4.640000000000000000e+02
2.720000000000000000e+02 3.900000000000000000e+01 3.110000000000000000e+02 8.500000000000000000e+01
3.130000000000000000e+02 3.020000000000000000e+02 3.610000000000000000e+02 3.530000000000000000e+02
3.190000000000000000e+02 2.020000000000000000e+02 4.200000000000000000e+02 2.870000000000000000e+02
3.590000000000000000e+02 5.800000000000000000e+01 3.960000000000000000e+02 1.070000000000000000e+02
4.610000000000000000e+02 2.820000000000000000e+02 5.120000000000000000e+02 3.330000000000000000e+02
