0.000000000000000000e+00 2.060000000000000000e+02 1.190000000000000000e+02 3.950000000000000000e+02
5.400000000000000000e+01 0.000000000000000000e+00 1.610000000000000000e+02 4.300000000000000000e+01
1.510000000000000000e+02 3.000000000000000000e+01 2.380000000000000000e+02 1.950000000000000000e+02
1.800000000000000000e+02 2.870000000000000000e+02 2.490000000000000000e+02 3.550000000000000000e+02
1.860000000000000000e+02 0.000000000000000000e+00 2.160000000000000000e+02 1.300000000000000000e+01
2.500000000000000000e+02 4.320000000000000000e+02 3.110000000000000000e+02 4.940000000000000000e+02
2.560000000000000000e+02 3.050000000000000000e+02 3.060000000000000000e+02 3.510000000000000000e+02
2.930000000000000000e+02 2.180000000000000000e+02 3.390000000000000000e+02 2.630000000000000000e+02
3.030000000000000000e+02 3.690000000000000000e+02 3.590000000000000000e+02 4.230000000000000000e+02
3.840000000000000000e+02 4.260000000000000000e+02 4.420000000000000000e+02 4.820000000000000000e+02
4.100000000000000000e+02 1.290000000000000000e+02 4.450000000000000000e+02 1.640000000000000000e+02
4.470000000000000000e+02 9.000000000000000000e+00 5.120000000000000000e+02 9.400000000000000000e+01
5.100000000000000000e+02 4.090000000000000000e+02 5.120000000000000000e+02 4.200000000000000000e+02
