4.000000000000000000e+00 2.200000000000000000e+01 3.400000000000000000e+01 7.900000000000000000e+01
6.000000000000000000e+00 4.030000000000000000e+02 2.900000000000000000e+01 4.550000000000000000e+02
3.200000000000000000e+01 5.500000000000000000e+01 1.080000000000000000e+02 1.450000000000000000e+02
3.500000000000000000e+01 1.600000000000000000e+02 7.800000000000000000e+01 1.970000000000000000e+02
1.090000000000000000e+02 0.000000000000000000e+00 1.890000000000000000e+02 3.900000000000000000e+01
1.880000000000000000e+02 2.700000000000000000e+01 2.370000000000000000e+02 8.800000000000000000e+01
1.890000000000000000e+02 2.180000000000000000e+02 2.540000000000000000e+02 2.930000000000000000e+02
2.030000000000000000e+02 1.150000000000000000e+02 2.300000000000000000e+02 1.420000000000000000e+02
2.390000000000000000e+02 4.550000000000000000e+02 3.620000000000000000e+02 5.120000000000000000e+02
2.570000000000000000e+02 1.170000000000000000e+02 2.800000000000000000e+02 1.420000000000000000e+02
2.600000000000000000e+02 3.700000000000000000e+02 3.110000000000000000e+02 4.250000000000000000e+02
2.970000000000000000e+02 5.000000000000000000e+01 3.300000000000000000e+02 9.900000000000000000e+01
3.600000000000000000e+02 4.600000000000000000e+01 3.910000000000000000e+02 8.100000000000000000e+01
3.780000000000000000e+02 3.480000000000000000e+02 4.450000000000000000e+02 4.490000000000000000e+02
4.590000000000000000e+02 2.810000000000000000e+02 5.110000000000000000e+02 3.400000000000000000e+02
4.910000000000000000e+02 1.890000000000000000e+02 5.110000000000000000e+02 2.540000000000000000e+02
