4.000000000000000000e+00 4.630000000000000000e+02 2.800000000000000000e+01 5.110000000000000000e+02
6.700000000000000000e+01 4.840000000000000000e+02 1.110000000000000000e+02 5.120000000000000000e+02
1.030000000000000000e+02 3.910000000000000000e+02 1.590000000000000000e+02 4.470000000000000000e+02
1.780000000000000000e+02 3.260000000000000000e+02 2.420000000000000000e+02 3.930000000000000000e+02
1.870000000000000000e+02 2.220000000000000000e+02 2.400000000000000000e+02 2.720000000000000000e+02
1.890000000000000000e+02 4.590000000000000000e+02 2.810000000000000000e+02 5.120000000000000000e+02
2.880000000000000000e+02 1.160000000000000000e+02 3.510000000000000000e+02 1.800000000000000000e+02
3.260000000000000000e+02 2.860000000000000000e+02 3.830000000000000000e+02 3.400000000000000000e+02
3.630000000000000000e+02 2.180000000000000000e+02 4.250000000000000000e+02 2.770000000000000000e+02
3.900000000000000000e+02 4.680000000000000000e+02 4.520000000000000000e+02 5.120000000000000000e+02
3.970000000000000000e+02 2.560000000000000000e+02 5.050000000000000000e+02 3.570000000000000000e+02
4.270000000000000000e+02 3.840000000000000000e+02 4.920000000000000000e+02 4.500000000000000000e+02
4.840000000000000000e+02 3.620000000000000000e+02 5.120000000000000000e+02 4.170000000000000000e+02
