0.000000000000000000e+00 1.590000000000000000e+02 1.000000000000000000e+01 1.860000000000000000e+02
0.000000000000000000e+00 2.440000000000000000e+02 4.900000000000000000e+01 3.170000000000000000e+02
6.300000000000000000e+01 2.450000000000000000e+02 1.400000000000000000e+02 3.180000000000000000e+02
7.700000000000000000e+01 3.070000000000000000e+02 1.570000000000000000e+02 3.830000000000000000e+02
9.200000000000000000e+01 6.900000000000000000e+01 1.640000000000000000e+02 1.450000000000000000e+02
1.060000000000000000e+02 4.950000000000000000e+02 1.670000000000000000e+02 5.120000000000000000e+02
2.300000000000000000e+02 3.510000000000000000e+02 3.060000000000000000e+02 4.260000000000000000e+02
2.310000000000000000e+02 1.590000000000000000e+02 3.730000000000000000e+02 2.480000000000000000e+02
3.410000000000000000e+02 4.200000000000000000e+02 4.160000000000000000e+02 4.920000000000000000e+02
3.730000000000000000e+02 3.440000000000000000e+02 4.530000000000000000e+02 4.210000000000000000e+02
3.920000000000000000e+02 5.300000000000000000e+01 4.730000000000000000e+02 1.320000000000000000e+02
4.080000000000000000e+02 0.000000000000000000e+00 4.750000000000000000e+02 3.500000000000000000e+01
4.520000000000000000e+02 3.010000000000000000e+02 5.120000000000000000e+02 3.680000000000000000e+02
4.860000000000000000e+02 1.710000000000000000e+02 5.120000000000000000e+02 2.540000000000000000e+02
