0.000000000000000000e+00 7.400000000000000000e+01 1.600000000000000000e+01 1.130000000000000000e+02
6.000000000000000000e+00 1.370000000000000000e+02 8.900000000000000000e+01 2.130000000000000000e+02
1.200000000000000000e+01 0.000000000000000000e+00 8.400000000000000000e+01 6.700000000000000000e+01
5.500000000000000000e+01 4.070000000000000000e+02 1.080000000000000000e+02 4.580000000000000000e+02
6.800000000000000000e+01 4.720000000000000000e+02 1.450000000000000000e+02 5.120000000000000000e+02
1.930000000000000000e+02 2.570000000000000000e+02 2.430000000000000000e+02 3.090000000000000000e+02
2.200000000000000000e+02 4.680000000000000000e+02 2.800000000000000000e+02 5.120000000000000000e+02
2.220000000000000000e+02 3.540000000000000000e+02 2.650000000000000000e+02 4.010000000000000000e+02
2.500000000000000000e+02 2.000000000000000000e+01 3.310000000000000000e+02 1.020000000000000000e+02
2.510000000000000000e+02 3.750000000000000000e+02 3.020000000000000000e+02 4.290000000000000000e+02
2.730000000000000000e+02 2.220000000000000000e+02 3.460000000000000000e+02 2.930000000000000000e+02
3.040000000000000000e+02 3.470000000000000000e+02 3.390000000000000000e+02 3.780000000000000000e+02
3.210000000000000000e+02 1.510000000000000000e+02 3.980000000000000000e+02 2.040000000000000000e+02
3.250000000000000000e+02 3.440000000000000000e+02 4.150000000000000000e+02 4.160000000000000000e+02
3.540000000000000000e+02 9.900000000000000000e+01 4.090000000000000000e+02 1.610000000000000000e+02
4.090000000000000000e+02 2.160000000000000000e+02 4.650000000000000000e+02 2.710000000000000000e+02
4.270000000000000000e+02 2.710000000000000000e+02 5.120000000000000000e+02 3.500000000000000000e+02
4.510000000000000000e+02 3.970000000000000000e+02 5.120000000000000000e+02 4.710000000000000000e+02
4.590000000000000000e+02 1.570000000000000000e+02 5.120000000000000000e+02 2.040000000000000000e+02
4.780000000000000000e+02 1.870000000000000000e+02 5.120000000000000000e+02 2.350000000000000000e+02
5.000000000000000000e+02 2.340000000000000000e+02 5.120000000000000000e+02 2.570000000000000000e+02
