2.000000000000000000e+00 6.500000000000000000e+01 7.000000000000000000e+01 1.440000000000000000e+02
2.000000000000000000e+00 4.770000000000000000e+02 4.300000000000000000e+01 5.050000000000000000e+02
8.400000000000000000e+01 4.120000000000000000e+02 1.590000000000000000e+02 5.050000000000000000e+02
1.060000000000000000e+02 6.500000000000000000e+01 1.710000000000000000e+02 1.360000000000000000e+02
1.790000000000000000e+02 3.990000000000000000e+02 2.960000000000000000e+02 5.020000000000000000e+02
1.900000000000000000e+02 7.200000000000000000e+01 2.710000000000000000e+02 1.610000000000000000e+02
2.800000000000000000e+02 1.760000000000000000e+02 3.490000000000000000e+02 2.310000000000000000e+02
2.900000000000000000e+02 7.500000000000000000e+01 3.940000000000000000e+02 1.780000000000000000e+02
2.940000000000000000e+02 4.120000000000000000e+02 3.530000000000000000e+02 4.710000000000000000e+02
3.080000000000000000e+02 2.400000000000000000e+02 3.570000000000000000e+02 2.850000000000000000e+02
3.390000000000000000e+02 1.900000000000000000e+02 4.100000000000000000e+02 2.610000000000000000e+02
4.260000000000000000e+02 7.600000000000000000e+01 5.050000000000000000e+02 1.570000000000000000e+02
4.320000000000000000e+02 4.920000000000000000e+02 4.730000000000000000e+02 5.050000000000000000e+02
4.680000000000000000e+02 2.930000000000000000e+02 5.120000000000000000e+02 3.580000000000000000e+02
