0.000000000000000000e+00 2.540000000000000000e+02 8.900000000000000000e+01 3.990000000000000000e+02
4.200000000000000000e+01 3.600000000000000000e+01 2.000000000000000000e+02 1.210000000000000000e+02
1.090000000000000000e+02 3.970000000000000000e+02 1.520000000000000000e+02 4.440000000000000000e+02
2.060000000000000000e+02 2.450000000000000000e+02 2.550000000000000000e+02 2.800000000000000000e+02
2.220000000000000000e+02 1.940000000000000000e+02 2.650000000000000000e+02 2.370000000000000000e+02
2.280000000000000000e+02 3.470000000000000000e+02 3.090000000000000000e+02 4.200000000000000000e+02
2.580000000000000000e+02 4.950000000000000000e+02 3.180000000000000000e+02 5.120000000000000000e+02
3.110000000000000000e+02 2.210000000000000000e+02 3.680000000000000000e+02 2.680000000000000000e+02
3.650000000000000000e+02 2.800000000000000000e+01 4.780000000000000000e+02 1.050000000000000000e+02
4.060000000000000000e+02 4.000000000000000000e+02 4.630000000000000000e+02 4.470000000000000000e+02
4.190000000000000000e+02 1.660000000000000000e+02 5.120000000000000000e+02 2.380000000000000000e+02
