0.000000000000000000e+00 2.990000000000000000e+02 2.300000000000000000e+01 3.390000000000000000e+02
0.000000000000000000e+00 4.550000000000000000e+02 4.700000000000000000e+01 5.100000000000000000e+02
2.000000000000000000e+00 2.200000000000000000e+01 7.100000000000000000e+01 1.170000000000000000e+02
1.000000000000000000e+01 1.470000000000000000e+02 6.900000000000000000e+01 2.060000000000000000e+02
1.900000000000000000e+01 2.940000000000000000e+02 8.400000000000000000e+01 3.450000000000000000e+02
5.700000000000000000e+01 2.430000000000000000e+02 1.210000000000000000e+02 3.210000000000000000e+02
9.400000000000000000e+01 3.870000000000000000e+02 2.420000000000000000e+02 5.120000000000000000e+02
9.800000000000000000e+01 1.110000000000000000e+02 1.570000000000000000e+02 1.660000000000000000e+02
1.180000000000000000e+02 2.000000000000000000e+00 2.100000000000000000e+02 8.800000000000000000e+01
1.390000000000000000e+02 2.170000000000000000e+02 2.350000000000000000e+02 3.080000000000000000e+02
2.410000000000000000e+02 1.370000000000000000e+02 3.240000000000000000e+02 2.200000000000000000e+02
3.060000000000000000e+02 3.680000000000000000e+02 3.770000000000000000e+02 4.410000000000000000e+02
4.040000000000000000e+02 4.840000000000000000e+02 4.690000000000000000e+02 5.110000000000000000e+02
4.290000000000000000e+02 7.200000000000000000e+01 5.120000000000000000e+02 1.730000000000000000e+02
4.500000000000000000e+02 2.320000000000000000e+02 5.050000000000000000e+02 2.810000000000000000e+02
5.010000000000000000e+02 2.880000000000000000e+02 5.120000000000000000e+02 3.250000000000000000e+02
