0.000000000000000000e+00 3.430000000000000000e+02 1.800000000000000000e+01 3.840000000000000000e+02
5.500000000000000000e+01 3.910000000000000000e+02 1.430000000000000000e+02 4.720000000000000000e+02
7.900000000000000000e+01 2.910000000000000000e+02 1.360000000000000000e+02 3.510000000000000000e+02
1.190000000000000000e+02 1.430000000000000000e+02 2.090000000000000000e+02 2.380000000000000000e+02
1.530000000000000000e+02 4.400000000000000000e+02 2.070000000000000000e+02 4.910000000000000000e+02
2.090000000000000000e+02 4.780000000000000000e+02 2.800000000000000000e+02 5.120000000000000000e+02
2.120000000000000000e+02 1.700000000000000000e+01 2.960000000000000000e+02 1.040000000000000000e+02
2.430000000000000000e+02 2.700000000000000000e+02 3.690000000000000000e+02 3.400000000000000000e+02
2.820000000000000000e+02 3.910000000000000000e+02 3.320000000000000000e+02 4.310000000000000000e+02
3.080000000000000000e+02 1.140000000000000000e+02 3.630000000000000000e+02 1.690000000000000000e+02
3.760000000000000000e+02 0.000000000000000000e+00 4.310000000000000000e+02 5.300000000000000000e+01
3.760000000000000000e+02 4.560000000000000000e+02 4.440000000000000000e+02 5.120000000000000000e+02
3.850000000000000000e+02 2.860000000000000000e+02 4.760000000000000000e+02 3.830000000000000000e+02
5.070000000000000000e+02 4.830000000000000000e+02 5.120000000000000000e+02 5.120000000000000000e+02
