0.000000000000000000e+00 3.300000000000000000e+02 4.500000000000000000e+01 3.930000000000000000e+02
0.000000000000000000e+00 3.930000000000000000e+02 7.900000000000000000e+01 4.880000000000000000e+02
1.500000000000000000e+01 2.120000000000000000e+02 1.100000000000000000e+02 3.110000000000000000e+02
1.900000000000000000e+01 1.600000000000000000e+01 8.000000000000000000e+01 7.700000000000000000e+01
5.600000000000000000e+01 7.600000000000000000e+01 1.250000000000000000e+02 1.410000000000000000e+02
1.290000000000000000e+02 4.900000000000000000e+01 2.690000000000000000e+02 1.730000000000000000e+02
1.310000000000000000e+02 3.520000000000000000e+02 1.860000000000000000e+02 4.090000000000000000e+02
1.320000000000000000e+02 2.410000000000000000e+02 2.030000000000000000e+02 3.200000000000000000e+02
2.050000000000000000e+02 3.830000000000000000e+02 2.980000000000000000e+02 4.990000000000000000e+02
2.580000000000000000e+02 3.500000000000000000e+01 3.170000000000000000e+02 9.400000000000000000e+01
2.750000000000000000e+02 9.700000000000000000e+01 3.770000000000000000e+02 2.020000000000000000e+02
3.180000000000000000e+02 3.040000000000000000e+02 4.330000000000000000e+02 4.190000000000000000e+02
3.180000000000000000e+02 4.400000000000000000e+02 3.790000000000000000e+02 5.090000000000000000e+02
3.740000000000000000e+02 7.400000000000000000e+01 4.490000000000000000e+02 1.470000000000000000e+02
3.840000000000000000e+02 6.000000000000000000e+00 4.390000000000000000e+02 6.100000000000000000e+01
4.500000000000000000e+02 4.440000000000000000e+02 5.120000000000000000e+02 5.120000000000000000e+02
4.660000000000000000e+02 0.000000000000000000e+00 5.120000000000000000e+02 5.200000000000000000e+01
