0.000000000000000000e+00 1.280000000000000000e+02 2.800000000000000000e+01 1.850000000000000000e+02
0.000000000000000000e+00 4.030000000000000000e+02 3.400000000000000000e+01 4.840000000000000000e+02
5.000000000000000000e+01 0.000000000000000000e+00 1.740000000000000000e+02 1.270000000000000000e+02
6.400000000000000000e+01 3.110000000000000000e+02 1.470000000000000000e+02 3.940000000000000000e+02
7.300000000000000000e+01 1.320000000000000000e+02 1.240000000000000000e+02 1.770000000000000000e+02
1.900000000000000000e+02 9.700000000000000000e+01 2.410000000000000000e+02 1.500000000000000000e+02
2.010000000000000000e+02 4.350000000000000000e+02 2.760000000000000000e+02 5.120000000000000000e+02
2.670000000000000000e+02 2.830000000000000000e+02 3.040000000000000000e+02 3.420000000000000000e+02
2.950000000000000000e+02 8.600000000000000000e+01 3.420000000000000000e+02 1.450000000000000000e+02
2.990000000000000000e+02 2.280000000000000000e+02 3.650000000000000000e+02 3.670000000000000000e+02
4.280000000000000000e+02 3.810000000000000000e+02 4.690000000000000000e+02 4.240000000000000000e+02
4.570000000000000000e+02 4.220000000000000000e+02 5.080000000000000000e+02 4.810000000000000000e+02
