0.000000000000000000e+00 1.590000000000000000e+02 7.900000000000000000e+01 2.340000000000000000e+02
0.000000000000000000e+00 4.010000000000000000e+02 4.700000000000000000e+01 4.850000000000000000e+02
8.700000000000000000e+01 2.220000000000000000e+02 2.790000000000000000e+02 3.380000000000000000e+02
1.960000000000000000e+02 4.700000000000000000e+01 2.890000000000000000e+02 1.350000000000000000e+02
2.900000000000000000e+02 1.980000000000000000e+02 3.500000000000000000e+02 2.560000000000000000e+02
3.280000000000000000e+02 2.610000000000000000e+02 4.100000000000000000e+02 3.490000000000000000e+02
3.620000000000000000e+02 4.450000000000000000e+02 4.370000000000000000e+02 5.120000000000000000e+02
3.800000000000000000e+02 1.440000000000000000e+02 4.550000000000000000e+02 2.230000000000000000e+02
3.950000000000000000e+02 0.000000000000000000e+00 4.740000000000000000e+02 5.800000000000000000e+01
4.150000000000000000e+02 4.120000000000000000e+02 5.120000000000000000e+02 4.810000000000000000e+02
4.330000000000000000e+02 3.500000000000000000e+02 4.350000000000000000e+02 3.530000000000000000e+02
4.460000000000000000e+02 2.750000000000000000e+02 5.100000000000000000e+02 3.280000000000000000e+02
4.650000000000000000e+02 1.940000000000000000e+02 5.120000000000000000e+02 2.630000000000000000e+02
4.930000000000000000e+02 1.200000000000000000e+02 5.120000000000000000e+02 1.710000000000000000e+02
4.990000000000000000e+02 0.000000000000000000e+00 5.120000000000000000e+02 1.400000000000000000e+01
5.080000000000000000e+02 9.300000000000000000e+01 5.120000000000000000e+02 1.040000000000000000e+02
