0.000000000000000000e+00 1.440000000000000000e+02 7.200000000000000000e+01 2.150000000000000000e+02
0.000000000000000000e+00 2.170000000000000000e+02 3.200000000000000000e+01 2.390000000000000000e+02
0.000000000000000000e+00 3.630000000000000000e+02 5.100000000000000000e+01 4.180000000000000000e+02
0.000000000000000000e+00 4.190000000000000000e+02 6.700000000000000000e+01 4.800000000000000000e+02
3.600000000000000000e+01 3.300000000000000000e+02 8.700000000000000000e+01 3.880000000000000000e+02
7.300000000000000000e+01 1.160000000000000000e+02 1.410000000000000000e+02 1.940000000000000000e+02
1.030000000000000000e+02 1.000000000000000000e+01 1.700000000000000000e+02 1.060000000000000000e+02
1.060000000000000000e+02 3.560000000000000000e+02 2.030000000000000000e+02 4.770000000000000000e+02
1.480000000000000000e+02 1.650000000000000000e+02 2.030000000000000000e+02 2.160000000000000000e+02
1.710000000000000000e+02 4.690000000000000000e+02 2.670000000000000000e+02 5.120000000000000000e+02
1.720000000000000000e+02 2.300000000000000000e+02 2.460000000000000000e+02 3.050000000000000000e+02
1.860000000000000000e+02 1.100000000000000000e+02 2.460000000000000000e+02 1.630000000000000000e+02
2.080000000000000000e+02 0.000000000000000000e+00 3.020000000000000000e+02 8.300000000000000000e+01
2.780000000000000000e+02 4.930000000000000000e+02 3.430000000000000000e+02 5.120000000000000000e+02
3.660000000000000000e+02 5.100000000000000000e+02 3.710000000000000000e+02 5.120000000000000000e+02
4.280000000000000000e+02 0.000000000000000000e+00 4.990000000000000000e+02 5.200000000000000000e+01
4.550000000000000000e+02 1.670000000000000000e+02 4.990000000000000000e+02 2.100000000000000000e+02
4.740000000000000000e+02 3.770000000000000000e+02 5.120000000000000000e+02 4.250000000000000000e+02
4.800000000000000000e+02 4.330000000000000000e+02 4.970000000000000000e+02 4.520000000000000000e+02
4.920000000000000000e+02 2.450000000000000000e+02 5.120000000000000000e+02 2.870000000000000000e+02
