1.300000000000000000e+01 4.480000000000000000e+02 1.350000000000000000e+02 5.120000000000000000e+02
5.200000000000000000e+01 2.570000000000000000e+02 1.040000000000000000e+02 3.090000000000000000e+02
7.100000000000000000e+01 1.560000000000000000e+02 1.320000000000000000e+02 2.140000000000000000e+02
1.560000000000000000e+02 4.820000000000000000e+02 2.280000000000000000e+02 5.120000000000000000e+02
1.600000000000000000e+02 7.700000000000000000e+01 2.450000000000000000e+02 1.680000000000000000e+02
1.920000000000000000e+02 3.270000000000000000e+02 2.450000000000000000e+02 3.880000000000000000e+02
1.950000000000000000e+02 2.170000000000000000e+02 2.680000000000000000e+02 2.970000000000000000e+02
2.060000000000000000e+02 4.090000000000000000e+02 2.530000000000000000e+02 4.580000000000000000e+02
2.560000000000000000e+02 3.230000000000000000e+02 3.380000000000000000e+02 4.060000000000000000e+02
2.680000000000000000e+02 4.190000000000000000e+02 3.170000000000000000e+02 4.680000000000000000e+02
3.160000000000000000e+02 2.380000000000000000e+02 3.510000000000000000e+02 2.780000000000000000e+02
3.180000000000000000e+02 0.000000000000000000e+00 3.530000000000000000e+02 1.500000000000000000e+01
3.240000000000000000e+02 1.490000000000000000e+02 3.860000000000000000e+02 2.050000000000000000e+02
3.650000000000000000e+02 5.500000000000000000e+01 4.590000000000000000e+02 1.280000000000000000e+02
3.660000000000000000e+02 4.130000000000000000e+02 4.710000000000000000e+02 5.120000000000000000e+02
4.330000000000000000e+02 0.000000000000000000e+00 5.120000000000000000e+02 3.300000000000000000e+01
4.850000000000000000e+02 2.670000000000000000e+02 5.120000000000000000e+02 3.280000000000000000e+02
4.920000000000000000e+02 1.470000000000000000e+02 5.120000000000000000e+02 1.950000000000000000e+02
