0.000000000000000000e+00 1.180000000000000000e+02 1.100000000000000000e+01 1.490000000000000000e+02
0.000000000000000000e+00 1.470000000000000000e+02 4.000000000000000000e+01 1.940000000000000000e+02
2.900000000000000000e+01 6.000000000000000000e+00 7.100000000000000000e+01 3.400000000000000000e+01
3.600000000000000000e+01 1.870000000000000000e+02 8.700000000000000000e+01 2.320000000000000000e+02
5.400000000000000000e+01 3.610000000000000000e+02 7.900000000000000000e+01 3.890000000000000000e+02
6.100000000000000000e+01 2.200000000000000000e+01 1.210000000000000000e+02 7.400000000000000000e+01
6.500000000000000000e+01 3.060000000000000000e+02 9.400000000000000000e+01 3.260000000000000000e+02
9.700000000000000000e+01 6.100000000000000000e+01 1.560000000000000000e+02 1.040000000000000000e+02
1.230000000000000000e+02 2.620000000000000000e+02 1.300000000000000000e+02 2.730000000000000000e+02
1.250000000000000000e+02 2.070000000000000000e+02 1.430000000000000000e+02 2.230000000000000000e+02
1.570000000000000000e+02 2.220000000000000000e+02 1.960000000000000000e+02 2.680000000000000000e+02
1.630000000000000000e+02 4.200000000000000000e+01 1.940000000000000000e+02 7.300000000000000000e+01
1.870000000000000000e+02 4.320000000000000000e+02 2.110000000000000000e+02 4.600000000000000000e+02
1.950000000000000000e+02 4.940000000000000000e+02 2.530000000000000000e+02 5.120000000000000000e+02
2.250000000000000000e+02 1.820000000000000000e+02 2.980000000000000000e+02 2.510000000000000000e+02
2.810000000000000000e+02 4.630000000000000000e+02 3.350000000000000000e+02 5.120000000000000000e+02
3.570000000000000000e+02 3.910000000000000000e+02 3.950000000000000000e+02 4.480000000000000000e+02
3.810000000000000000e+02 2.630000000000000000e+02 4.240000000000000000e+02 3.080000000000000000e+02
3.940000000000000000e+02 3.970000000000000000e+02 4.210000000000000000e+02 4.260000000000000000e+02
4.040000000000000000e+02 1.000000000000000000e+00 4.600000000000000000e+02 2.400000000000000000e+01
4.200000000000000000e+02 3.820000000000000000e+02 4.480000000000000000e+02 4.160000000000000000e+02
4.630000000000000000e+02 2.390000000000000000e+02 5.120000000000000000e+02 2.870000000000000000e+02
4.880000000000000000e+02 2.850000000000000000e+02 5.120000000000000000e+02 3.180000000000000000e+02
5.100000000000000000e+02 3.370000000000000000e+02 5.120000000000000000e+02 3.420000000000000000e+02
