1.000000000000000000e+00 3.760000000000000000e+02 3.500000000000000000e+01 4.530000000000000000e+02
2.000000000000000000e+00 3.200000000000000000e+02 5.700000000000000000e+01 3.790000000000000000e+02
1.300000000000000000e+01 2.500000000000000000e+02 8.200000000000000000e+01 3.210000000000000000e+02
1.700000000000000000e+01 5.000000000000000000e+01 1.180000000000000000e+02 1.570000000000000000e+02
9.800000000000000000e+01 3.050000000000000000e+02 1.710000000000000000e+02 3.820000000000000000e+02
1.060000000000000000e+02 3.960000000000000000e+02 1.890000000000000000e+02 4.690000000000000000e+02
1.800000000000000000e+02 0.000000000000000000e+00 2.590000000000000000e+02 4.200000000000000000e+01
2.090000000000000000e+02 6.200000000000000000e+01 2.760000000000000000e+02 1.370000000000000000e+02
2.630000000000000000e+02 2.000000000000000000e+00 3.360000000000000000e+02 3.200000000000000000e+01
2.630000000000000000e+02 4.690000000000000000e+02 3.300000000000000000e+02 5.100000000000000000e+02
2.930000000000000000e+02 2.700000000000000000e+01 3.660000000000000000e+02 1.040000000000000000e+02
3.150000000000000000e+02 3.780000000000000000e+02 4.610000000000000000e+02 5.050000000000000000e+02
3.700000000000000000e+02 2.930000000000000000e+02 4.210000000000000000e+02 3.540000000000000000e+02
3.960000000000000000e+02 1.890000000000000000e+02 4.730000000000000000e+02 2.660000000000000000e+02
3.990000000000000000e+02 1.000000000000000000e+00 4.530000000000000000e+02 3.200000000000000000e+01
