0.000000000000000000e+00 3.290000000000000000e+02 2.800000000000000000e+01 3.720000000000000000e+02
0.000000000000000000e+00 4.910000000000000000e+02 8.000000000000000000e+00 5.120000000000000000e+02
3.400000000000000000e+01 1.690000000000000000e+02 7.700000000000000000e+01 2.120000000000000000e+02
9.600000000000000000e+01 2.320000000000000000e+02 1.570000000000000000e+02 2.890000000000000000e+02
1.090000000000000000e+02 0.000000000000000000e+00 1.390000000000000000e+02 1.300000000000000000e+01
1.420000000000000000e+02 2.950000000000000000e+02 1.780000000000000000e+02 3.280000000000000000e+02
1.570000000000000000e+02 4.490000000000000000e+02 1.930000000000000000e+02 4.900000000000000000e+02
1.950000000000000000e+02 5.300000000000000000e+01 2.260000000000000000e+02 9.700000000000000000e+01
2.270000000000000000e+02 1.390000000000000000e+02 2.720000000000000000e+02 1.910000000000000000e+02
2.270000000000000000e+02 4.900000000000000000e+02 2.780000000000000000e+02 5.120000000000000000e+02
2.780000000000000000e+02 2.580000000000000000e+02 3.690000000000000000e+02 3.400000000000000000e+02
3.360000000000000000e+02 3.300000000000000000e+01 3.630000000000000000e+02 6.300000000000000000e+01
3.500000000000000000e+02 4.910000000000000000e+02 3.920000000000000000e+02 5.120000000000000000e+02
3.870000000000000000e+02 2.390000000000000000e+02 4.390000000000000000e+02 3.020000000000000000e+02
3.910000000000000000e+02 3.410000000000000000e+02 4.480000000000000000e+02 3.940000000000000000e+02
4.600000000000000000e+02 4.890000000000000000e+02 5.120000000000000000e+02 5.120000000000000000e+02
4.840000000000000000e+02 2.260000000000000000e+02 5.120000000000000000e+02 2.780000000000000000e+02
5.080000000000000000e+02 3.580000000000000000e+02 5.120000000000000000e+02 3.780000000000000000e+02
