1.000000000000000000e+00 7.500000000000000000e+01 1.000000000000000000e+01 9.500000000000000000e+01
1.000000000000000000e+00 1.380000000000000000e+02 3.300000000000000000e+01 2.110000000000000000e+02
1.000000000000000000e+00 4.290000000000000000e+02 3.600000000000000000e+01 4.970000000000000000e+02
1.900000000000000000e+01 5.200000000000000000e+01 1.110000000000000000e+02 1.250000000000000000e+02
3.300000000000000000e+01 4.580000000000000000e+02 9.900000000000000000e+01 5.120000000000000000e+02
3.800000000000000000e+01 3.570000000000000000e+02 1.010000000000000000e+02 4.200000000000000000e+02
5.700000000000000000e+01 1.730000000000000000e+02 1.220000000000000000e+02 2.360000000000000000e+02
9.600000000000000000e+01 0.000000000000000000e+00 1.530000000000000000e+02 4.600000000000000000e+01
1.240000000000000000e+02 4.410000000000000000e+02 1.830000000000000000e+02 4.860000000000000000e+02
1.510000000000000000e+02 2.300000000000000000e+02 2.680000000000000000e+02 3.150000000000000000e+02
2.190000000000000000e+02 2.830000000000000000e+02 2.720000000000000000e+02 3.240000000000000000e+02
2.540000000000000000e+02 2.970000000000000000e+02 3.010000000000000000e+02 3.440000000000000000e+02
2.800000000000000000e+02 4.700000000000000000e+02 3.570000000000000000e+02 5.120000000000000000e+02
2.930000000000000000e+02 1.250000000000000000e+02 3.480000000000000000e+02 1.800000000000000000e+02
3.200000000000000000e+02 7.900000000000000000e+01 3.690000000000000000e+02 1.260000000000000000e+02
3.320000000000000000e+02 3.000000000000000000e+00 4.190000000000000000e+02 7.600000000000000000e+01
3.530000000000000000e+02 2.120000000000000000e+02 4.320000000000000000e+02 2.910000000000000000e+02
3.780000000000000000e+02 4.850000000000000000e+02 4.920000000000000000e+02 5.100000000000000000e+02
4.830000000000000000e+02 8.900000000000000000e+01 5.120000000000000000e+02 1.560000000000000000e+02
