1.000000000000000000e+00 3.800000000000000000e+02 8.200000000000000000e+01 4.670000000000000000e+02
5.000000000000000000e+00 7.600000000000000000e+01 5.800000000000000000e+01 1.210000000000000000e+02
7.700000000000000000e+01 1.340000000000000000e+02 1.310000000000000000e+02 1.910000000000000000e+02
1.690000000000000000e+02 5.500000000000000000e+01 2.230000000000000000e+02 9.000000000000000000e+01
1.750000000000000000e+02 0.000000000000000000e+00 2.350000000000000000e+02 2.800000000000000000e+01
1.860000000000000000e+02 3.610000000000000000e+02 2.400000000000000000e+02 4.160000000000000000e+02
2.130000000000000000e+02 4.770000000000000000e+02 2.720000000000000000e+02 5.120000000000000000e+02
2.810000000000000000e+02 4.640000000000000000e+02 3.150000000000000000e+02 5.120000000000000000e+02
2.890000000000000000e+02 3.590000000000000000e+02 3.190000000000000000e+02 4.060000000000000000e+02
3.040000000000000000e+02 8.200000000000000000e+01 3.630000000000000000e+02 1.440000000000000000e+02
3.190000000000000000e+02 4.540000000000000000e+02 3.800000000000000000e+02 5.070000000000000000e+02
3.290000000000000000e+02 1.790000000000000000e+02 3.670000000000000000e+02 2.230000000000000000e+02
3.450000000000000000e+02 3.350000000000000000e+02 4.090000000000000000e+02 4.190000000000000000e+02
3.600000000000000000e+02 0.000000000000000000e+00 4.120000000000000000e+02 4.600000000000000000e+01
3.790000000000000000e+02 2.050000000000000000e+02 4.270000000000000000e+02 2.350000000000000000e+02
3.820000000000000000e+02 1.280000000000000000e+02 4.440000000000000000e+02 1.830000000000000000e+02
4.140000000000000000e+02 2.550000000000000000e+02 4.760000000000000000e+02 3.210000000000000000e+02
4.780000000000000000e+02 1.780000000000000000e+02 5.050000000000000000e+02 2.490000000000000000e+02
