0.000000000000000000e+00 3.570000000000000000e+02 1.400000000000000000e+01 4.070000000000000000e+02
3.000000000000000000e+01 1.400000000000000000e+01 8.500000000000000000e+01 7.200000000000000000e+01
4.900000000000000000e+01 5.020000000000000000e+02 8.100000000000000000e+01 5.120000000000000000e+02
8.900000000000000000e+01 1.930000000000000000e+02 1.120000000000000000e+02 2.380000000000000000e+02
1.090000000000000000e+02 3.650000000000000000e+02 1.450000000000000000e+02 4.250000000000000000e+02
1.260000000000000000e+02 1.670000000000000000e+02 1.700000000000000000e+02 2.210000000000000000e+02
1.440000000000000000e+02 3.010000000000000000e+02 2.310000000000000000e+02 3.800000000000000000e+02
1.650000000000000000e+02 4.110000000000000000e+02 1.990000000000000000e+02 4.640000000000000000e+02
1.830000000000000000e+02 1.390000000000000000e+02 2.220000000000000000e+02 1.950000000000000000e+02
2.610000000000000000e+02 1.160000000000000000e+02 2.970000000000000000e+02 1.510000000000000000e+02
2.740000000000000000e+02 4.140000000000000000e+02 3.090000000000000000e+02 4.510000000000000000e+02
3.170000000000000000e+02 1.000000000000000000e+02 3.670000000000000000e+02 1.570000000000000000e+02
3.170000000000000000e+02 3.910000000000000000e+02 3.520000000000000000e+02 4.370000000000000000e+02
3.660000000000000000e+02 3.800000000000000000e+02 3.870000000000000000e+02 4.260000000000000000e+02
4.440000000000000000e+02 4.000000000000000000e+01 5.120000000000000000e+02 1.130000000000000000e+02
4.480000000000000000e+02 2.300000000000000000e+02 5.120000000000000000e+02 2.960000000000000000e+02
5.010000000000000000e+02 1.770000000000000000e+02 5.120000000000000000e+02 2.240000000000000000e+02
