1.620000000000000000e+02 3.270000000000000000e+02 1.890000000000000000e+02 3.600000000000000000e+02
1.650000000000000000e+02 1.810000000000000000e+02 2.120000000000000000e+02 2.440000000000000000e+02
1.790000000000000000e+02 1.260000000000000000e+02 2.380000000000000000e+02 1.810000000000000000e+02
1.870000000000000000e+02 2.570000000000000000e+02 2.320000000000000000e+02 3.160000000000000000e+02
2.180000000000000000e+02 3.820000000000000000e+02 2.490000000000000000e+02 4.130000000000000000e+02
2.410000000000000000e+02 4.140000000000000000e+02 3.000000000000000000e+02 4.850000000000000000e+02
3.150000000000000000e+02 2.230000000000000000e+02 3.880000000000000000e+02 3.020000000000000000e+02
3.230000000000000000e+02 8.800000000000000000e+01 3.860000000000000000e+02 1.430000000000000000e+02
4.130000000000000000e+02 4.030000000000000000e+02 5.000000000000000000e+02 5.060000000000000000e+02
4.830000000000000000e+02 3.670000000000000000e+02 5.100000000000000000e+02 3.940000000000000000e+02
