0.000000000000000000e+00 1.930000000000000000e+02 2.600000000000000000e+01 2.360000000000000000e+02
0.000000000000000000e+00 3.830000000000000000e+02 4.100000000000000000e+01 4.220000000000000000e+02
1.000000000000000000e+00 2.360000000000000000e+02 1.010000000000000000e+02 3.430000000000000000e+02
4.800000000000000000e+01 1.340000000000000000e+02 1.030000000000000000e+02 1.870000000000000000e+02
9.900000000000000000e+01 4.590000000000000000e+02 1.380000000000000000e+02 5.000000000000000000e+02
1.800000000000000000e+02 2.750000000000000000e+02 2.370000000000000000e+02 3.280000000000000000e+02
1.920000000000000000e+02 9.000000000000000000e+00 2.990000000000000000e+02 1.080000000000000000e+02
3.000000000000000000e+02 1.190000000000000000e+02 3.630000000000000000e+02 1.780000000000000000e+02
3.080000000000000000e+02 0.000000000000000000e+00 3.470000000000000000e+02 1.400000000000000000e+01
3.870000000000000000e+02 1.900000000000000000e+01 4.540000000000000000e+02 7.600000000000000000e+01
4.250000000000000000e+02 7.500000000000000000e+01 4.880000000000000000e+02 1.260000000000000000e+02
4.660000000000000000e+02 2.630000000000000000e+02 5.120000000000000000e+02 3.220000000000000000e+02
