0.000000000000000000e+00 0.000000000000000000e+00 1.000000000000000000e+01 1.900000000000000000e+01
0.000000000000000000e+00 7.900000000000000000e+01 2.000000000000000000e+01 1.250000000000000000e+02
4.100000000000000000e+01 1.960000000000000000e+02 5.800000000000000000e+01 2.090000000000000000e+02
5.300000000000000000e+01 1.060000000000000000e+02 1.280000000000000000e+02 1.770000000000000000e+02
6.600000000000000000e+01 5.700000000000000000e+01 9.900000000000000000e+01 8.700000000000000000e+01
8.200000000000000000e+01 4.790000000000000000e+02 1.280000000000000000e+02 5.080000000000000000e+02
1.130000000000000000e+02 3.170000000000000000e+02 1.650000000000000000e+02 3.880000000000000000e+02
1.430000000000000000e+02 0.000000000000000000e+00 1.900000000000000000e+02 2.800000000000000000e+01
1.560000000000000000e+02 1.920000000000000000e+02 1.820000000000000000e+02 2.370000000000000000e+02
2.100000000000000000e+02 1.520000000000000000e+02 2.740000000000000000e+02 2.030000000000000000e+02
2.150000000000000000e+02 3.510000000000000000e+02 3.050000000000000000e+02 4.090000000000000000e+02
2.720000000000000000e+02 1.450000000000000000e+02 3.000000000000000000e+02 1.720000000000000000e+02
3.540000000000000000e+02 3.460000000000000000e+02 4.490000000000000000e+02 4.290000000000000000e+02
3.560000000000000000e+02 1.120000000000000000e+02 4.090000000000000000e+02 1.590000000000000000e+02
3.960000000000000000e+02 3.200000000000000000e+01 4.730000000000000000e+02 1.140000000000000000e+02
4.440000000000000000e+02 1.580000000000000000e+02 5.120000000000000000e+02 2.050000000000000000e+02
4.740000000000000000e+02 1.960000000000000000e+02 5.120000000000000000e+02 2.430000000000000000e+02
4.950000000000000000e+02 2.540000000000000000e+02 5.120000000000000000e+02 2.740000000000000000e+02
