1.300000000000000000e+01 4.700000000000000000e+01 1.190000000000000000e+02 1.450000000000000000e+02
3.800000000000000000e+01 1.940000000000000000e+02 5.200000000000000000e+01 2.130000000000000000e+02
5.300000000000000000e+01 5.000000000000000000e+02 9.000000000000000000e+01 5.120000000000000000e+02
9.200000000000000000e+01 4.040000000000000000e+02 1.510000000000000000e+02 4.630000000000000000e+02
1.370000000000000000e+02 2.700000000000000000e+02 1.970000000000000000e+02 3.200000000000000000e+02
2.300000000000000000e+02 4.730000000000000000e+02 2.750000000000000000e+02 5.120000000000000000e+02
2.780000000000000000e+02 0.000000000000000000e+00 3.300000000000000000e+02 1.400000000000000000e+01
2.870000000000000000e+02 3.230000000000000000e+02 3.850000000000000000e+02 4.010000000000000000e+02
3.200000000000000000e+02 2.900000000000000000e+02 3.510000000000000000e+02 3.180000000000000000e+02
3.570000000000000000e+02 1.800000000000000000e+02 4.020000000000000000e+02 2.240000000000000000e+02
3.730000000000000000e+02 0.000000000000000000e+00 4.740000000000000000e+02 5.600000000000000000e+01
3.730000000000000000e+02 3.850000000000000000e+02 4.590000000000000000e+02 4.620000000000000000e+02
4.920000000000000000e+02 1.700000000000000000e+01 5.120000000000000000e+02 5.500000000000000000e+01
