0.000000000000000000e+00 4.100000000000000000e+01 4.600000000000000000e+01 1.010000000000000000e+02
8.100000000000000000e+01 3.000000000000000000e+01 1.440000000000000000e+02 1.000000000000000000e+02
1.440000000000000000e+02 4.400000000000000000e+02 2.310000000000000000e+02 5.120000000000000000e+02
1.500000000000000000e+02 0.000000000000000000e+00 1.740000000000000000e+02 6.000000000000000000e+00
1.680000000000000000e+02 1.320000000000000000e+02 2.830000000000000000e+02 3.700000000000000000e+02
1.780000000000000000e+02 3.900000000000000000e+01 2.430000000000000000e+02 1.070000000000000000e+02
2.270000000000000000e+02 3.890000000000000000e+02 2.790000000000000000e+02 4.470000000000000000e+02
2.590000000000000000e+02 4.720000000000000000e+02 3.300000000000000000e+02 5.120000000000000000e+02
2.810000000000000000e+02 3.530000000000000000e+02 3.500000000000000000e+02 4.230000000000000000e+02
2.880000000000000000e+02 3.300000000000000000e+01 4.170000000000000000e+02 1.300000000000000000e+02
3.170000000000000000e+02 2.260000000000000000e+02 3.920000000000000000e+02 3.420000000000000000e+02
3.970000000000000000e+02 3.360000000000000000e+02 4.830000000000000000e+02 4.180000000000000000e+02
4.220000000000000000e+02 2.200000000000000000e+02 5.080000000000000000e+02 3.090000000000000000e+02
4.260000000000000000e+02 3.900000000000000000e+01 4.950000000000000000e+02 1.000000000000000000e+02
4.970000000000000000e+02 2.900000000000000000e+01 5.120000000000000000e+02 6.900000000000000000e+01
5.040000000000000000e+02 2.250000000000000000e+02 5.120000000000000000e+02 2.560000000000000000e+02
