0.000000000000000000e+00 1.970000000000000000e+02 5.000000000000000000e+00 2.180000000000000000e+02
1.000000000000000000e+00 4.540000000000000000e+02 5.100000000000000000e+01 5.020000000000000000e+02
3.900000000000000000e+01 1.520000000000000000e+02 1.430000000000000000e+02 2.550000000000000000e+02
6.800000000000000000e+01 0.000000000000000000e+00 1.240000000000000000e+02 2.600000000000000000e+01
1.000000000000000000e+02 3.160000000000000000e+02 1.870000000000000000e+02 4.030000000000000000e+02
1.080000000000000000e+02 2.420000000000000000e+02 1.880000000000000000e+02 3.070000000000000000e+02
1.610000000000000000e+02 1.740000000000000000e+02 2.160000000000000000e+02 2.270000000000000000e+02
2.790000000000000000e+02 2.180000000000000000e+02 3.460000000000000000e+02 2.800000000000000000e+02
2.840000000000000000e+02 0.000000000000000000e+00 3.690000000000000000e+02 8.800000000000000000e+01
3.790000000000000000e+02 2.080000000000000000e+02 5.120000000000000000e+02 3.710000000000000000e+02
4.170000000000000000e+02 3.500000000000000000e+02 4.630000000000000000e+02 3.990000000000000000e+02
4.800000000000000000e+02 1.170000000000000000e+02 5.120000000000000000e+02 1.600000000000000000e+02
4.890000000000000000e+02 1.400000000000000000e+01 5.120000000000000000e+02 7.200000000000000000e+01
