1.000000000000000000e+01 2.370000000000000000e+02 6.500000000000000000e+01 3.000000000000000000e+02
6.000000000000000000e+01 0.000000000000000000e+00 1.350000000000000000e+02 5.800000000000000000e+01
6.100000000000000000e+01 7.700000000000000000e+01 1.340000000000000000e+02 1.420000000000000000e+02
2.040000000000000000e+02 3.140000000000000000e+02 2.690000000000000000e+02 3.710000000000000000e+02
2.160000000000000000e+02 1.010000000000000000e+02 2.910000000000000000e+02 1.840000000000000000e+02
2.500000000000000000e+02 2.040000000000000000e+02 3.190000000000000000e+02 2.830000000000000000e+02
2.890000000000000000e+02 2.980000000000000000e+02 3.500000000000000000e+02 3.590000000000000000e+02
3.120000000000000000e+02 1.000000000000000000e+00 3.670000000000000000e+02 2.200000000000000000e+01
3.200000000000000000e+02 3.810000000000000000e+02 4.030000000000000000e+02 5.000000000000000000e+02
4.070000000000000000e+02 5.400000000000000000e+01 4.520000000000000000e+02 1.150000000000000000e+02
4.210000000000000000e+02 3.420000000000000000e+02 5.010000000000000000e+02 4.540000000000000000e+02
4.240000000000000000e+02 0.000000000000000000e+00 5.090000000000000000e+02 6.200000000000000000e+01
4.690000000000000000e+02 2.640000000000000000e+02 5.120000000000000000e+02 3.570000000000000000e+02
