3.000000000000000000e+00 0.000000000000000000e+00 1.620000000000000000e+02 1.200000000000000000e+02
3.800000000000000000e+01 1.910000000000000000e+02 1.290000000000000000e+02 2.760000000000000000e+02
1.530000000000000000e+02 9.600000000000000000e+01 2.560000000000000000e+02 1.830000000000000000e+02
1.840000000000000000e+02 1.840000000000000000e+02 2.190000000000000000e+02 2.050000000000000000e+02
2.160000000000000000e+02 4.880000000000000000e+02 2.710000000000000000e+02 5.110000000000000000e+02
2.230000000000000000e+02 8.000000000000000000e+00 3.160000000000000000e+02 1.090000000000000000e+02
2.480000000000000000e+02 4.160000000000000000e+02 3.180000000000000000e+02 4.940000000000000000e+02
3.380000000000000000e+02 2.230000000000000000e+02 4.040000000000000000e+02 2.800000000000000000e+02
3.810000000000000000e+02 2.430000000000000000e+02 5.120000000000000000e+02 3.570000000000000000e+02
4.700000000000000000e+02 2.360000000000000000e+02 5.120000000000000000e+02 2.710000000000000000e+02
4.760000000000000000e+02 4.820000000000000000e+02 5.120000000000000000e+02 5.110000000000000000e+02
4.820000000000000000e+02 3.920000000000000000e+02 5.120000000000000000e+02 4.580000000000000000e+02
