5.000000000000000000e+00 0.000000000000000000e+00 4.600000000000000000e+01 6.000000000000000000e+01
4.400000000000000000e+01 4.010000000000000000e+02 1.140000000000000000e+02 4.870000000000000000e+02
4.700000000000000000e+01 0.000000000000000000e+00 7.500000000000000000e+01 2.400000000000000000e+01
9.700000000000000000e+01 0.000000000000000000e+00 1.020000000000000000e+02 1.000000000000000000e+00
9.700000000000000000e+01 1.500000000000000000e+01 1.360000000000000000e+02 6.500000000000000000e+01
1.060000000000000000e+02 3.210000000000000000e+02 1.530000000000000000e+02 3.700000000000000000e+02
1.910000000000000000e+02 7.000000000000000000e+01 2.270000000000000000e+02 1.150000000000000000e+02
2.030000000000000000e+02 4.890000000000000000e+02 2.320000000000000000e+02 5.120000000000000000e+02
2.040000000000000000e+02 3.400000000000000000e+01 2.730000000000000000e+02 8.800000000000000000e+01
2.420000000000000000e+02 5.010000000000000000e+02 2.860000000000000000e+02 5.120000000000000000e+02
2.910000000000000000e+02 1.390000000000000000e+02 3.360000000000000000e+02 1.790000000000000000e+02
2.990000000000000000e+02 2.540000000000000000e+02 3.530000000000000000e+02 3.170000000000000000e+02
3.310000000000000000e+02 0.000000000000000000e+00 3.840000000000000000e+02 2.300000000000000000e+01
3.380000000000000000e+02 1.800000000000000000e+02 4.030000000000000000e+02 2.470000000000000000e+02
3.410000000000000000e+02 4.090000000000000000e+02 3.620000000000000000e+02 4.310000000000000000e+02
3.500000000000000000e+02 2.820000000000000000e+02 3.970000000000000000e+02 3.350000000000000000e+02
4.240000000000000000e+02 1.920000000000000000e+02 4.720000000000000000e+02 2.510000000000000000e+02
4.540000000000000000e+02 1.120000000000000000e+02 4.950000000000000000e+02 1.490000000000000000e+02
