0.000000000000000000e+00 8.000000000000000000e+00 1.700000000000000000e+01 5.300000000000000000e+01
0.000000000000000000e+00 1.470000000000000000e+02 3.600000000000000000e+01 1.990000000000000000e+02
0.000000000000000000e+00 3.630000000000000000e+02 2.400000000000000000e+01 4.220000000000000000e+02
5.900000000000000000e+01 2.310000000000000000e+02 1.100000000000000000e+02 2.730000000000000000e+02
9.000000000000000000e+01 3.280000000000000000e+02 1.780000000000000000e+02 4.090000000000000000e+02
1.890000000000000000e+02 2.670000000000000000e+02 2.500000000000000000e+02 3.190000000000000000e+02
2.200000000000000000e+02 4.160000000000000000e+02 2.720000000000000000e+02 4.660000000000000000e+02
2.470000000000000000e+02 0.000000000000000000e+00 2.970000000000000000e+02 4.300000000000000000e+01
2.570000000000000000e+02 5.080000000000000000e+02 2.730000000000000000e+02 5.120000000000000000e+02
2.780000000000000000e+02 4.440000000000000000e+02 3.070000000000000000e+02 4.780000000000000000e+02
2.930000000000000000e+02 3.620000000000000000e+02 3.660000000000000000e+02 4.100000000000000000e+02
3.670000000000000000e+02 7.700000000000000000e+01 4.170000000000000000e+02 1.380000000000000000e+02
3.940000000000000000e+02 3.340000000000000000e+02 4.350000000000000000e+02 3.750000000000000000e+02
4.210000000000000000e+02 2.130000000000000000e+02 4.720000000000000000e+02 2.960000000000000000e+02
4.260000000000000000e+02 1.020000000000000000e+02 4.450000000000000000e+02 1.190000000000000000e+02
4.520000000000000000e+02 8.500000000000000000e+01 5.070000000000000000e+02 1.510000000000000000e+02
4.900000000000000000e+02 2.080000000000000000e+02 5.120000000000000000e+02 2.560000000000000000e+02
5.110000000000000000e+02 1.940000000000000000e+02 5.120000000000000000e+02 2.010000000000000000e+02
