0.000000000000000000e+00 5.300000000000000000e+01 3.500000000000000000e+01 9.600000000000000000e+01
0.000000000000000000e+00 9.100000000000000000e+01 3.300000000000000000e+01 1.740000000000000000e+02
0.000000000000000000e+00 2.160000000000000000e+02 1.300000000000000000e+01 2.550000000000000000e+02
2.600000000000000000e+01 9.000000000000000000e+00 7.900000000000000000e+01 6.600000000000000000e+01
8.300000000000000000e+01 2.170000000000000000e+02 1.620000000000000000e+02 3.060000000000000000e+02
2.100000000000000000e+02 0.000000000000000000e+00 2.980000000000000000e+02 8.000000000000000000e+01
2.370000000000000000e+02 3.400000000000000000e+02 2.980000000000000000e+02 4.290000000000000000e+02
2.550000000000000000e+02 2.600000000000000000e+02 3.420000000000000000e+02 3.490000000000000000e+02
3.100000000000000000e+02 1.700000000000000000e+02 3.810000000000000000e+02 2.430000000000000000e+02
3.400000000000000000e+02 4.130000000000000000e+02 4.170000000000000000e+02 4.970000000000000000e+02
3.870000000000000000e+02 0.000000000000000000e+00 4.830000000000000000e+02 7.400000000000000000e+01
4.300000000000000000e+02 2.730000000000000000e+02 5.110000000000000000e+02 3.840000000000000000e+02
4.300000000000000000e+02 4.400000000000000000e+02 5.050000000000000000e+02 5.120000000000000000e+02
4.950000000000000000e+02 6.800000000000000000e+01 5.100000000000000000e+02 1.170000000000000000e+02
4.950000000000000000e+02 2.330000000000000000e+02 5.120000000000000000e+02 2.810000000000000000e+02
