0.000000000000000000e+00 2.050000000000000000e+02 3.600000000000000000e+01 2.560000000000000000e+02
2.000000000000000000e+00 1.000000000000000000e+00 5.800000000000000000e+01 5.700000000000000000e+01
7.000000000000000000e+00 4.810000000000000000e+02 6.800000000000000000e+01 5.100000000000000000e+02
3.800000000000000000e+01 9.400000000000000000e+01 8.100000000000000000e+01 1.390000000000000000e+02
4.900000000000000000e+01 3.820000000000000000e+02 1.020000000000000000e+02 4.330000000000000000e+02
5.100000000000000000e+01 0.000000000000000000e+00 7.800000000000000000e+01 1.200000000000000000e+01
5.900000000000000000e+01 2.720000000000000000e+02 9.400000000000000000e+01 3.070000000000000000e+02
7.500000000000000000e+01 1.700000000000000000e+02 1.620000000000000000e+02 2.610000000000000000e+02
1.190000000000000000e+02 1.220000000000000000e+02 1.740000000000000000e+02 1.670000000000000000e+02
1.370000000000000000e+02 3.790000000000000000e+02 1.840000000000000000e+02 4.260000000000000000e+02
1.680000000000000000e+02 6.900000000000000000e+01 2.130000000000000000e+02 1.140000000000000000e+02
1.840000000000000000e+02 1.470000000000000000e+02 2.740000000000000000e+02 2.560000000000000000e+02
1.870000000000000000e+02 4.150000000000000000e+02 2.780000000000000000e+02 4.930000000000000000e+02
2.080000000000000000e+02 3.000000000000000000e+02 2.370000000000000000e+02 3.370000000000000000e+02
2.120000000000000000e+02 0.000000000000000000e+00 2.420000000000000000e+02 1.800000000000000000e+01
2.470000000000000000e+02 1.700000000000000000e+01 2.840000000000000000e+02 5.800000000000000000e+01
2.710000000000000000e+02 7.700000000000000000e+01 3.120000000000000000e+02 1.240000000000000000e+02
3.010000000000000000e+02 1.410000000000000000e+02 3.760000000000000000e+02 2.160000000000000000e+02
3.360000000000000000e+02 2.300000000000000000e+02 4.410000000000000000e+02 3.300000000000000000e+02
3.400000000000000000e+02 0.000000000000000000e+00 3.950000000000000000e+02 4.100000000000000000e+01
3.480000000000000000e+02 4.010000000000000000e+02 4.330000000000000000e+02 4.840000000000000000e+02
3.960000000000000000e+02 1.330000000000000000e+02 5.110000000000000000e+02 2.700000000000000000e+02
3.970000000000000000e+02 3.000000000000000000e+00 4.880000000000000000e+02 9.400000000000000000e+01
