0.000000000000000000e+00 6.300000000000000000e+01 4.600000000000000000e+01 1.300000000000000000e+02
2.000000000000000000e+00 4.110000000000000000e+02 6.500000000000000000e+01 4.880000000000000000e+02
3.300000000000000000e+01 2.110000000000000000e+02 7.200000000000000000e+01 2.660000000000000000e+02
1.210000000000000000e+02 4.150000000000000000e+02 1.680000000000000000e+02 4.820000000000000000e+02
1.670000000000000000e+02 2.920000000000000000e+02 2.340000000000000000e+02 3.610000000000000000e+02
2.140000000000000000e+02 1.560000000000000000e+02 2.570000000000000000e+02 2.170000000000000000e+02
3.230000000000000000e+02 1.330000000000000000e+02 4.050000000000000000e+02 1.860000000000000000e+02
3.940000000000000000e+02 4.600000000000000000e+01 4.350000000000000000e+02 7.700000000000000000e+01
4.320000000000000000e+02 3.720000000000000000e+02 4.850000000000000000e+02 4.250000000000000000e+02
4.340000000000000000e+02 4.750000000000000000e+02 4.930000000000000000e+02 5.100000000000000000e+02
4.720000000000000000e+02 1.540000000000000000e+02 5.110000000000000000e+02 2.140000000000000000e+02
