0.000000000000000000e+00 9.700000000000000000e+01 4.800000000000000000e+01 1.760000000000000000e+02
0.000000000000000000e+00 1.700000000000000000e+02 8.000000000000000000e+01 2.670000000000000000e+02
4.000000000000000000e+01 4.900000000000000000e+02 7.700000000000000000e+01 5.120000000000000000e+02
5.900000000000000000e+01 1.200000000000000000e+02 1.270000000000000000e+02 2.040000000000000000e+02
1.590000000000000000e+02 1.050000000000000000e+02 2.120000000000000000e+02 1.640000000000000000e+02
1.640000000000000000e+02 4.130000000000000000e+02 2.180000000000000000e+02 4.700000000000000000e+02
2.110000000000000000e+02 1.640000000000000000e+02 3.100000000000000000e+02 2.650000000000000000e+02
2.370000000000000000e+02 2.710000000000000000e+02 2.880000000000000000e+02 3.180000000000000000e+02
2.430000000000000000e+02 1.380000000000000000e+02 2.720000000000000000e+02 1.630000000000000000e+02
3.060000000000000000e+02 6.700000000000000000e+01 3.520000000000000000e+02 1.270000000000000000e+02
3.780000000000000000e+02 2.560000000000000000e+02 4.490000000000000000e+02 3.260000000000000000e+02
4.850000000000000000e+02 1.000000000000000000e+00 5.120000000000000000e+02 5.800000000000000000e+01
