7.300000000000000000e+01 3.660000000000000000e+02 1.180000000000000000e+02 4.170000000000000000e+02
1.750000000000000000e+02 8.700000000000000000e+01 2.620000000000000000e+02 1.790000000000000000e+02
1.900000000000000000e+02 2.750000000000000000e+02 2.470000000000000000e+02 3.370000000000000000e+02
1.980000000000000000e+02 2.160000000000000000e+02 2.570000000000000000e+02 2.520000000000000000e+02
1.990000000000000000e+02 0.000000000000000000e+00 2.710000000000000000e+02 4.400000000000000000e+01
2.140000000000000000e+02 2.480000000000000000e+02 2.380000000000000000e+02 2.760000000000000000e+02
2.220000000000000000e+02 4.750000000000000000e+02 2.450000000000000000e+02 4.950000000000000000e+02
2.880000000000000000e+02 0.000000000000000000e+00 3.200000000000000000e+02 4.000000000000000000e+01
3.110000000000000000e+02 3.070000000000000000e+02 3.450000000000000000e+02 3.320000000000000000e+02
3.150000000000000000e+02 1.200000000000000000e+02 3.800000000000000000e+02 1.860000000000000000e+02
3.250000000000000000e+02 3.920000000000000000e+02 4.020000000000000000e+02 4.750000000000000000e+02
3.760000000000000000e+02 2.080000000000000000e+02 4.230000000000000000e+02 2.620000000000000000e+02
3.840000000000000000e+02 1.370000000000000000e+02 4.110000000000000000e+02 1.810000000000000000e+02
4.230000000000000000e+02 4.040000000000000000e+02 4.710000000000000000e+02 4.700000000000000000e+02
4.910000000000000000e+02 4.000000000000000000e+02 5.120000000000000000e+02 4.550000000000000000e+02
