0.000000000000000000e+00 2.110000000000000000e+02 1.100000000000000000e+01 2.480000000000000000e+02
0.000000000000000000e+00 3.290000000000000000e+02 6.200000000000000000e+01 4.020000000000000000e+02
0.000000000000000000e+00 4.610000000000000000e+02 3.200000000000000000e+01 5.120000000000000000e+02
1.000000000000000000e+00 7.000000000000000000e+01 5.800000000000000000e+01 1.290000000000000000e+02
1.400000000000000000e+01 1.870000000000000000e+02 1.310000000000000000e+02 2.600000000000000000e+02
4.400000000000000000e+01 8.000000000000000000e+00 1.330000000000000000e+02 8.000000000000000000e+01
6.800000000000000000e+01 3.760000000000000000e+02 1.150000000000000000e+02 4.190000000000000000e+02
7.000000000000000000e+01 4.280000000000000000e+02 1.170000000000000000e+02 4.650000000000000000e+02
9.100000000000000000e+01 1.410000000000000000e+02 1.380000000000000000e+02 1.880000000000000000e+02
1.280000000000000000e+02 4.000000000000000000e+01 1.770000000000000000e+02 8.900000000000000000e+01
1.300000000000000000e+02 3.640000000000000000e+02 1.850000000000000000e+02 4.090000000000000000e+02
1.350000000000000000e+02 1.570000000000000000e+02 2.540000000000000000e+02 3.110000000000000000e+02
1.610000000000000000e+02 0.000000000000000000e+00 1.990000000000000000e+02 1.200000000000000000e+01
1.960000000000000000e+02 3.750000000000000000e+02 2.410000000000000000e+02 4.180000000000000000e+02
2.110000000000000000e+02 2.900000000000000000e+02 2.840000000000000000e+02 3.530000000000000000e+02
2.110000000000000000e+02 4.680000000000000000e+02 2.820000000000000000e+02 5.120000000000000000e+02
2.190000000000000000e+02 0.000000000000000000e+00 2.820000000000000000e+02 5.800000000000000000e+01
2.300000000000000000e+02 6.000000000000000000e+01 2.890000000000000000e+02 1.070000000000000000e+02
2.830000000000000000e+02 1.990000000000000000e+02 3.300000000000000000e+02 2.420000000000000000e+02
2.940000000000000000e+02 4.680000000000000000e+02 3.660000000000000000e+02 5.120000000000000000e+02
3.650000000000000000e+02 9.600000000000000000e+01 4.220000000000000000e+02 1.470000000000000000e+02
3.750000000000000000e+02 2.930000000000000000e+02 4.900000000000000000e+02 4.240000000000000000e+02
4.490000000000000000e+02 0.000000000000000000e+00 5.060000000000000000e+02 6.700000000000000000e+01
4.750000000000000000e+02 4.140000000000000000e+02 5.080000000000000000e+02 4.850000000000000000e+02
