0.000000000000000000e+00 1.560000000000000000e+02 5.100000000000000000e+01 2.390000000000000000e+02
0.000000000000000000e+00 4.170000000000000000e+02 2.200000000000000000e+01 4.670000000000000000e+02
7.900000000000000000e+01 2.300000000000000000e+01 1.400000000000000000e+02 5.200000000000000000e+01
1.620000000000000000e+02 3.910000000000000000e+02 2.420000000000000000e+02 4.670000000000000000e+02
2.320000000000000000e+02 4.460000000000000000e+02 2.810000000000000000e+02 5.080000000000000000e+02
3.290000000000000000e+02 3.150000000000000000e+02 3.760000000000000000e+02 3.600000000000000000e+02
3.640000000000000000e+02 2.230000000000000000e+02 4.560000000000000000e+02 3.290000000000000000e+02
4.640000000000000000e+02 1.750000000000000000e+02 4.840000000000000000e+02 1.990000000000000000e+02
4.700000000000000000e+02 3.240000000000000000e+02 5.120000000000000000e+02 3.670000000000000000e+02
4.930000000000000000e+02 4.930000000000000000e+02 5.120000000000000000e+02 5.120000000000000000e+02
5.000000000000000000e+02 1.640000000000000000e+02 5.120000000000000000e+02 2.110000000000000000e+02
