0.000000000000000000e+00 2.920000000000000000e+02 8.100000000000000000e+01 3.450000000000000000e+02
1.000000000000000000e+00 0.000000000000000000e+00 7.600000000000000000e+01 6.100000000000000000e+01
2.000000000000000000e+00 1.970000000000000000e+02 7.600000000000000000e+01 2.660000000000000000e+02
5.000000000000000000e+00 4.170000000000000000e+02 6.400000000000000000e+01 4.780000000000000000e+02
9.100000000000000000e+01 3.800000000000000000e+01 2.040000000000000000e+02 1.410000000000000000e+02
1.000000000000000000e+02 2.470000000000000000e+02 1.690000000000000000e+02 3.200000000000000000e+02
1.490000000000000000e+02 3.250000000000000000e+02 2.080000000000000000e+02 3.860000000000000000e+02
1.750000000000000000e+02 4.730000000000000000e+02 2.560000000000000000e+02 5.090000000000000000e+02
2.000000000000000000e+02 2.320000000000000000e+02 2.550000000000000000e+02 2.890000000000000000e+02
2.720000000000000000e+02 3.650000000000000000e+02 4.930000000000000000e+02 5.120000000000000000e+02
2.750000000000000000e+02 1.350000000000000000e+02 3.860000000000000000e+02 2.110000000000000000e+02
2.850000000000000000e+02 2.180000000000000000e+02 3.720000000000000000e+02 3.090000000000000000e+02
2.860000000000000000e+02 3.000000000000000000e+00 3.710000000000000000e+02 8.200000000000000000e+01
3.820000000000000000e+02 0.000000000000000000e+00 4.560000000000000000e+02 3.800000000000000000e+01
3.970000000000000000e+02 1.370000000000000000e+02 4.700000000000000000e+02 2.100000000000000000e+02
