0.000000000000000000e+00 4.030000000000000000e+02 2.300000000000000000e+01 4.510000000000000000e+02
5.000000000000000000e+00 0.000000000000000000e+00 8.900000000000000000e+01 5.200000000000000000e+01
1.700000000000000000e+01 3.570000000000000000e+02 1.220000000000000000e+02 4.830000000000000000e+02
9.200000000000000000e+01 4.600000000000000000e+01 1.790000000000000000e+02 1.230000000000000000e+02
1.010000000000000000e+02 2.200000000000000000e+02 1.560000000000000000e+02 2.750000000000000000e+02
1.470000000000000000e+02 3.660000000000000000e+02 2.170000000000000000e+02 4.490000000000000000e+02
1.490000000000000000e+02 0.000000000000000000e+00 2.100000000000000000e+02 3.000000000000000000e+01
1.730000000000000000e+02 2.990000000000000000e+02 3.390000000000000000e+02 4.020000000000000000e+02
2.220000000000000000e+02 3.990000000000000000e+02 2.440000000000000000e+02 4.330000000000000000e+02
2.430000000000000000e+02 2.460000000000000000e+02 3.100000000000000000e+02 3.050000000000000000e+02
2.630000000000000000e+02 6.900000000000000000e+01 3.300000000000000000e+02 1.310000000000000000e+02
3.120000000000000000e+02 3.860000000000000000e+02 3.790000000000000000e+02 4.570000000000000000e+02
3.480000000000000000e+02 1.420000000000000000e+02 4.330000000000000000e+02 2.280000000000000000e+02
3.770000000000000000e+02 3.530000000000000000e+02 4.120000000000000000e+02 3.930000000000000000e+02
3.850000000000000000e+02 4.760000000000000000e+02 4.540000000000000000e+02 5.120000000000000000e+02
3.970000000000000000e+02 3.910000000000000000e+02 4.540000000000000000e+02 4.530000000000000000e+02
4.230000000000000000e+02 3.190000000000000000e+02 4.890000000000000000e+02 3.840000000000000000e+02
4.270000000000000000e+02 6.900000000000000000e+01 5.080000000000000000e+02 1.450000000000000000e+02
4.280000000000000000e+02 2.290000000000000000e+02 5.040000000000000000e+02 3.050000000000000000e+02
4.560000000000000000e+02 0.000000000000000000e+00 4.810000000000000000e+02 1.000000000000000000e+01
4.730000000000000000e+02 4.310000000000000000e+02 5.020000000000000000e+02 4.670000000000000000e+02
