7.000000000000000000e+00 2.600000000000000000e+02 6.000000000000000000e+01 3.130000000000000000e+02
1.700000000000000000e+01 9.100000000000000000e+01 7.600000000000000000e+01 1.480000000000000000e+02
5.600000000000000000e+01 3.620000000000000000e+02 1.530000000000000000e+02 4.500000000000000000e+02
1.570000000000000000e+02 1.690000000000000000e+02 2.420000000000000000e+02 2.560000000000000000e+02
1.830000000000000000e+02 6.100000000000000000e+01 2.670000000000000000e+02 1.310000000000000000e+02
2.140000000000000000e+02 4.140000000000000000e+02 3.040000000000000000e+02 4.980000000000000000e+02
2.440000000000000000e+02 1.540000000000000000e+02 3.050000000000000000e+02 2.140000000000000000e+02
2.650000000000000000e+02 4.800000000000000000e+01 3.120000000000000000e+02 9.500000000000000000e+01
2.920000000000000000e+02 3.290000000000000000e+02 3.510000000000000000e+02 4.380000000000000000e+02
3.040000000000000000e+02 2.010000000000000000e+02 3.490000000000000000e+02 2.420000000000000000e+02
3.160000000000000000e+02 4.720000000000000000e+02 3.840000000000000000e+02 5.120000000000000000e+02
3.530000000000000000e+02 3.520000000000000000e+02 4.260000000000000000e+02 4.240000000000000000e+02
3.600000000000000000e+02 1.210000000000000000e+02 4.350000000000000000e+02 2.030000000000000000e+02
4.690000000000000000e+02 2.760000000000000000e+02 5.120000000000000000e+02 3.250000000000000000e+02
5.040000000000000000e+02 0.000000000000000000e+00 5.120000000000000000e+02 1.600000000000000000e+01
