0.000000000000000000e+00 3.510000000000000000e+02 1.410000000000000000e+02 4.920000000000000000e+02
7.800000000000000000e+01 1.290000000000000000e+02 1.300000000000000000e+02 1.810000000000000000e+02
1.290000000000000000e+02 5.600000000000000000e+01 1.790000000000000000e+02 1.080000000000000000e+02
1.580000000000000000e+02 1.590000000000000000e+02 2.330000000000000000e+02 2.290000000000000000e+02
1.620000000000000000e+02 4.980000000000000000e+02 1.990000000000000000e+02 5.120000000000000000e+02
2.230000000000000000e+02 2.880000000000000000e+02 2.770000000000000000e+02 3.450000000000000000e+02
2.960000000000000000e+02 0.000000000000000000e+00 3.630000000000000000e+02 2.600000000000000000e+01
3.160000000000000000e+02 4.600000000000000000e+01 4.090000000000000000e+02 1.510000000000000000e+02
3.240000000000000000e+02 5.000000000000000000e+02 3.620000000000000000e+02 5.120000000000000000e+02
3.590000000000000000e+02 3.770000000000000000e+02 4.010000000000000000e+02 4.210000000000000000e+02
4.000000000000000000e+02 5.800000000000000000e+01 4.720000000000000000e+02 1.470000000000000000e+02
4.000000000000000000e+02 4.050000000000000000e+02 4.480000000000000000e+02 4.540000000000000000e+02
4.500000000000000000e+02 2.080000000000000000e+02 5.120000000000000000e+02 2.880000000000000000e+02
4.880000000000000000e+02 4.830000000000000000e+02 5.120000000000000000e+02 5.120000000000000000e+02
