0.000000000000000000e+00 4.430000000000000000e+02 4.100000000000000000e+01 5.040000000000000000e+02
1.000000000000000000e+00 5.900000000000000000e+01 1.100000000000000000e+01 8.600000000000000000e+01
3.700000000000000000e+01 1.810000000000000000e+02 1.220000000000000000e+02 2.600000000000000000e+02
1.070000000000000000e+02 3.100000000000000000e+02 2.340000000000000000e+02 4.570000000000000000e+02
1.120000000000000000e+02 1.000000000000000000e+00 2.160000000000000000e+02 5.700000000000000000e+01
1.450000000000000000e+02 4.970000000000000000e+02 1.770000000000000000e+02 5.100000000000000000e+02
1.730000000000000000e+02 2.410000000000000000e+02 2.500000000000000000e+02 3.180000000000000000e+02
1.930000000000000000e+02 4.640000000000000000e+02 2.540000000000000000e+02 5.120000000000000000e+02
2.070000000000000000e+02 1.030000000000000000e+02 3.240000000000000000e+02 2.550000000000000000e+02
2.400000000000000000e+02 2.400000000000000000e+01 3.010000000000000000e+02 1.010000000000000000e+02
2.760000000000000000e+02 3.230000000000000000e+02 3.410000000000000000e+02 3.900000000000000000e+02
2.840000000000000000e+02 1.010000000000000000e+02 3.430000000000000000e+02 1.760000000000000000e+02
2.880000000000000000e+02 0.000000000000000000e+00 3.450000000000000000e+02 3.500000000000000000e+01
3.540000000000000000e+02 3.320000000000000000e+02 4.130000000000000000e+02 3.910000000000000000e+02
3.560000000000000000e+02 4.310000000000000000e+02 4.250000000000000000e+02 5.040000000000000000e+02
3.640000000000000000e+02 8.400000000000000000e+01 4.590000000000000000e+02 2.080000000000000000e+02
4.630000000000000000e+02 1.510000000000000000e+02 5.120000000000000000e+02 2.220000000000000000e+02
4.790000000000000000e+02 2.500000000000000000e+02 5.120000000000000000e+02 3.150000000000000000e+02
