2.100000000000000000e+01 2.000000000000000000e+02 8.000000000000000000e+01 2.790000000000000000e+02
2.500000000000000000e+01 1.080000000000000000e+02 6.400000000000000000e+01 1.490000000000000000e+02
7.000000000000000000e+01 3.880000000000000000e+02 1.030000000000000000e+02 4.270000000000000000e+02
7.400000000000000000e+01 2.770000000000000000e+02 1.150000000000000000e+02 3.100000000000000000e+02
1.480000000000000000e+02 3.650000000000000000e+02 2.070000000000000000e+02 4.380000000000000000e+02
1.740000000000000000e+02 1.970000000000000000e+02 2.620000000000000000e+02 3.060000000000000000e+02
1.760000000000000000e+02 1.100000000000000000e+02 2.230000000000000000e+02 1.730000000000000000e+02
2.050000000000000000e+02 4.400000000000000000e+01 2.640000000000000000e+02 1.050000000000000000e+02
4.650000000000000000e+02 4.120000000000000000e+02 5.120000000000000000e+02 4.750000000000000000e+02
4.980000000000000000e+02 9.700000000000000000e+01 5.120000000000000000e+02 1.380000000000000000e+02
