0.000000000000000000e+00 4.090000000000000000e+02 3.200000000000000000e+01 4.690000000000000000e+02
5.300000000000000000e+01 3.930000000000000000e+02 1.260000000000000000e+02 4.660000000000000000e+02
6.700000000000000000e+01 9.200000000000000000e+01 1.440000000000000000e+02 1.650000000000000000e+02
1.610000000000000000e+02 2.250000000000000000e+02 2.490000000000000000e+02 3.650000000000000000e+02
1.670000000000000000e+02 4.830000000000000000e+02 2.490000000000000000e+02 5.120000000000000000e+02
2.430000000000000000e+02 0.000000000000000000e+00 3.100000000000000000e+02 4.100000000000000000e+01
2.480000000000000000e+02 5.600000000000000000e+01 3.110000000000000000e+02 1.330000000000000000e+02
2.970000000000000000e+02 4.590000000000000000e+02 3.600000000000000000e+02 5.120000000000000000e+02
3.140000000000000000e+02 8.200000000000000000e+01 3.790000000000000000e+02 1.470000000000000000e+02
3.440000000000000000e+02 3.730000000000000000e+02 4.170000000000000000e+02 4.460000000000000000e+02
3.490000000000000000e+02 2.260000000000000000e+02 4.240000000000000000e+02 3.030000000000000000e+02
4.220000000000000000e+02 3.410000000000000000e+02 4.930000000000000000e+02 4.120000000000000000e+02
4.990000000000000000e+02 1.150000000000000000e+02 5.120000000000000000e+02 1.580000000000000000e+02
