0.000000000000000000e+00 2.390000000000000000e+02 4.000000000000000000e+00 2.550000000000000000e+02
3.400000000000000000e+01 2.050000000000000000e+02 6.800000000000000000e+01 2.340000000000000000e+02
4.600000000000000000e+01 2.400000000000000000e+02 9.600000000000000000e+01 2.920000000000000000e+02
9.000000000000000000e+01 4.880000000000000000e+02 1.490000000000000000e+02 5.120000000000000000e+02
1.020000000000000000e+02 1.460000000000000000e+02 1.500000000000000000e+02 2.190000000000000000e+02
1.030000000000000000e+02 3.340000000000000000e+02 1.840000000000000000e+02 4.220000000000000000e+02
1.370000000000000000e+02 7.700000000000000000e+01 1.780000000000000000e+02 1.180000000000000000e+02
1.930000000000000000e+02 2.620000000000000000e+02 2.450000000000000000e+02 3.230000000000000000e+02
2.160000000000000000e+02 4.000000000000000000e+01 2.990000000000000000e+02 9.100000000000000000e+01
2.390000000000000000e+02 4.020000000000000000e+02 2.810000000000000000e+02 4.530000000000000000e+02
2.560000000000000000e+02 0.000000000000000000e+00 3.040000000000000000e+02 2.200000000000000000e+01
3.110000000000000000e+02 0.000000000000000000e+00 3.180000000000000000e+02 1.000000000000000000e+00
3.130000000000000000e+02 4.760000000000000000e+02 3.650000000000000000e+02 5.120000000000000000e+02
3.610000000000000000e+02 5.000000000000000000e+00 4.270000000000000000e+02 6.000000000000000000e+01
3.740000000000000000e+02 9.500000000000000000e+01 4.350000000000000000e+02 1.450000000000000000e+02
3.930000000000000000e+02 6.700000000000000000e+01 4.100000000000000000e+02 8.600000000000000000e+01
4.590000000000000000e+02 4.950000000000000000e+02 5.040000000000000000e+02 5.120000000000000000e+02
4.690000000000000000e+02 2.150000000000000000e+02 5.120000000000000000e+02 2.650000000000000000e+02
