0.000000000000000000e+00 1.600000000000000000e+01 2.600000000000000000e+01 5.100000000000000000e+01
0.000000000000000000e+00 4.000000000000000000e+01 4.400000000000000000e+01 6.800000000000000000e+01
0.000000000000000000e+00 2.530000000000000000e+02 5.700000000000000000e+01 2.930000000000000000e+02
0.000000000000000000e+00 3.680000000000000000e+02 3.000000000000000000e+00 3.790000000000000000e+02
3.000000000000000000e+00 2.210000000000000000e+02 4.200000000000000000e+01 2.510000000000000000e+02
3.000000000000000000e+00 2.830000000000000000e+02 7.000000000000000000e+01 3.460000000000000000e+02
9.000000000000000000e+00 4.340000000000000000e+02 4.800000000000000000e+01 4.740000000000000000e+02
5.800000000000000000e+01 3.490000000000000000e+02 1.120000000000000000e+02 4.000000000000000000e+02
1.140000000000000000e+02 4.780000000000000000e+02 1.580000000000000000e+02 5.120000000000000000e+02
1.420000000000000000e+02 1.170000000000000000e+02 2.000000000000000000e+02 1.920000000000000000e+02
2.300000000000000000e+02 3.210000000000000000e+02 2.480000000000000000e+02 3.410000000000000000e+02
2.840000000000000000e+02 1.150000000000000000e+02 3.210000000000000000e+02 1.540000000000000000e+02
3.080000000000000000e+02 3.500000000000000000e+01 3.670000000000000000e+02 9.900000000000000000e+01
3.240000000000000000e+02 2.920000000000000000e+02 4.060000000000000000e+02 3.620000000000000000e+02
3.510000000000000000e+02 1.260000000000000000e+02 4.290000000000000000e+02 2.040000000000000000e+02
4.290000000000000000e+02 3.890000000000000000e+02 4.560000000000000000e+02 4.280000000000000000e+02
4.360000000000000000e+02 4.810000000000000000e+02 4.960000000000000000e+02 5.120000000000000000e+02
4.390000000000000000e+02 2.100000000000000000e+02 4.800000000000000000e+02 2.480000000000000000e+02
4.740000000000000000e+02 2.890000000000000000e+02 5.120000000000000000e+02 3.580000000000000000e+02
