7.200000000000000000e+01 9.400000000000000000e+01 1.170000000000000000e+02 1.510000000000000000e+02
1.720000000000000000e+02 3.310000000000000000e+02 2.610000000000000000e+02 4.330000000000000000e+02
1.860000000000000000e+02 1.780000000000000000e+02 2.490000000000000000e+02 3.090000000000000000e+02
1.900000000000000000e+02 4.610000000000000000e+02 2.820000000000000000e+02 5.120000000000000000e+02
2.190000000000000000e+02 1.600000000000000000e+01 2.460000000000000000e+02 4.900000000000000000e+01
2.890000000000000000e+02 4.730000000000000000e+02 3.200000000000000000e+02 5.000000000000000000e+02
3.010000000000000000e+02 3.210000000000000000e+02 4.210000000000000000e+02 4.060000000000000000e+02
3.070000000000000000e+02 1.730000000000000000e+02 3.480000000000000000e+02 2.140000000000000000e+02
3.200000000000000000e+02 2.300000000000000000e+01 4.040000000000000000e+02 1.240000000000000000e+02
3.660000000000000000e+02 2.410000000000000000e+02 4.170000000000000000e+02 3.060000000000000000e+02
4.230000000000000000e+02 4.100000000000000000e+01 4.680000000000000000e+02 1.080000000000000000e+02
4.870000000000000000e+02 5.800000000000000000e+01 5.110000000000000000e+02 1.190000000000000000e+02
