0.000000000000000000e+00 1.130000000000000000e+02 1.000000000000000000e+00 1.200000000000000000e+02
2.000000000000000000e+01 4.000000000000000000e+01 6.200000000000000000e+01 8.100000000000000000e+01
7.100000000000000000e+01 3.630000000000000000e+02 1.550000000000000000e+02 4.420000000000000000e+02
1.560000000000000000e+02 4.940000000000000000e+02 2.080000000000000000e+02 5.120000000000000000e+02
2.110000000000000000e+02 4.000000000000000000e+01 2.600000000000000000e+02 9.400000000000000000e+01
2.350000000000000000e+02 2.300000000000000000e+02 3.740000000000000000e+02 3.150000000000000000e+02
3.280000000000000000e+02 2.900000000000000000e+01 4.020000000000000000e+02 9.700000000000000000e+01
3.470000000000000000e+02 3.950000000000000000e+02 4.440000000000000000e+02 4.970000000000000000e+02
3.870000000000000000e+02 5.080000000000000000e+02 4.060000000000000000e+02 5.120000000000000000e+02
4.650000000000000000e+02 2.790000000000000000e+02 5.080000000000000000e+02 3.200000000000000000e+02
4.820000000000000000e+02 1.900000000000000000e+02 5.120000000000000000e+02 2.400000000000000000e+02
5.040000000000000000e+02 1.900000000000000000e+01 5.120000000000000000e+02 4.200000000000000000e+01
