1.200000000000000000e+01 2.920000000000000000e+02 8.100000000000000000e+01 3.890000000000000000e+02
5.400000000000000000e+01 4.110000000000000000e+02 1.180000000000000000e+02 4.990000000000000000e+02
1.010000000000000000e+02 4.050000000000000000e+02 1.290000000000000000e+02 4.380000000000000000e+02
1.110000000000000000e+02 1.680000000000000000e+02 2.080000000000000000e+02 2.410000000000000000e+02
1.810000000000000000e+02 1.900000000000000000e+01 3.050000000000000000e+02 1.100000000000000000e+02
2.080000000000000000e+02 2.130000000000000000e+02 2.800000000000000000e+02 2.880000000000000000e+02
2.330000000000000000e+02 1.160000000000000000e+02 2.680000000000000000e+02 1.330000000000000000e+02
2.950000000000000000e+02 3.780000000000000000e+02 3.770000000000000000e+02 4.450000000000000000e+02
2.960000000000000000e+02 0.000000000000000000e+00 2.970000000000000000e+02 1.000000000000000000e+00
2.980000000000000000e+02 0.000000000000000000e+00 3.520000000000000000e+02 2.100000000000000000e+01
3.260000000000000000e+02 3.100000000000000000e+02 3.830000000000000000e+02 3.810000000000000000e+02
3.740000000000000000e+02 8.200000000000000000e+01 4.210000000000000000e+02 1.260000000000000000e+02
3.930000000000000000e+02 3.360000000000000000e+02 4.700000000000000000e+02 4.130000000000000000e+02
4.230000000000000000e+02 3.500000000000000000e+01 4.970000000000000000e+02 1.490000000000000000e+02
4.780000000000000000e+02 4.590000000000000000e+02 5.120000000000000000e+02 5.120000000000000000e+02
4.920000000000000000e+02 9.000000000000000000e+00 5.120000000000000000e+02 4.200000000000000000e+01
