0.000000000000000000e+00 2.930000000000000000e+02 3.800000000000000000e+01 3.580000000000000000e+02
2.600000000000000000e+01 3.430000000000000000e+02 7.900000000000000000e+01 4.000000000000000000e+02
8.700000000000000000e+01 3.520000000000000000e+02 1.420000000000000000e+02 4.150000000000000000e+02
1.890000000000000000e+02 1.100000000000000000e+02 2.520000000000000000e+02 1.710000000000000000e+02
2.740000000000000000e+02 2.960000000000000000e+02 3.470000000000000000e+02 3.650000000000000000e+02
3.240000000000000000e+02 1.830000000000000000e+02 3.970000000000000000e+02 2.540000000000000000e+02
3.490000000000000000e+02 3.990000000000000000e+02 4.160000000000000000e+02 4.620000000000000000e+02
4.050000000000000000e+02 4.890000000000000000e+02 4.700000000000000000e+02 5.120000000000000000e+02
4.140000000000000000e+02 2.330000000000000000e+02 4.970000000000000000e+02 3.580000000000000000e+02
4.430000000000000000e+02 0.000000000000000000e+00 5.020000000000000000e+02 1.300000000000000000e+01
