0.000000000000000000e+00 2.010000000000000000e+02 1.100000000000000000e+01 2.340000000000000000e+02
1.100000000000000000e+01 2.300000000000000000e+01 1.020000000000000000e+02 1.030000000000000000e+02
2.300000000000000000e+01 2.130000000000000000e+02 8.200000000000000000e+01 2.730000000000000000e+02
9.900000000000000000e+01 2.640000000000000000e+02 1.160000000000000000e+02 2.960000000000000000e+02
1.180000000000000000e+02 1.500000000000000000e+01 1.340000000000000000e+02 2.900000000000000000e+01
1.220000000000000000e+02 1.320000000000000000e+02 1.760000000000000000e+02 1.890000000000000000e+02
1.520000000000000000e+02 3.290000000000000000e+02 1.790000000000000000e+02 3.490000000000000000e+02
1.870000000000000000e+02 2.730000000000000000e+02 2.290000000000000000e+02 3.190000000000000000e+02
1.880000000000000000e+02 0.000000000000000000e+00 2.240000000000000000e+02 2.400000000000000000e+01
2.100000000000000000e+02 1.240000000000000000e+02 2.780000000000000000e+02 1.990000000000000000e+02
2.620000000000000000e+02 2.970000000000000000e+02 3.190000000000000000e+02 3.470000000000000000e+02
3.370000000000000000e+02 2.700000000000000000e+02 3.800000000000000000e+02 3.260000000000000000e+02
3.730000000000000000e+02 1.220000000000000000e+02 4.240000000000000000e+02 1.820000000000000000e+02
4.220000000000000000e+02 1.780000000000000000e+02 5.000000000000000000e+02 2.400000000000000000e+02
5.040000000000000000e+02 4.690000000000000000e+02 5.120000000000000000e+02 4.990000000000000000e+02
