0.000000000000000000e+00 1.070000000000000000e+02 2.800000000000000000e+01 1.530000000000000000e+02
3.100000000000000000e+01 3.340000000000000000e+02 7.800000000000000000e+01 3.850000000000000000e+02
4.400000000000000000e+01 2.380000000000000000e+02 1.030000000000000000e+02 3.090000000000000000e+02
5.500000000000000000e+01 1.230000000000000000e+02 8.600000000000000000e+01 1.500000000000000000e+02
9.900000000000000000e+01 5.300000000000000000e+01 1.360000000000000000e+02 1.040000000000000000e+02
1.150000000000000000e+02 3.650000000000000000e+02 2.110000000000000000e+02 4.600000000000000000e+02
1.800000000000000000e+02 1.380000000000000000e+02 2.290000000000000000e+02 2.070000000000000000e+02
1.950000000000000000e+02 4.800000000000000000e+01 2.420000000000000000e+02 9.100000000000000000e+01
2.850000000000000000e+02 2.190000000000000000e+02 3.560000000000000000e+02 3.060000000000000000e+02
2.930000000000000000e+02 1.050000000000000000e+02 3.580000000000000000e+02 1.660000000000000000e+02
3.010000000000000000e+02 4.440000000000000000e+02 3.760000000000000000e+02 5.120000000000000000e+02
3.800000000000000000e+02 3.210000000000000000e+02 4.660000000000000000e+02 4.490000000000000000e+02
4.250000000000000000e+02 5.500000000000000000e+01 4.960000000000000000e+02 1.440000000000000000e+02
4.990000000000000000e+02 2.190000000000000000e+02 5.120000000000000000e+02 2.490000000000000000e+02
