0.000000000000000000e+00 1.760000000000000000e+02 5.700000000000000000e+01 2.380000000000000000e+02
0.000000000000000000e+00 4.800000000000000000e+02 1.800000000000000000e+01 5.080000000000000000e+02
3.300000000000000000e+01 4.980000000000000000e+02 5.100000000000000000e+01 5.080000000000000000e+02
5.700000000000000000e+01 1.420000000000000000e+02 1.010000000000000000e+02 1.860000000000000000e+02
8.000000000000000000e+01 3.010000000000000000e+02 1.580000000000000000e+02 4.020000000000000000e+02
1.270000000000000000e+02 2.020000000000000000e+02 1.810000000000000000e+02 2.660000000000000000e+02
1.610000000000000000e+02 2.420000000000000000e+02 2.480000000000000000e+02 3.370000000000000000e+02
1.710000000000000000e+02 3.490000000000000000e+02 2.210000000000000000e+02 3.980000000000000000e+02
2.670000000000000000e+02 7.600000000000000000e+01 3.260000000000000000e+02 1.360000000000000000e+02
3.290000000000000000e+02 2.010000000000000000e+02 3.680000000000000000e+02 2.440000000000000000e+02
3.500000000000000000e+02 3.940000000000000000e+02 4.010000000000000000e+02 4.440000000000000000e+02
3.510000000000000000e+02 5.600000000000000000e+01 4.430000000000000000e+02 1.470000000000000000e+02
4.050000000000000000e+02 3.730000000000000000e+02 5.120000000000000000e+02 4.990000000000000000e+02
4.130000000000000000e+02 2.800000000000000000e+01 4.640000000000000000e+02 7.300000000000000000e+01
4.560000000000000000e+02 1.270000000000000000e+02 5.110000000000000000e+02 1.850000000000000000e+02
