0.000000000000000000e+00 0.000000000000000000e+00 5.200000000000000000e+01 2.300000000000000000e+01
0.000000000000000000e+00 1.340000000000000000e+02 4.000000000000000000e+00 1.540000000000000000e+02
0.000000000000000000e+00 2.340000000000000000e+02 2.800000000000000000e+01 2.860000000000000000e+02
6.400000000000000000e+01 1.180000000000000000e+02 1.210000000000000000e+02 1.710000000000000000e+02
7.300000000000000000e+01 2.100000000000000000e+02 1.250000000000000000e+02 2.730000000000000000e+02
1.200000000000000000e+02 0.000000000000000000e+00 1.620000000000000000e+02 2.100000000000000000e+01
1.430000000000000000e+02 1.720000000000000000e+02 2.340000000000000000e+02 2.540000000000000000e+02
1.490000000000000000e+02 4.490000000000000000e+02 1.760000000000000000e+02 4.790000000000000000e+02
2.340000000000000000e+02 0.000000000000000000e+00 2.850000000000000000e+02 2.200000000000000000e+01
2.400000000000000000e+02 3.210000000000000000e+02 2.850000000000000000e+02 3.730000000000000000e+02
2.860000000000000000e+02 4.150000000000000000e+02 3.170000000000000000e+02 4.590000000000000000e+02
3.190000000000000000e+02 2.200000000000000000e+01 3.550000000000000000e+02 6.300000000000000000e+01
3.340000000000000000e+02 1.840000000000000000e+02 3.700000000000000000e+02 2.170000000000000000e+02
3.550000000000000000e+02 2.230000000000000000e+02 4.160000000000000000e+02 2.800000000000000000e+02
3.730000000000000000e+02 4.990000000000000000e+02 4.030000000000000000e+02 5.120000000000000000e+02
4.350000000000000000e+02 3.000000000000000000e+02 4.780000000000000000e+02 3.430000000000000000e+02
4.840000000000000000e+02 1.400000000000000000e+02 5.120000000000000000e+02 1.830000000000000000e+02
5.040000000000000000e+02 0.000000000000000000e+00 5.120000000000000000e+02 2.100000000000000000e+01
