0.000000000000000000e+00 4.900000000000000000e+01 4.300000000000000000e+01 1.170000000000000000e+02
0.000000000000000000e+00 3.280000000000000000e+02 2.500000000000000000e+01 3.880000000000000000e+02
0.000000000000000000e+00 4.790000000000000000e+02 1.900000000000000000e+01 5.120000000000000000e+02
3.600000000000000000e+01 2.770000000000000000e+02 1.820000000000000000e+02 3.680000000000000000e+02
3.800000000000000000e+01 1.220000000000000000e+02 9.400000000000000000e+01 1.730000000000000000e+02
5.300000000000000000e+01 4.930000000000000000e+02 1.050000000000000000e+02 5.120000000000000000e+02
1.100000000000000000e+02 2.430000000000000000e+02 1.520000000000000000e+02 2.670000000000000000e+02
1.210000000000000000e+02 1.540000000000000000e+02 1.910000000000000000e+02 2.120000000000000000e+02
1.530000000000000000e+02 0.000000000000000000e+00 2.310000000000000000e+02 4.000000000000000000e+01
2.070000000000000000e+02 1.630000000000000000e+02 2.870000000000000000e+02 2.220000000000000000e+02
2.450000000000000000e+02 0.000000000000000000e+00 3.300000000000000000e+02 5.500000000000000000e+01
2.520000000000000000e+02 9.300000000000000000e+01 2.950000000000000000e+02 1.320000000000000000e+02
2.520000000000000000e+02 3.060000000000000000e+02 3.210000000000000000e+02 3.790000000000000000e+02
2.820000000000000000e+02 2.620000000000000000e+02 3.440000000000000000e+02 3.210000000000000000e+02
2.880000000000000000e+02 3.860000000000000000e+02 3.610000000000000000e+02 4.450000000000000000e+02
3.260000000000000000e+02 2.150000000000000000e+02 3.820000000000000000e+02 2.750000000000000000e+02
3.380000000000000000e+02 1.000000000000000000e+00 4.100000000000000000e+02 7.100000000000000000e+01
3.390000000000000000e+02 3.380000000000000000e+02 4.320000000000000000e+02 3.910000000000000000e+02
3.960000000000000000e+02 2.400000000000000000e+02 4.730000000000000000e+02 3.150000000000000000e+02
4.390000000000000000e+02 4.100000000000000000e+01 5.110000000000000000e+02 1.090000000000000000e+02
4.650000000000000000e+02 1.620000000000000000e+02 5.120000000000000000e+02 2.180000000000000000e+02
5.010000000000000000e+02 3.150000000000000000e+02 5.120000000000000000e+02 3.560000000000000000e+02
5.080000000000000000e+02 2.690000000000000000e+02 5.120000000000000000e+02 2.780000000000000000e+02
