2.200000000000000000e+01 8.500000000000000000e+01 7.200000000000000000e+01 1.370000000000000000e+02
5.200000000000000000e+01 1.650000000000000000e+02 1.470000000000000000e+02 2.620000000000000000e+02
8.700000000000000000e+01 2.800000000000000000e+02 2.380000000000000000e+02 3.950000000000000000e+02
2.680000000000000000e+02 2.620000000000000000e+02 3.130000000000000000e+02 3.090000000000000000e+02
2.800000000000000000e+02 3.130000000000000000e+02 3.330000000000000000e+02 3.690000000000000000e+02
3.100000000000000000e+02 1.600000000000000000e+02 3.670000000000000000e+02 2.170000000000000000e+02
3.370000000000000000e+02 2.320000000000000000e+02 4.120000000000000000e+02 3.190000000000000000e+02
3.680000000000000000e+02 4.700000000000000000e+01 4.080000000000000000e+02 8.700000000000000000e+01
3.740000000000000000e+02 4.510000000000000000e+02 4.120000000000000000e+02 4.920000000000000000e+02
4.300000000000000000e+02 2.530000000000000000e+02 4.880000000000000000e+02 3.120000000000000000e+02
4.400000000000000000e+02 2.600000000000000000e+01 5.100000000000000000e+02 9.800000000000000000e+01
4.580000000000000000e+02 4.350000000000000000e+02 5.120000000000000000e+02 5.120000000000000000e+02
4.600000000000000000e+02 1.760000000000000000e+02 5.070000000000000000e+02 2.250000000000000000e+02
