0.000000000000000000e+00 1.180000000000000000e+02 7.900000000000000000e+01 1.670000000000000000e+02
0.000000000000000000e+00 1.750000000000000000e+02 7.000000000000000000e+00 1.930000000000000000e+02
5.000000000000000000e+00 7.500000000000000000e+01 7.500000000000000000e+01 1.190000000000000000e+02
5.000000000000000000e+00 3.510000000000000000e+02 8.900000000000000000e+01 4.610000000000000000e+02
3.200000000000000000e+01 2.040000000000000000e+02 1.010000000000000000e+02 2.470000000000000000e+02
9.100000000000000000e+01 3.180000000000000000e+02 1.100000000000000000e+02 3.450000000000000000e+02
9.700000000000000000e+01 4.110000000000000000e+02 1.560000000000000000e+02 4.560000000000000000e+02
1.280000000000000000e+02 4.920000000000000000e+02 2.130000000000000000e+02 5.120000000000000000e+02
1.490000000000000000e+02 1.600000000000000000e+01 2.040000000000000000e+02 5.100000000000000000e+01
1.560000000000000000e+02 1.340000000000000000e+02 1.760000000000000000e+02 1.650000000000000000e+02
1.920000000000000000e+02 3.580000000000000000e+02 2.920000000000000000e+02 4.240000000000000000e+02
2.530000000000000000e+02 3.200000000000000000e+01 3.080000000000000000e+02 8.900000000000000000e+01
3.430000000000000000e+02 3.220000000000000000e+02 3.590000000000000000e+02 3.370000000000000000e+02
3.460000000000000000e+02 2.100000000000000000e+02 3.680000000000000000e+02 2.300000000000000000e+02
3.560000000000000000e+02 1.300000000000000000e+01 4.200000000000000000e+02 8.100000000000000000e+01
3.790000000000000000e+02 2.610000000000000000e+02 4.440000000000000000e+02 3.200000000000000000e+02
3.810000000000000000e+02 1.020000000000000000e+02 4.600000000000000000e+02 1.970000000000000000e+02
3.880000000000000000e+02 5.040000000000000000e+02 4.210000000000000000e+02 5.120000000000000000e+02
4.560000000000000000e+02 1.510000000000000000e+02 5.120000000000000000e+02 2.090000000000000000e+02
4.860000000000000000e+02 6.000000000000000000e+00 5.120000000000000000e+02 4.000000000000000000e+01
