0.000000000000000000e+00 2.940000000000000000e+02 3.300000000000000000e+01 3.390000000000000000e+02
2.900000000000000000e+01 5.070000000000000000e+02 7.000000000000000000e+01 5.120000000000000000e+02
1.040000000000000000e+02 3.690000000000000000e+02 1.770000000000000000e+02 4.380000000000000000e+02
1.450000000000000000e+02 8.000000000000000000e+00 2.010000000000000000e+02 6.500000000000000000e+01
1.720000000000000000e+02 4.710000000000000000e+02 2.340000000000000000e+02 5.120000000000000000e+02
2.160000000000000000e+02 8.100000000000000000e+01 2.590000000000000000e+02 1.340000000000000000e+02
2.730000000000000000e+02 2.590000000000000000e+02 3.200000000000000000e+02 3.110000000000000000e+02
2.770000000000000000e+02 4.000000000000000000e+00 2.990000000000000000e+02 3.600000000000000000e+01
2.900000000000000000e+02 3.430000000000000000e+02 3.130000000000000000e+02 3.640000000000000000e+02
3.030000000000000000e+02 1.810000000000000000e+02 3.490000000000000000e+02 2.300000000000000000e+02
3.730000000000000000e+02 1.700000000000000000e+01 3.890000000000000000e+02 3.400000000000000000e+01
3.770000000000000000e+02 3.000000000000000000e+02 4.360000000000000000e+02 3.710000000000000000e+02
3.800000000000000000e+02 4.410000000000000000e+02 4.190000000000000000e+02 4.900000000000000000e+02
4.150000000000000000e+02 3.800000000000000000e+02 4.500000000000000000e+02 4.040000000000000000e+02
4.280000000000000000e+02 7.600000000000000000e+01 4.860000000000000000e+02 1.310000000000000000e+02
4.540000000000000000e+02 1.680000000000000000e+02 4.840000000000000000e+02 1.920000000000000000e+02
4.700000000000000000e+02 0.000000000000000000e+00 5.120000000000000000e+02 7.700000000000000000e+01
4.980000000000000000e+02 3.150000000000000000e+02 5.120000000000000000e+02 3.790000000000000000e+02
