0.000000000000000000e+00 2.550000000000000000e+02 2.600000000000000000e+01 3.080000000000000000e+02
2.200000000000000000e+01 4.800000000000000000e+02 8.500000000000000000e+01 5.100000000000000000e+02
4.300000000000000000e+01 3.430000000000000000e+02 1.080000000000000000e+02 4.180000000000000000e+02
4.500000000000000000e+01 4.300000000000000000e+01 1.420000000000000000e+02 1.420000000000000000e+02
1.460000000000000000e+02 4.000000000000000000e+01 1.950000000000000000e+02 9.700000000000000000e+01
1.570000000000000000e+02 2.270000000000000000e+02 2.000000000000000000e+02 2.720000000000000000e+02
1.690000000000000000e+02 3.620000000000000000e+02 2.240000000000000000e+02 4.230000000000000000e+02
2.050000000000000000e+02 1.280000000000000000e+02 2.860000000000000000e+02 2.350000000000000000e+02
2.730000000000000000e+02 6.600000000000000000e+01 3.220000000000000000e+02 1.230000000000000000e+02
3.290000000000000000e+02 4.850000000000000000e+02 3.810000000000000000e+02 5.100000000000000000e+02
4.110000000000000000e+02 3.470000000000000000e+02 5.030000000000000000e+02 4.660000000000000000e+02
4.320000000000000000e+02 8.500000000000000000e+01 5.010000000000000000e+02 1.580000000000000000e+02
4.450000000000000000e+02 1.770000000000000000e+02 4.840000000000000000e+02 2.280000000000000000e+02
4.920000000000000000e+02 1.750000000000000000e+02 5.110000000000000000e+02 2.180000000000000000e+02
