2.000000000000000000e+00 3.700000000000000000e+02 2.800000000000000000e+01 4.320000000000000000e+02
8.000000000000000000e+00 1.100000000000000000e+02 9.000000000000000000e+01 1.980000000000000000e+02
5.600000000000000000e+01 2.700000000000000000e+01 1.060000000000000000e+02 8.000000000000000000e+01
1.230000000000000000e+02 2.700000000000000000e+02 2.120000000000000000e+02 3.930000000000000000e+02
2.530000000000000000e+02 2.700000000000000000e+01 3.020000000000000000e+02 7.500000000000000000e+01
2.750000000000000000e+02 1.650000000000000000e+02 3.500000000000000000e+02 2.420000000000000000e+02
2.800000000000000000e+02 4.040000000000000000e+02 3.530000000000000000e+02 4.730000000000000000e+02
3.500000000000000000e+02 4.470000000000000000e+02 4.430000000000000000e+02 5.080000000000000000e+02
3.720000000000000000e+02 2.200000000000000000e+02 4.780000000000000000e+02 3.280000000000000000e+02
4.100000000000000000e+02 0.000000000000000000e+00 4.900000000000000000e+02 4.900000000000000000e+01
