7.000000000000000000e+00 2.390000000000000000e+02 7.600000000000000000e+01 3.000000000000000000e+02
1.200000000000000000e+01 5.020000000000000000e+02 4.800000000000000000e+01 5.120000000000000000e+02
1.500000000000000000e+01 3.780000000000000000e+02 9.300000000000000000e+01 4.490000000000000000e+02
6.500000000000000000e+01 0.000000000000000000e+00 9.200000000000000000e+01 7.000000000000000000e+00
8.000000000000000000e+01 4.000000000000000000e+00 1.860000000000000000e+02 9.900000000000000000e+01
8.100000000000000000e+01 4.380000000000000000e+02 1.400000000000000000e+02 4.910000000000000000e+02
1.610000000000000000e+02 1.090000000000000000e+02 2.330000000000000000e+02 1.680000000000000000e+02
1.610000000000000000e+02 3.340000000000000000e+02 2.420000000000000000e+02 4.340000000000000000e+02
1.840000000000000000e+02 4.670000000000000000e+02 2.480000000000000000e+02 5.120000000000000000e+02
2.110000000000000000e+02 1.500000000000000000e+02 3.210000000000000000e+02 2.270000000000000000e+02
2.420000000000000000e+02 4.900000000000000000e+01 3.170000000000000000e+02 1.350000000000000000e+02
2.440000000000000000e+02 0.000000000000000000e+00 2.680000000000000000e+02 8.000000000000000000e+00
2.740000000000000000e+02 2.390000000000000000e+02 3.410000000000000000e+02 3.240000000000000000e+02
2.880000000000000000e+02 3.340000000000000000e+02 3.510000000000000000e+02 3.990000000000000000e+02
3.410000000000000000e+02 3.960000000000000000e+02 3.920000000000000000e+02 4.510000000000000000e+02
4.030000000000000000e+02 0.000000000000000000e+00 4.530000000000000000e+02 2.600000000000000000e+01
4.180000000000000000e+02 1.770000000000000000e+02 4.760000000000000000e+02 2.380000000000000000e+02
4.190000000000000000e+02 4.690000000000000000e+02 4.840000000000000000e+02 5.120000000000000000e+02
4.530000000000000000e+02 1.020000000000000000e+02 5.120000000000000000e+02 1.800000000000000000e+02
4.610000000000000000e+02 2.420000000000000000e+02 5.120000000000000000e+02 3.060000000000000000e+02
4.960000000000000000e+02 3.770000000000000000e+02 5.120000000000000000e+02 4.250000000000000000e+02
5.080000000000000000e+02 2.050000000000000000e+02 5.120000000000000000e+02 2.250000000000000000e+02
