0.000000000000000000e+00 3.200000000000000000e+02 1.200000000000000000e+01 3.550000000000000000e+02
2.000000000000000000e+01 0.000000000000000000e+00 1.090000000000000000e+02 7.500000000000000000e+01
2.700000000000000000e+01 4.180000000000000000e+02 7.500000000000000000e+01 4.630000000000000000e+02
8.300000000000000000e+01 1.870000000000000000e+02 1.050000000000000000e+02 2.300000000000000000e+02
8.900000000000000000e+01 3.920000000000000000e+02 1.730000000000000000e+02 4.740000000000000000e+02
1.020000000000000000e+02 2.760000000000000000e+02 1.480000000000000000e+02 3.150000000000000000e+02
1.140000000000000000e+02 1.840000000000000000e+02 1.400000000000000000e+02 2.380000000000000000e+02
1.210000000000000000e+02 1.540000000000000000e+02 1.760000000000000000e+02 1.890000000000000000e+02
1.970000000000000000e+02 3.140000000000000000e+02 2.370000000000000000e+02 3.500000000000000000e+02
2.120000000000000000e+02 4.900000000000000000e+02 2.550000000000000000e+02 5.120000000000000000e+02
2.180000000000000000e+02 9.100000000000000000e+01 2.630000000000000000e+02 1.390000000000000000e+02
3.110000000000000000e+02 4.520000000000000000e+02 3.730000000000000000e+02 5.060000000000000000e+02
3.320000000000000000e+02 0.000000000000000000e+00 3.640000000000000000e+02 1.600000000000000000e+01
3.640000000000000000e+02 1.960000000000000000e+02 3.870000000000000000e+02 2.280000000000000000e+02
3.670000000000000000e+02 9.400000000000000000e+01 4.300000000000000000e+02 1.610000000000000000e+02
3.770000000000000000e+02 3.300000000000000000e+02 4.250000000000000000e+02 3.770000000000000000e+02
3.860000000000000000e+02 4.380000000000000000e+02 4.290000000000000000e+02 4.870000000000000000e+02
4.060000000000000000e+02 4.120000000000000000e+02 4.760000000000000000e+02 4.650000000000000000e+02
4.730000000000000000e+02 4.270000000000000000e+02 5.120000000000000000e+02 4.860000000000000000e+02
