0.000000000000000000e+00 0.000000000000000000e+00 2.300000000000000000e+01 4.400000000000000000e+01
0.000000000000000000e+00 1.550000000000000000e+02 5.500000000000000000e+01 2.160000000000000000e+02
4.600000000000000000e+01 1.060000000000000000e+02 1.290000000000000000e+02 1.950000000000000000e+02
5.900000000000000000e+01 2.640000000000000000e+02 1.300000000000000000e+02 3.170000000000000000e+02
7.500000000000000000e+01 4.930000000000000000e+02 1.120000000000000000e+02 5.120000000000000000e+02
7.800000000000000000e+01 0.000000000000000000e+00 1.570000000000000000e+02 8.100000000000000000e+01
9.600000000000000000e+01 2.050000000000000000e+02 1.770000000000000000e+02 2.420000000000000000e+02
1.350000000000000000e+02 3.080000000000000000e+02 1.740000000000000000e+02 3.410000000000000000e+02
2.050000000000000000e+02 2.800000000000000000e+01 2.680000000000000000e+02 8.900000000000000000e+01
2.190000000000000000e+02 3.540000000000000000e+02 3.220000000000000000e+02 4.210000000000000000e+02
2.880000000000000000e+02 4.860000000000000000e+02 3.690000000000000000e+02 5.120000000000000000e+02
3.090000000000000000e+02 8.000000000000000000e+00 3.600000000000000000e+02 4.900000000000000000e+01
3.330000000000000000e+02 1.370000000000000000e+02 3.580000000000000000e+02 1.680000000000000000e+02
3.520000000000000000e+02 4.110000000000000000e+02 4.130000000000000000e+02 4.620000000000000000e+02
3.940000000000000000e+02 3.170000000000000000e+02 4.210000000000000000e+02 3.440000000000000000e+02
4.070000000000000000e+02 2.030000000000000000e+02 4.920000000000000000e+02 2.400000000000000000e+02
4.290000000000000000e+02 7.700000000000000000e+01 5.120000000000000000e+02 1.860000000000000000e+02
