9.000000000000000000e+00 7.200000000000000000e+01 5.200000000000000000e+01 1.290000000000000000e+02
9.000000000000000000e+00 3.280000000000000000e+02 4.000000000000000000e+01 3.920000000000000000e+02
1.080000000000000000e+02 3.820000000000000000e+02 2.030000000000000000e+02 4.730000000000000000e+02
1.320000000000000000e+02 1.150000000000000000e+02 2.030000000000000000e+02 1.700000000000000000e+02
1.350000000000000000e+02 1.000000000000000000e+00 2.080000000000000000e+02 5.800000000000000000e+01
2.030000000000000000e+02 1.880000000000000000e+02 2.780000000000000000e+02 2.570000000000000000e+02
2.450000000000000000e+02 3.700000000000000000e+02 2.960000000000000000e+02 4.190000000000000000e+02
3.030000000000000000e+02 3.420000000000000000e+02 3.920000000000000000e+02 4.170000000000000000e+02
3.250000000000000000e+02 4.300000000000000000e+02 4.080000000000000000e+02 5.110000000000000000e+02
4.110000000000000000e+02 6.300000000000000000e+01 5.000000000000000000e+02 1.640000000000000000e+02
