0.000000000000000000e+00 3.610000000000000000e+02 2.400000000000000000e+01 4.180000000000000000e+02
1.900000000000000000e+01 0.000000000000000000e+00 7.100000000000000000e+01 1.800000000000000000e+01
7.400000000000000000e+01 0.000000000000000000e+00 1.270000000000000000e+02 1.800000000000000000e+01
7.400000000000000000e+01 2.150000000000000000e+02 1.610000000000000000e+02 3.010000000000000000e+02
9.400000000000000000e+01 4.330000000000000000e+02 1.810000000000000000e+02 5.120000000000000000e+02
1.420000000000000000e+02 3.850000000000000000e+02 1.900000000000000000e+02 4.320000000000000000e+02
1.540000000000000000e+02 0.000000000000000000e+00 2.300000000000000000e+02 4.200000000000000000e+01
1.590000000000000000e+02 3.300000000000000000e+02 2.190000000000000000e+02 3.880000000000000000e+02
2.110000000000000000e+02 1.680000000000000000e+02 3.540000000000000000e+02 2.720000000000000000e+02
3.220000000000000000e+02 2.100000000000000000e+01 3.930000000000000000e+02 6.700000000000000000e+01
3.580000000000000000e+02 4.660000000000000000e+02 4.110000000000000000e+02 5.120000000000000000e+02
3.880000000000000000e+02 2.750000000000000000e+02 4.550000000000000000e+02 3.420000000000000000e+02
3.980000000000000000e+02 3.850000000000000000e+02 4.530000000000000000e+02 4.430000000000000000e+02
4.010000000000000000e+02 8.900000000000000000e+01 4.740000000000000000e+02 1.530000000000000000e+02
4.100000000000000000e+02 0.000000000000000000e+00 4.750000000000000000e+02 5.200000000000000000e+01
4.510000000000000000e+02 4.010000000000000000e+02 4.910000000000000000e+02 4.630000000000000000e+02
4.720000000000000000e+02 1.400000000000000000e+01 5.120000000000000000e+02 8.000000000000000000e+01
4.760000000000000000e+02 3.010000000000000000e+02 5.120000000000000000e+02 3.750000000000000000e+02
5.040000000000000000e+02 4.090000000000000000e+02 5.120000000000000000e+02 4.340000000000000000e+02
5.100000000000000000e+02 1.460000000000000000e+02 5.120000000000000000e+02 1.610000000000000000e+02
