0.000000000000000000e+00 2.400000000000000000e+02 1.210000000000000000e+02 3.690000000000000000e+02
2.700000000000000000e+01 4.170000000000000000e+02 1.150000000000000000e+02 5.120000000000000000e+02
7.700000000000000000e+01 1.800000000000000000e+02 1.770000000000000000e+02 2.770000000000000000e+02
8.100000000000000000e+01 2.500000000000000000e+01 1.630000000000000000e+02 1.060000000000000000e+02
1.040000000000000000e+02 4.650000000000000000e+02 1.820000000000000000e+02 5.120000000000000000e+02
1.370000000000000000e+02 2.830000000000000000e+02 2.140000000000000000e+02 3.650000000000000000e+02
1.980000000000000000e+02 3.870000000000000000e+02 2.420000000000000000e+02 4.400000000000000000e+02
2.220000000000000000e+02 4.520000000000000000e+02 2.650000000000000000e+02 5.000000000000000000e+02
2.300000000000000000e+02 1.500000000000000000e+01 2.900000000000000000e+02 9.300000000000000000e+01
2.310000000000000000e+02 2.500000000000000000e+02 2.750000000000000000e+02 2.970000000000000000e+02
2.480000000000000000e+02 2.790000000000000000e+02 3.290000000000000000e+02 3.570000000000000000e+02
2.640000000000000000e+02 4.850000000000000000e+02 3.050000000000000000e+02 5.120000000000000000e+02
2.750000000000000000e+02 1.760000000000000000e+02 2.980000000000000000e+02 2.170000000000000000e+02
2.810000000000000000e+02 4.300000000000000000e+01 3.280000000000000000e+02 9.600000000000000000e+01
3.020000000000000000e+02 3.940000000000000000e+02 3.430000000000000000e+02 4.380000000000000000e+02
3.150000000000000000e+02 5.070000000000000000e+02 3.350000000000000000e+02 5.120000000000000000e+02
3.290000000000000000e+02 8.500000000000000000e+01 3.810000000000000000e+02 1.360000000000000000e+02
3.390000000000000000e+02 3.420000000000000000e+02 3.960000000000000000e+02 3.910000000000000000e+02
3.570000000000000000e+02 2.600000000000000000e+02 4.270000000000000000e+02 3.330000000000000000e+02
4.160000000000000000e+02 7.600000000000000000e+01 4.670000000000000000e+02 1.340000000000000000e+02
4.180000000000000000e+02 2.070000000000000000e+02 4.470000000000000000e+02 2.450000000000000000e+02
4.300000000000000000e+02 3.690000000000000000e+02 4.820000000000000000e+02 4.210000000000000000e+02
4.320000000000000000e+02 4.960000000000000000e+02 4.660000000000000000e+02 5.120000000000000000e+02
4.460000000000000000e+02 0.000000000000000000e+00 4.860000000000000000e+02 2.100000000000000000e+01
4.600000000000000000e+02 4.510000000000000000e+02 5.020000000000000000e+02 4.850000000000000000e+02
4.740000000000000000e+02 2.550000000000000000e+02 5.110000000000000000e+02 3.080000000000000000e+02
4.810000000000000000e+02 4.690000000000000000e+02 5.120000000000000000e+02 5.120000000000000000e+02
