0.000000000000000000e+00 3.500000000000000000e+01 5.100000000000000000e+01 1.120000000000000000e+02
9.000000000000000000e+00 5.090000000000000000e+02 3.200000000000000000e+01 5.120000000000000000e+02
3.900000000000000000e+01 3.510000000000000000e+02 1.200000000000000000e+02 4.710000000000000000e+02
4.300000000000000000e+01 2.640000000000000000e+02 1.110000000000000000e+02 3.320000000000000000e+02
8.200000000000000000e+01 6.100000000000000000e+01 1.300000000000000000e+02 1.120000000000000000e+02
8.800000000000000000e+01 5.110000000000000000e+02 9.600000000000000000e+01 5.120000000000000000e+02
1.410000000000000000e+02 6.000000000000000000e+00 1.840000000000000000e+02 4.300000000000000000e+01
1.410000000000000000e+02 3.530000000000000000e+02 2.710000000000000000e+02 4.570000000000000000e+02
1.770000000000000000e+02 2.310000000000000000e+02 2.420000000000000000e+02 3.030000000000000000e+02
2.110000000000000000e+02 4.770000000000000000e+02 3.040000000000000000e+02 5.120000000000000000e+02
2.600000000000000000e+02 2.350000000000000000e+02 3.300000000000000000e+02 3.090000000000000000e+02
3.440000000000000000e+02 0.000000000000000000e+00 4.210000000000000000e+02 5.100000000000000000e+01
3.580000000000000000e+02 2.550000000000000000e+02 4.540000000000000000e+02 3.420000000000000000e+02
4.040000000000000000e+02 4.070000000000000000e+02 5.090000000000000000e+02 5.120000000000000000e+02
5.110000000000000000e+02 2.510000000000000000e+02 5.120000000000000000e+02 2.610000000000000000e+02
