2.400000000000000000e+01 1.210000000000000000e+02 1.150000000000000000e+02 2.090000000000000000e+02
6.000000000000000000e+01 4.310000000000000000e+02 1.010000000000000000e+02 4.720000000000000000e+02
1.020000000000000000e+02 4.560000000000000000e+02 1.530000000000000000e+02 5.060000000000000000e+02
1.070000000000000000e+02 9.000000000000000000e+01 1.810000000000000000e+02 1.630000000000000000e+02
1.370000000000000000e+02 1.560000000000000000e+02 2.200000000000000000e+02 2.410000000000000000e+02
1.580000000000000000e+02 3.770000000000000000e+02 2.290000000000000000e+02 4.420000000000000000e+02
2.560000000000000000e+02 1.680000000000000000e+02 3.430000000000000000e+02 2.560000000000000000e+02
2.620000000000000000e+02 4.840000000000000000e+02 3.000000000000000000e+02 5.120000000000000000e+02
2.840000000000000000e+02 2.730000000000000000e+02 3.370000000000000000e+02 3.200000000000000000e+02
3.010000000000000000e+02 3.280000000000000000e+02 3.470000000000000000e+02 3.680000000000000000e+02
4.230000000000000000e+02 1.110000000000000000e+02 5.120000000000000000e+02 3.650000000000000000e+02
