2.800000000000000000e+01 2.990000000000000000e+02 1.200000000000000000e+02 3.580000000000000000e+02
5.000000000000000000e+01 4.410000000000000000e+02 1.250000000000000000e+02 5.120000000000000000e+02
5.100000000000000000e+01 4.900000000000000000e+01 1.370000000000000000e+02 1.200000000000000000e+02
5.200000000000000000e+01 3.460000000000000000e+02 1.120000000000000000e+02 3.950000000000000000e+02
5.400000000000000000e+01 0.000000000000000000e+00 1.510000000000000000e+02 4.800000000000000000e+01
7.000000000000000000e+01 1.270000000000000000e+02 1.420000000000000000e+02 2.070000000000000000e+02
1.170000000000000000e+02 2.620000000000000000e+02 1.840000000000000000e+02 3.230000000000000000e+02
1.330000000000000000e+02 4.000000000000000000e+01 1.860000000000000000e+02 8.100000000000000000e+01
1.560000000000000000e+02 2.050000000000000000e+02 2.110000000000000000e+02 2.630000000000000000e+02
1.590000000000000000e+02 7.800000000000000000e+01 2.240000000000000000e+02 1.370000000000000000e+02
1.610000000000000000e+02 4.570000000000000000e+02 2.120000000000000000e+02 5.120000000000000000e+02
2.000000000000000000e+02 5.000000000000000000e+00 4.090000000000000000e+02 1.090000000000000000e+02
2.020000000000000000e+02 3.190000000000000000e+02 2.560000000000000000e+02 3.640000000000000000e+02
2.030000000000000000e+02 3.590000000000000000e+02 2.440000000000000000e+02 4.040000000000000000e+02
2.130000000000000000e+02 4.880000000000000000e+02 2.430000000000000000e+02 5.120000000000000000e+02
2.460000000000000000e+02 1.540000000000000000e+02 2.970000000000000000e+02 2.130000000000000000e+02
2.480000000000000000e+02 4.250000000000000000e+02 3.580000000000000000e+02 5.120000000000000000e+02
3.000000000000000000e+02 2.830000000000000000e+02 3.680000000000000000e+02 3.460000000000000000e+02
3.410000000000000000e+02 3.840000000000000000e+02 3.970000000000000000e+02 4.360000000000000000e+02
3.760000000000000000e+02 4.370000000000000000e+02 4.010000000000000000e+02 4.630000000000000000e+02
3.780000000000000000e+02 1.110000000000000000e+02 4.530000000000000000e+02 1.810000000000000000e+02
3.790000000000000000e+02 5.040000000000000000e+02 4.150000000000000000e+02 5.120000000000000000e+02
3.850000000000000000e+02 0.000000000000000000e+00 5.080000000000000000e+02 1.160000000000000000e+02
3.870000000000000000e+02 3.280000000000000000e+02 4.640000000000000000e+02 4.060000000000000000e+02
4.120000000000000000e+02 4.420000000000000000e+02 4.470000000000000000e+02 4.910000000000000000e+02
4.410000000000000000e+02 1.350000000000000000e+02 4.890000000000000000e+02 1.990000000000000000e+02
4.550000000000000000e+02 4.560000000000000000e+02 5.040000000000000000e+02 5.070000000000000000e+02
4.650000000000000000e+02 3.250000000000000000e+02 5.100000000000000000e+02 3.870000000000000000e+02
4.940000000000000000e+02 4.040000000000000000e+02 5.100000000000000000e+02 4.300000000000000000e+02
