0.000000000000000000e+00 3.690000000000000000e+02 2.500000000000000000e+01 4.110000000000000000e+02
2.400000000000000000e+01 1.430000000000000000e+02 6.500000000000000000e+01 1.820000000000000000e+02
4.200000000000000000e+01 2.800000000000000000e+02 9.100000000000000000e+01 3.230000000000000000e+02
1.340000000000000000e+02 2.410000000000000000e+02 1.930000000000000000e+02 2.900000000000000000e+02
1.650000000000000000e+02 4.360000000000000000e+02 2.120000000000000000e+02 4.810000000000000000e+02
2.180000000000000000e+02 3.250000000000000000e+02 3.250000000000000000e+02 4.250000000000000000e+02
2.220000000000000000e+02 2.000000000000000000e+00 2.790000000000000000e+02 3.400000000000000000e+01
2.330000000000000000e+02 7.600000000000000000e+01 2.940000000000000000e+02 1.290000000000000000e+02
2.540000000000000000e+02 1.400000000000000000e+02 3.370000000000000000e+02 2.350000000000000000e+02
3.160000000000000000e+02 4.880000000000000000e+02 3.660000000000000000e+02 5.120000000000000000e+02
3.340000000000000000e+02 7.100000000000000000e+01 3.890000000000000000e+02 1.180000000000000000e+02
4.420000000000000000e+02 3.160000000000000000e+02 4.810000000000000000e+02 3.530000000000000000e+02
4.820000000000000000e+02 1.000000000000000000e+00 5.120000000000000000e+02 4.500000000000000000e+01
4.830000000000000000e+02 1.270000000000000000e+02 5.120000000000000000e+02 1.760000000000000000e+02
4.880000000000000000e+02 2.340000000000000000e+02 5.110000000000000000e+02 2.840000000000000000e+02
