4.000000000000000000e+01 3.170000000000000000e+02 9.700000000000000000e+01 3.660000000000000000e+02
4.300000000000000000e+01 3.700000000000000000e+02 1.420000000000000000e+02 4.670000000000000000e+02
6.600000000000000000e+01 1.900000000000000000e+02 1.230000000000000000e+02 2.390000000000000000e+02
8.500000000000000000e+01 1.100000000000000000e+01 1.580000000000000000e+02 8.000000000000000000e+01
1.280000000000000000e+02 2.260000000000000000e+02 2.350000000000000000e+02 3.070000000000000000e+02
1.750000000000000000e+02 1.000000000000000000e+00 2.180000000000000000e+02 2.000000000000000000e+01
1.770000000000000000e+02 2.800000000000000000e+01 2.280000000000000000e+02 6.700000000000000000e+01
2.270000000000000000e+02 3.120000000000000000e+02 2.720000000000000000e+02 3.550000000000000000e+02
2.550000000000000000e+02 4.860000000000000000e+02 3.080000000000000000e+02 5.120000000000000000e+02
3.430000000000000000e+02 4.040000000000000000e+02 4.180000000000000000e+02 4.690000000000000000e+02
3.470000000000000000e+02 9.000000000000000000e+00 4.660000000000000000e+02 1.010000000000000000e+02
3.620000000000000000e+02 2.880000000000000000e+02 4.230000000000000000e+02 3.430000000000000000e+02
4.800000000000000000e+02 4.270000000000000000e+02 5.100000000000000000e+02 4.900000000000000000e+02
4.850000000000000000e+02 1.310000000000000000e+02 5.100000000000000000e+02 1.830000000000000000e+02
