0.000000000000000000e+00 1.840000000000000000e+02 6.400000000000000000e+01 2.620000000000000000e+02
0.000000000000000000e+00 3.080000000000000000e+02 1.000000000000000000e+00 3.200000000000000000e+02
5.100000000000000000e+01 1.210000000000000000e+02 7.700000000000000000e+01 1.540000000000000000e+02
1.100000000000000000e+02 3.190000000000000000e+02 1.620000000000000000e+02 3.800000000000000000e+02
1.250000000000000000e+02 4.270000000000000000e+02 1.720000000000000000e+02 4.730000000000000000e+02
1.350000000000000000e+02 0.000000000000000000e+00 1.620000000000000000e+02 1.900000000000000000e+01
1.470000000000000000e+02 5.110000000000000000e+02 1.540000000000000000e+02 5.120000000000000000e+02
1.520000000000000000e+02 3.000000000000000000e+01 2.060000000000000000e+02 9.400000000000000000e+01
1.750000000000000000e+02 3.770000000000000000e+02 2.360000000000000000e+02 4.550000000000000000e+02
2.100000000000000000e+02 1.750000000000000000e+02 2.720000000000000000e+02 2.450000000000000000e+02
2.210000000000000000e+02 2.740000000000000000e+02 3.010000000000000000e+02 3.540000000000000000e+02
3.040000000000000000e+02 8.900000000000000000e+01 3.410000000000000000e+02 1.410000000000000000e+02
3.160000000000000000e+02 3.930000000000000000e+02 3.480000000000000000e+02 4.220000000000000000e+02
3.360000000000000000e+02 1.500000000000000000e+01 3.950000000000000000e+02 7.200000000000000000e+01
3.540000000000000000e+02 4.520000000000000000e+02 4.490000000000000000e+02 5.120000000000000000e+02
3.610000000000000000e+02 8.000000000000000000e+01 4.200000000000000000e+02 1.400000000000000000e+02
3.970000000000000000e+02 1.690000000000000000e+02 4.870000000000000000e+02 2.690000000000000000e+02
4.790000000000000000e+02 0.000000000000000000e+00 5.120000000000000000e+02 2.000000000000000000e+01
4.940000000000000000e+02 4.500000000000000000e+02 5.120000000000000000e+02 4.930000000000000000e+02
