0.000000000000000000e+00 3.870000000000000000e+02 2.800000000000000000e+01 4.450000000000000000e+02
1.100000000000000000e+01 1.340000000000000000e+02 8.900000000000000000e+01 2.030000000000000000e+02
2.800000000000000000e+01 0.000000000000000000e+00 9.000000000000000000e+01 3.800000000000000000e+01
1.140000000000000000e+02 3.440000000000000000e+02 1.590000000000000000e+02 4.030000000000000000e+02
1.210000000000000000e+02 2.780000000000000000e+02 1.900000000000000000e+02 3.300000000000000000e+02
2.210000000000000000e+02 0.000000000000000000e+00 3.140000000000000000e+02 3.800000000000000000e+01
2.280000000000000000e+02 7.000000000000000000e+01 2.860000000000000000e+02 1.240000000000000000e+02
2.360000000000000000e+02 3.090000000000000000e+02 2.810000000000000000e+02 3.480000000000000000e+02
2.690000000000000000e+02 3.920000000000000000e+02 3.610000000000000000e+02 4.790000000000000000e+02
3.220000000000000000e+02 3.500000000000000000e+01 3.770000000000000000e+02 8.900000000000000000e+01
3.350000000000000000e+02 2.280000000000000000e+02 3.950000000000000000e+02 2.860000000000000000e+02
3.950000000000000000e+02 0.000000000000000000e+00 4.430000000000000000e+02 1.800000000000000000e+01
4.130000000000000000e+02 4.010000000000000000e+02 4.640000000000000000e+02 4.520000000000000000e+02
4.420000000000000000e+02 3.180000000000000000e+02 4.860000000000000000e+02 3.630000000000000000e+02
4.780000000000000000e+02 1.610000000000000000e+02 5.120000000000000000e+02 2.200000000000000000e+02
