4.000000000000000000e+00 9.000000000000000000e+01 1.700000000000000000e+01 1.290000000000000000e+02
4.000000000000000000e+00 4.040000000000000000e+02 7.600000000000000000e+01 4.810000000000000000e+02
4.700000000000000000e+01 5.400000000000000000e+01 9.600000000000000000e+01 1.020000000000000000e+02
7.300000000000000000e+01 3.240000000000000000e+02 1.330000000000000000e+02 3.790000000000000000e+02
1.100000000000000000e+02 1.360000000000000000e+02 1.720000000000000000e+02 1.980000000000000000e+02
1.120000000000000000e+02 4.390000000000000000e+02 1.810000000000000000e+02 5.080000000000000000e+02
1.510000000000000000e+02 7.300000000000000000e+01 3.110000000000000000e+02 1.760000000000000000e+02
1.990000000000000000e+02 0.000000000000000000e+00 2.390000000000000000e+02 2.000000000000000000e+01
2.090000000000000000e+02 1.760000000000000000e+02 2.920000000000000000e+02 2.660000000000000000e+02
2.520000000000000000e+02 4.260000000000000000e+02 2.980000000000000000e+02 4.690000000000000000e+02
2.760000000000000000e+02 3.530000000000000000e+02 3.380000000000000000e+02 4.160000000000000000e+02
3.270000000000000000e+02 4.540000000000000000e+02 3.830000000000000000e+02 5.120000000000000000e+02
3.700000000000000000e+02 2.550000000000000000e+02 4.190000000000000000e+02 3.040000000000000000e+02
4.640000000000000000e+02 5.900000000000000000e+01 5.120000000000000000e+02 1.800000000000000000e+02
