3.100000000000000000e+01 1.060000000000000000e+02 9.500000000000000000e+01 1.620000000000000000e+02
1.070000000000000000e+02 0.000000000000000000e+00 1.250000000000000000e+02 4.000000000000000000e+00
1.430000000000000000e+02 2.000000000000000000e+00 2.210000000000000000e+02 7.900000000000000000e+01
1.550000000000000000e+02 3.370000000000000000e+02 2.180000000000000000e+02 4.120000000000000000e+02
2.020000000000000000e+02 2.510000000000000000e+02 3.040000000000000000e+02 3.660000000000000000e+02
2.200000000000000000e+02 3.710000000000000000e+02 2.900000000000000000e+02 4.450000000000000000e+02
2.490000000000000000e+02 5.000000000000000000e+01 3.390000000000000000e+02 1.410000000000000000e+02
2.620000000000000000e+02 6.000000000000000000e+00 3.120000000000000000e+02 4.600000000000000000e+01
3.150000000000000000e+02 4.770000000000000000e+02 3.810000000000000000e+02 5.080000000000000000e+02
5.000000000000000000e+02 2.900000000000000000e+02 5.120000000000000000e+02 3.290000000000000000e+02
5.020000000000000000e+02 1.340000000000000000e+02 5.120000000000000000e+02 1.650000000000000000e+02
