0.000000000000000000e+00 1.470000000000000000e+02 1.000000000000000000e+00 1.540000000000000000e+02
0.000000000000000000e+00 3.540000000000000000e+02 6.000000000000000000e+01 4.490000000000000000e+02
1.900000000000000000e+01 4.940000000000000000e+02 6.200000000000000000e+01 5.120000000000000000e+02
3.900000000000000000e+01 1.250000000000000000e+02 8.500000000000000000e+01 1.720000000000000000e+02
5.700000000000000000e+01 1.750000000000000000e+02 1.350000000000000000e+02 2.360000000000000000e+02
9.000000000000000000e+01 3.160000000000000000e+02 1.190000000000000000e+02 3.480000000000000000e+02
1.320000000000000000e+02 1.100000000000000000e+02 1.930000000000000000e+02 1.620000000000000000e+02
1.580000000000000000e+02 2.210000000000000000e+02 2.380000000000000000e+02 3.010000000000000000e+02
1.920000000000000000e+02 0.000000000000000000e+00 2.040000000000000000e+02 1.000000000000000000e+00
2.430000000000000000e+02 3.970000000000000000e+02 3.430000000000000000e+02 4.870000000000000000e+02
2.500000000000000000e+02 0.000000000000000000e+00 3.280000000000000000e+02 6.400000000000000000e+01
2.670000000000000000e+02 2.100000000000000000e+02 3.370000000000000000e+02 2.720000000000000000e+02
3.580000000000000000e+02 5.100000000000000000e+01 3.910000000000000000e+02 7.700000000000000000e+01
3.710000000000000000e+02 3.040000000000000000e+02 4.230000000000000000e+02 3.410000000000000000e+02
3.720000000000000000e+02 3.610000000000000000e+02 4.320000000000000000e+02 4.200000000000000000e+02
4.180000000000000000e+02 1.520000000000000000e+02 4.820000000000000000e+02 2.060000000000000000e+02
4.400000000000000000e+02 3.360000000000000000e+02 4.970000000000000000e+02 3.950000000000000000e+02
4.920000000000000000e+02 4.790000000000000000e+02 5.120000000000000000e+02 5.120000000000000000e+02
4.930000000000000000e+02 1.350000000000000000e+02 5.120000000000000000e+02 1.620000000000000000e+02
