0.000000000000000000e+00 3.700000000000000000e+01 4.700000000000000000e+01 1.000000000000000000e+02
0.000000000000000000e+00 3.740000000000000000e+02 1.400000000000000000e+01 4.150000000000000000e+02
2.480000000000000000e+02 4.070000000000000000e+02 3.070000000000000000e+02 4.680000000000000000e+02
2.500000000000000000e+02 2.060000000000000000e+02 3.380000000000000000e+02 3.150000000000000000e+02
2.890000000000000000e+02 3.390000000000000000e+02 3.360000000000000000e+02 4.020000000000000000e+02
3.050000000000000000e+02 7.400000000000000000e+01 3.640000000000000000e+02 1.470000000000000000e+02
3.970000000000000000e+02 2.020000000000000000e+02 4.380000000000000000e+02 2.350000000000000000e+02
4.090000000000000000e+02 8.500000000000000000e+01 4.420000000000000000e+02 1.240000000000000000e+02
4.320000000000000000e+02 2.330000000000000000e+02 4.910000000000000000e+02 3.120000000000000000e+02
4.480000000000000000e+02 3.630000000000000000e+02 4.870000000000000000e+02 4.040000000000000000e+02
