0.000000000000000000e+00 0.000000000000000000e+00 5.000000000000000000e+00 2.900000000000000000e+01
3.600000000000000000e+01 1.290000000000000000e+02 1.270000000000000000e+02 2.260000000000000000e+02
6.800000000000000000e+01 0.000000000000000000e+00 1.360000000000000000e+02 5.600000000000000000e+01
8.100000000000000000e+01 4.590000000000000000e+02 1.360000000000000000e+02 5.120000000000000000e+02
1.430000000000000000e+02 1.720000000000000000e+02 2.690000000000000000e+02 2.420000000000000000e+02
1.490000000000000000e+02 3.430000000000000000e+02 2.040000000000000000e+02 3.980000000000000000e+02
1.800000000000000000e+02 8.100000000000000000e+01 2.300000000000000000e+02 1.210000000000000000e+02
2.160000000000000000e+02 4.080000000000000000e+02 3.000000000000000000e+02 4.950000000000000000e+02
2.320000000000000000e+02 0.000000000000000000e+00 3.030000000000000000e+02 3.400000000000000000e+01
3.030000000000000000e+02 2.740000000000000000e+02 3.930000000000000000e+02 3.690000000000000000e+02
3.050000000000000000e+02 2.100000000000000000e+01 3.590000000000000000e+02 7.200000000000000000e+01
3.690000000000000000e+02 4.000000000000000000e+01 4.570000000000000000e+02 1.210000000000000000e+02
3.760000000000000000e+02 1.610000000000000000e+02 4.330000000000000000e+02 2.210000000000000000e+02
4.940000000000000000e+02 1.280000000000000000e+02 5.120000000000000000e+02 1.690000000000000000e+02
