0.000000000000000000e+00 2.810000000000000000e+02 1.700000000000000000e+01 3.080000000000000000e+02
0.000000000000000000e+00 3.340000000000000000e+02 6.000000000000000000e+01 4.000000000000000000e+02
9.400000000000000000e+01 1.830000000000000000e+02 1.590000000000000000e+02 2.460000000000000000e+02
1.100000000000000000e+02 4.900000000000000000e+02 1.510000000000000000e+02 5.120000000000000000e+02
1.140000000000000000e+02 5.000000000000000000e+01 1.990000000000000000e+02 1.360000000000000000e+02
2.820000000000000000e+02 3.800000000000000000e+01 3.320000000000000000e+02 8.400000000000000000e+01
2.850000000000000000e+02 5.050000000000000000e+02 3.240000000000000000e+02 5.120000000000000000e+02
3.400000000000000000e+02 3.390000000000000000e+02 3.530000000000000000e+02 3.550000000000000000e+02
3.440000000000000000e+02 2.380000000000000000e+02 3.870000000000000000e+02 2.930000000000000000e+02
3.480000000000000000e+02 1.460000000000000000e+02 4.110000000000000000e+02 2.070000000000000000e+02
3.580000000000000000e+02 9.700000000000000000e+01 4.400000000000000000e+02 1.570000000000000000e+02
4.110000000000000000e+02 2.640000000000000000e+02 4.680000000000000000e+02 3.250000000000000000e+02
4.650000000000000000e+02 3.760000000000000000e+02 5.120000000000000000e+02 4.370000000000000000e+02
4.710000000000000000e+02 7.000000000000000000e+00 5.120000000000000000e+02 5.700000000000000000e+01
4.980000000000000000e+02 2.480000000000000000e+02 5.120000000000000000e+02 2.850000000000000000e+02
