0.000000000000000000e+00 4.100000000000000000e+01 9.600000000000000000e+01 1.410000000000000000e+02
0.000000000000000000e+00 2.850000000000000000e+02 3.400000000000000000e+01 3.560000000000000000e+02
0.000000000000000000e+00 3.760000000000000000e+02 6.100000000000000000e+01 4.990000000000000000e+02
4.500000000000000000e+01 1.900000000000000000e+02 9.100000000000000000e+01 2.440000000000000000e+02
5.300000000000000000e+01 2.540000000000000000e+02 1.020000000000000000e+02 3.060000000000000000e+02
1.050000000000000000e+02 1.750000000000000000e+02 1.820000000000000000e+02 2.540000000000000000e+02
1.260000000000000000e+02 2.660000000000000000e+02 1.860000000000000000e+02 3.190000000000000000e+02
1.710000000000000000e+02 3.000000000000000000e+00 2.480000000000000000e+02 3.500000000000000000e+01
2.050000000000000000e+02 4.120000000000000000e+02 2.480000000000000000e+02 4.570000000000000000e+02
2.140000000000000000e+02 2.390000000000000000e+02 2.910000000000000000e+02 3.180000000000000000e+02
2.370000000000000000e+02 1.570000000000000000e+02 2.720000000000000000e+02 1.960000000000000000e+02
2.990000000000000000e+02 3.820000000000000000e+02 3.560000000000000000e+02 4.410000000000000000e+02
3.090000000000000000e+02 1.310000000000000000e+02 3.540000000000000000e+02 1.800000000000000000e+02
3.220000000000000000e+02 0.000000000000000000e+00 3.650000000000000000e+02 2.000000000000000000e+01
3.450000000000000000e+02 2.620000000000000000e+02 4.300000000000000000e+02 3.470000000000000000e+02
3.810000000000000000e+02 4.800000000000000000e+01 4.560000000000000000e+02 1.470000000000000000e+02
4.800000000000000000e+02 0.000000000000000000e+00 5.120000000000000000e+02 7.100000000000000000e+01
4.970000000000000000e+02 1.670000000000000000e+02 5.120000000000000000e+02 1.950000000000000000e+02
