0.000000000000000000e+00 2.880000000000000000e+02 2.400000000000000000e+01 3.240000000000000000e+02
1.500000000000000000e+01 3.780000000000000000e+02 2.900000000000000000e+01 3.940000000000000000e+02
2.300000000000000000e+01 4.100000000000000000e+02 1.030000000000000000e+02 5.010000000000000000e+02
1.220000000000000000e+02 8.800000000000000000e+01 1.820000000000000000e+02 1.390000000000000000e+02
1.240000000000000000e+02 2.340000000000000000e+02 1.990000000000000000e+02 3.020000000000000000e+02
1.320000000000000000e+02 3.360000000000000000e+02 1.890000000000000000e+02 3.900000000000000000e+02
1.780000000000000000e+02 1.200000000000000000e+01 2.400000000000000000e+02 9.000000000000000000e+01
2.010000000000000000e+02 5.010000000000000000e+02 2.340000000000000000e+02 5.120000000000000000e+02
2.130000000000000000e+02 4.300000000000000000e+02 2.730000000000000000e+02 4.890000000000000000e+02
2.640000000000000000e+02 3.960000000000000000e+02 2.960000000000000000e+02 4.130000000000000000e+02
2.700000000000000000e+02 1.320000000000000000e+02 3.260000000000000000e+02 1.750000000000000000e+02
2.730000000000000000e+02 2.830000000000000000e+02 3.190000000000000000e+02 3.250000000000000000e+02
2.970000000000000000e+02 1.930000000000000000e+02 3.470000000000000000e+02 2.500000000000000000e+02
3.290000000000000000e+02 3.330000000000000000e+02 3.490000000000000000e+02 3.600000000000000000e+02
4.690000000000000000e+02 0.000000000000000000e+00 4.990000000000000000e+02 8.000000000000000000e+00
