0.000000000000000000e+00 8.800000000000000000e+01 1.500000000000000000e+01 1.340000000000000000e+02
7.000000000000000000e+01 1.300000000000000000e+01 1.740000000000000000e+02 1.100000000000000000e+02
1.160000000000000000e+02 0.000000000000000000e+00 1.220000000000000000e+02 2.000000000000000000e+00
1.160000000000000000e+02 1.090000000000000000e+02 1.930000000000000000e+02 1.930000000000000000e+02
1.250000000000000000e+02 3.120000000000000000e+02 2.120000000000000000e+02 3.950000000000000000e+02
2.250000000000000000e+02 6.500000000000000000e+01 3.150000000000000000e+02 1.550000000000000000e+02
3.020000000000000000e+02 2.950000000000000000e+02 3.780000000000000000e+02 3.800000000000000000e+02
3.670000000000000000e+02 0.000000000000000000e+00 3.850000000000000000e+02 3.000000000000000000e+00
3.890000000000000000e+02 4.140000000000000000e+02 5.060000000000000000e+02 5.120000000000000000e+02
5.070000000000000000e+02 4.250000000000000000e+02 5.120000000000000000e+02 4.480000000000000000e+02
