1.700000000000000000e+01 2.220000000000000000e+02 3.700000000000000000e+01 2.450000000000000000e+02
3.700000000000000000e+01 3.250000000000000000e+02 1.200000000000000000e+02 4.020000000000000000e+02
4.200000000000000000e+01 4.230000000000000000e+02 1.080000000000000000e+02 4.710000000000000000e+02
5.700000000000000000e+01 4.910000000000000000e+02 1.120000000000000000e+02 5.120000000000000000e+02
9.500000000000000000e+01 7.300000000000000000e+01 1.460000000000000000e+02 1.180000000000000000e+02
1.750000000000000000e+02 1.900000000000000000e+02 2.370000000000000000e+02 2.470000000000000000e+02
1.800000000000000000e+02 3.110000000000000000e+02 2.050000000000000000e+02 3.450000000000000000e+02
2.360000000000000000e+02 2.140000000000000000e+02 2.640000000000000000e+02 2.380000000000000000e+02
2.500000000000000000e+02 3.760000000000000000e+02 3.040000000000000000e+02 4.230000000000000000e+02
2.600000000000000000e+02 1.980000000000000000e+02 2.960000000000000000e+02 2.570000000000000000e+02
3.260000000000000000e+02 3.150000000000000000e+02 3.920000000000000000e+02 3.800000000000000000e+02
3.310000000000000000e+02 3.840000000000000000e+02 3.750000000000000000e+02 4.110000000000000000e+02
3.330000000000000000e+02 1.750000000000000000e+02 4.250000000000000000e+02 2.620000000000000000e+02
4.680000000000000000e+02 1.990000000000000000e+02 5.120000000000000000e+02 2.710000000000000000e+02
4.720000000000000000e+02 2.880000000000000000e+02 5.120000000000000000e+02 3.200000000000000000e+02
