8.000000000000000000e+00 4.350000000000000000e+02 7.400000000000000000e+01 5.110000000000000000e+02
8.300000000000000000e+01 2.030000000000000000e+02 1.460000000000000000e+02 2.680000000000000000e+02
9.600000000000000000e+01 4.870000000000000000e+02 1.500000000000000000e+02 5.120000000000000000e+02
1.130000000000000000e+02 0.000000000000000000e+00 1.890000000000000000e+02 3.200000000000000000e+01
1.240000000000000000e+02 4.050000000000000000e+02 1.640000000000000000e+02 4.460000000000000000e+02
2.090000000000000000e+02 4.110000000000000000e+02 2.480000000000000000e+02 4.550000000000000000e+02
2.300000000000000000e+02 2.600000000000000000e+02 2.890000000000000000e+02 3.170000000000000000e+02
2.530000000000000000e+02 3.910000000000000000e+02 3.170000000000000000e+02 4.720000000000000000e+02
2.700000000000000000e+02 1.650000000000000000e+02 3.090000000000000000e+02 2.190000000000000000e+02
4.440000000000000000e+02 2.600000000000000000e+01 4.960000000000000000e+02 9.500000000000000000e+01
4.600000000000000000e+02 4.230000000000000000e+02 5.120000000000000000e+02 4.920000000000000000e+02
4.830000000000000000e+02 0.000000000000000000e+00 5.120000000000000000e+02 2.800000000000000000e+01
4.830000000000000000e+02 3.870000000000000000e+02 5.080000000000000000e+02 4.120000000000000000e+02
