0.000000000000000000e+00 1.580000000000000000e+02 6.800000000000000000e+01 2.050000000000000000e+02
0.000000000000000000e+00 1.960000000000000000e+02 3.800000000000000000e+01 2.430000000000000000e+02
0.000000000000000000e+00 2.540000000000000000e+02 1.700000000000000000e+01 2.740000000000000000e+02
3.900000000000000000e+01 3.200000000000000000e+01 1.160000000000000000e+02 1.140000000000000000e+02
6.300000000000000000e+01 3.460000000000000000e+02 1.580000000000000000e+02 4.290000000000000000e+02
1.030000000000000000e+02 1.120000000000000000e+02 1.560000000000000000e+02 1.590000000000000000e+02
2.070000000000000000e+02 3.510000000000000000e+02 2.970000000000000000e+02 4.090000000000000000e+02
2.120000000000000000e+02 1.450000000000000000e+02 2.400000000000000000e+02 1.720000000000000000e+02
2.380000000000000000e+02 1.520000000000000000e+02 3.020000000000000000e+02 2.030000000000000000e+02
3.220000000000000000e+02 0.000000000000000000e+00 3.690000000000000000e+02 2.800000000000000000e+01
3.300000000000000000e+02 1.920000000000000000e+02 3.560000000000000000e+02 2.370000000000000000e+02
3.470000000000000000e+02 3.170000000000000000e+02 3.990000000000000000e+02 3.880000000000000000e+02
3.840000000000000000e+02 1.060000000000000000e+02 4.590000000000000000e+02 1.770000000000000000e+02
3.840000000000000000e+02 4.790000000000000000e+02 4.300000000000000000e+02 5.080000000000000000e+02
4.130000000000000000e+02 5.700000000000000000e+01 4.460000000000000000e+02 8.700000000000000000e+01
4.540000000000000000e+02 1.960000000000000000e+02 4.710000000000000000e+02 2.090000000000000000e+02
4.920000000000000000e+02 7.900000000000000000e+01 5.120000000000000000e+02 1.250000000000000000e+02
5.020000000000000000e+02 0.000000000000000000e+00 5.120000000000000000e+02 1.900000000000000000e+01
