0.000000000000000000e+00 6.100000000000000000e+01 2.300000000000000000e+01 1.090000000000000000e+02
5.000000000000000000e+00 4.600000000000000000e+02 8.900000000000000000e+01 5.120000000000000000e+02
1.700000000000000000e+01 2.900000000000000000e+01 1.220000000000000000e+02 1.550000000000000000e+02
9.200000000000000000e+01 3.890000000000000000e+02 1.790000000000000000e+02 4.660000000000000000e+02
1.010000000000000000e+02 2.370000000000000000e+02 1.560000000000000000e+02 2.920000000000000000e+02
1.470000000000000000e+02 6.300000000000000000e+01 2.170000000000000000e+02 1.460000000000000000e+02
1.490000000000000000e+02 4.820000000000000000e+02 2.100000000000000000e+02 5.120000000000000000e+02
1.730000000000000000e+02 1.100000000000000000e+02 3.390000000000000000e+02 2.130000000000000000e+02
2.220000000000000000e+02 7.900000000000000000e+01 2.440000000000000000e+02 1.130000000000000000e+02
2.430000000000000000e+02 2.070000000000000000e+02 3.100000000000000000e+02 2.660000000000000000e+02
2.630000000000000000e+02 3.810000000000000000e+02 3.300000000000000000e+02 4.430000000000000000e+02
3.120000000000000000e+02 5.500000000000000000e+01 3.790000000000000000e+02 1.260000000000000000e+02
3.480000000000000000e+02 2.840000000000000000e+02 4.330000000000000000e+02 3.700000000000000000e+02
3.770000000000000000e+02 1.190000000000000000e+02 4.120000000000000000e+02 1.590000000000000000e+02
3.850000000000000000e+02 0.000000000000000000e+00 4.540000000000000000e+02 3.600000000000000000e+01
3.970000000000000000e+02 5.900000000000000000e+01 4.540000000000000000e+02 1.210000000000000000e+02
4.230000000000000000e+02 1.280000000000000000e+02 4.890000000000000000e+02 1.930000000000000000e+02
4.270000000000000000e+02 3.670000000000000000e+02 5.080000000000000000e+02 4.430000000000000000e+02
4.280000000000000000e+02 2.070000000000000000e+02 5.040000000000000000e+02 2.830000000000000000e+02
4.560000000000000000e+02 5.020000000000000000e+02 4.810000000000000000e+02 5.120000000000000000e+02
4.730000000000000000e+02 4.500000000000000000e+01 5.020000000000000000e+02 8.100000000000000000e+01
