0.000000000000000000e+00 8.700000000000000000e+01 3.800000000000000000e+01 1.350000000000000000e+02
0.000000000000000000e+00 2.250000000000000000e+02 2.000000000000000000e+01 2.670000000000000000e+02
1.300000000000000000e+01 3.020000000000000000e+02 5.700000000000000000e+01 3.450000000000000000e+02
1.300000000000000000e+01 4.600000000000000000e+02 8.400000000000000000e+01 5.120000000000000000e+02
1.500000000000000000e+01 6.000000000000000000e+01 3.200000000000000000e+01 7.900000000000000000e+01
1.410000000000000000e+02 0.000000000000000000e+00 1.460000000000000000e+02 2.000000000000000000e+00
1.690000000000000000e+02 0.000000000000000000e+00 2.340000000000000000e+02 1.900000000000000000e+01
2.100000000000000000e+02 4.290000000000000000e+02 3.040000000000000000e+02 5.120000000000000000e+02
2.450000000000000000e+02 0.000000000000000000e+00 3.410000000000000000e+02 4.300000000000000000e+01
2.660000000000000000e+02 2.070000000000000000e+02 3.400000000000000000e+02 2.820000000000000000e+02
2.660000000000000000e+02 3.490000000000000000e+02 3.260000000000000000e+02 4.020000000000000000e+02
3.090000000000000000e+02 3.500000000000000000e+01 4.060000000000000000e+02 1.560000000000000000e+02
3.090000000000000000e+02 2.960000000000000000e+02 3.640000000000000000e+02 3.470000000000000000e+02
3.420000000000000000e+02 4.060000000000000000e+02 4.090000000000000000e+02 5.020000000000000000e+02
3.710000000000000000e+02 3.180000000000000000e+02 4.390000000000000000e+02 3.960000000000000000e+02
4.250000000000000000e+02 1.240000000000000000e+02 4.760000000000000000e+02 1.820000000000000000e+02
4.400000000000000000e+02 2.970000000000000000e+02 5.120000000000000000e+02 3.680000000000000000e+02
4.450000000000000000e+02 3.200000000000000000e+01 5.120000000000000000e+02 9.300000000000000000e+01
4.610000000000000000e+02 9.400000000000000000e+01 5.120000000000000000e+02 1.490000000000000000e+02
4.800000000000000000e+02 2.730000000000000000e+02 5.120000000000000000e+02 2.950000000000000000e+02
