2.000000000000000000e+00 1.500000000000000000e+02 4.400000000000000000e+01 2.140000000000000000e+02
4.000000000000000000e+00 0.000000000000000000e+00 6.000000000000000000e+01 5.100000000000000000e+01
1.300000000000000000e+01 8.200000000000000000e+01 8.400000000000000000e+01 1.560000000000000000e+02
5.200000000000000000e+01 2.860000000000000000e+02 1.270000000000000000e+02 3.620000000000000000e+02
1.170000000000000000e+02 4.280000000000000000e+02 2.050000000000000000e+02 5.120000000000000000e+02
1.550000000000000000e+02 2.560000000000000000e+02 2.130000000000000000e+02 3.140000000000000000e+02
1.800000000000000000e+02 2.940000000000000000e+02 2.680000000000000000e+02 3.850000000000000000e+02
2.150000000000000000e+02 5.700000000000000000e+01 2.600000000000000000e+02 1.060000000000000000e+02
2.160000000000000000e+02 4.010000000000000000e+02 3.050000000000000000e+02 4.880000000000000000e+02
2.280000000000000000e+02 2.150000000000000000e+02 2.790000000000000000e+02 2.640000000000000000e+02
2.950000000000000000e+02 3.900000000000000000e+01 3.800000000000000000e+02 1.330000000000000000e+02
3.030000000000000000e+02 1.510000000000000000e+02 3.610000000000000000e+02 2.090000000000000000e+02
3.130000000000000000e+02 3.220000000000000000e+02 3.690000000000000000e+02 3.690000000000000000e+02
3.690000000000000000e+02 2.290000000000000000e+02 4.080000000000000000e+02 2.660000000000000000e+02
3.870000000000000000e+02 9.200000000000000000e+01 4.510000000000000000e+02 1.560000000000000000e+02
4.320000000000000000e+02 2.620000000000000000e+02 4.950000000000000000e+02 3.170000000000000000e+02
4.560000000000000000e+02 3.440000000000000000e+02 5.120000000000000000e+02 4.020000000000000000e+02
4.600000000000000000e+02 2.000000000000000000e+02 5.120000000000000000e+02 2.650000000000000000e+02
4.780000000000000000e+02 4.530000000000000000e+02 5.120000000000000000e+02 5.120000000000000000e+02
