0.000000000000000000e+00 1.200000000000000000e+01 1.000000000000000000e+01 4.800000000000000000e+01
0.000000000000000000e+00 1.840000000000000000e+02 4.500000000000000000e+01 2.480000000000000000e+02
0.000000000000000000e+00 4.190000000000000000e+02 4.300000000000000000e+01 4.840000000000000000e+02
2.100000000000000000e+01 8.100000000000000000e+01 7.400000000000000000e+01 1.400000000000000000e+02
6.100000000000000000e+01 3.410000000000000000e+02 1.160000000000000000e+02 3.920000000000000000e+02
6.300000000000000000e+01 1.500000000000000000e+01 1.340000000000000000e+02 9.300000000000000000e+01
7.800000000000000000e+01 1.610000000000000000e+02 1.780000000000000000e+02 2.420000000000000000e+02
8.700000000000000000e+01 4.960000000000000000e+02 1.350000000000000000e+02 5.120000000000000000e+02
1.130000000000000000e+02 2.880000000000000000e+02 1.780000000000000000e+02 3.510000000000000000e+02
1.880000000000000000e+02 2.740000000000000000e+02 2.730000000000000000e+02 3.410000000000000000e+02
2.060000000000000000e+02 4.610000000000000000e+02 2.700000000000000000e+02 5.120000000000000000e+02
2.120000000000000000e+02 7.000000000000000000e+00 2.730000000000000000e+02 7.600000000000000000e+01
2.740000000000000000e+02 4.180000000000000000e+02 3.350000000000000000e+02 4.760000000000000000e+02
2.850000000000000000e+02 2.110000000000000000e+02 3.620000000000000000e+02 3.210000000000000000e+02
2.870000000000000000e+02 5.080000000000000000e+02 3.070000000000000000e+02 5.120000000000000000e+02
3.320000000000000000e+02 4.530000000000000000e+02 4.100000000000000000e+02 5.120000000000000000e+02
3.440000000000000000e+02 1.610000000000000000e+02 4.030000000000000000e+02 2.330000000000000000e+02
3.770000000000000000e+02 2.420000000000000000e+02 4.630000000000000000e+02 3.170000000000000000e+02
4.130000000000000000e+02 8.000000000000000000e+01 5.080000000000000000e+02 1.860000000000000000e+02
4.860000000000000000e+02 4.030000000000000000e+02 5.120000000000000000e+02 4.530000000000000000e+02
5.040000000000000000e+02 2.440000000000000000e+02 5.120000000000000000e+02 2.680000000000000000e+02
5.050000000000000000e+02 6.500000000000000000e+01 5.120000000000000000e+02 9.200000000000000000e+01
