0.000000000000000000e+00 8.400000000000000000e+01 1.800000000000000000e+01 1.370000000000000000e+02
0.000000000000000000e+00 3.040000000000000000e+02 6.000000000000000000e+00 3.270000000000000000e+02
3.900000000000000000e+01 0.000000000000000000e+00 9.300000000000000000e+01 5.300000000000000000e+01
5.000000000000000000e+01 5.010000000000000000e+02 7.300000000000000000e+01 5.120000000000000000e+02
1.510000000000000000e+02 3.620000000000000000e+02 4.730000000000000000e+02 5.120000000000000000e+02
1.760000000000000000e+02 2.490000000000000000e+02 2.370000000000000000e+02 3.200000000000000000e+02
2.360000000000000000e+02 1.100000000000000000e+01 3.110000000000000000e+02 7.200000000000000000e+01
2.430000000000000000e+02 1.080000000000000000e+02 3.120000000000000000e+02 1.770000000000000000e+02
2.640000000000000000e+02 2.050000000000000000e+02 3.050000000000000000e+02 2.460000000000000000e+02
3.400000000000000000e+02 7.000000000000000000e+00 3.730000000000000000e+02 5.000000000000000000e+01
3.500000000000000000e+02 8.200000000000000000e+01 4.150000000000000000e+02 1.510000000000000000e+02
3.770000000000000000e+02 0.000000000000000000e+00 3.950000000000000000e+02 5.000000000000000000e+00
4.660000000000000000e+02 2.060000000000000000e+02 5.120000000000000000e+02 2.630000000000000000e+02
5.040000000000000000e+02 1.710000000000000000e+02 5.120000000000000000e+02 2.060000000000000000e+02
