0.000000000000000000e+00 0.000000000000000000e+00 4.500000000000000000e+01 2.800000000000000000e+01
0.000000000000000000e+00 2.350000000000000000e+02 2.900000000000000000e+01 2.660000000000000000e+02
6.600000000000000000e+01 1.000000000000000000e+01 1.510000000000000000e+02 9.700000000000000000e+01
1.020000000000000000e+02 4.900000000000000000e+02 1.370000000000000000e+02 5.120000000000000000e+02
1.050000000000000000e+02 2.180000000000000000e+02 1.380000000000000000e+02 2.550000000000000000e+02
1.120000000000000000e+02 3.320000000000000000e+02 1.610000000000000000e+02 3.810000000000000000e+02
1.690000000000000000e+02 4.010000000000000000e+02 2.340000000000000000e+02 4.620000000000000000e+02
2.150000000000000000e+02 1.040000000000000000e+02 2.900000000000000000e+02 1.650000000000000000e+02
2.410000000000000000e+02 4.430000000000000000e+02 2.860000000000000000e+02 4.960000000000000000e+02
2.430000000000000000e+02 2.040000000000000000e+02 3.390000000000000000e+02 4.050000000000000000e+02
3.260000000000000000e+02 3.540000000000000000e+02 4.380000000000000000e+02 4.850000000000000000e+02
3.500000000000000000e+02 1.990000000000000000e+02 3.790000000000000000e+02 2.340000000000000000e+02
4.080000000000000000e+02 2.910000000000000000e+02 4.490000000000000000e+02 3.400000000000000000e+02
4.130000000000000000e+02 1.290000000000000000e+02 4.660000000000000000e+02 1.940000000000000000e+02
4.680000000000000000e+02 2.760000000000000000e+02 5.120000000000000000e+02 3.390000000000000000e+02
4.790000000000000000e+02 3.440000000000000000e+02 5.120000000000000000e+02 3.790000000000000000e+02
