0.000000000000000000e+00 0.000000000000000000e+00 2.000000000000000000e+01 3.300000000000000000e+01
0.000000000000000000e+00 3.500000000000000000e+02 1.900000000000000000e+01 3.770000000000000000e+02
1.500000000000000000e+01 1.170000000000000000e+02 7.200000000000000000e+01 1.760000000000000000e+02
3.000000000000000000e+01 3.060000000000000000e+02 9.400000000000000000e+01 3.600000000000000000e+02
8.000000000000000000e+01 9.200000000000000000e+01 1.400000000000000000e+02 1.510000000000000000e+02
8.900000000000000000e+01 1.710000000000000000e+02 1.410000000000000000e+02 2.080000000000000000e+02
1.210000000000000000e+02 4.350000000000000000e+02 1.540000000000000000e+02 4.610000000000000000e+02
1.690000000000000000e+02 2.500000000000000000e+01 2.690000000000000000e+02 1.150000000000000000e+02
1.750000000000000000e+02 2.400000000000000000e+02 2.450000000000000000e+02 3.020000000000000000e+02
1.840000000000000000e+02 4.480000000000000000e+02 2.620000000000000000e+02 5.120000000000000000e+02
2.740000000000000000e+02 2.110000000000000000e+02 3.540000000000000000e+02 2.910000000000000000e+02
3.080000000000000000e+02 5.110000000000000000e+02 3.200000000000000000e+02 5.120000000000000000e+02
3.190000000000000000e+02 3.500000000000000000e+02 3.800000000000000000e+02 4.020000000000000000e+02
3.770000000000000000e+02 2.760000000000000000e+02 4.550000000000000000e+02 3.370000000000000000e+02
3.930000000000000000e+02 1.640000000000000000e+02 4.220000000000000000e+02 1.960000000000000000e+02
4.270000000000000000e+02 3.400000000000000000e+02 4.730000000000000000e+02 3.870000000000000000e+02
4.500000000000000000e+02 0.000000000000000000e+00 4.930000000000000000e+02 1.800000000000000000e+01
4.520000000000000000e+02 6.300000000000000000e+01 5.120000000000000000e+02 1.580000000000000000e+02
5.110000000000000000e+02 3.580000000000000000e+02 5.120000000000000000e+02 3.650000000000000000e+02
