0.000000000000000000e+00 0.000000000000000000e+00 2.400000000000000000e+01 3.600000000000000000e+01
2.000000000000000000e+01 2.700000000000000000e+01 1.070000000000000000e+02 9.600000000000000000e+01
5.700000000000000000e+01 2.880000000000000000e+02 1.120000000000000000e+02 3.550000000000000000e+02
5.900000000000000000e+01 1.430000000000000000e+02 1.100000000000000000e+02 2.040000000000000000e+02
6.400000000000000000e+01 4.390000000000000000e+02 1.360000000000000000e+02 5.110000000000000000e+02
1.900000000000000000e+02 4.030000000000000000e+02 2.990000000000000000e+02 5.120000000000000000e+02
2.360000000000000000e+02 2.980000000000000000e+02 2.910000000000000000e+02 3.570000000000000000e+02
2.700000000000000000e+02 1.000000000000000000e+00 3.380000000000000000e+02 2.700000000000000000e+01
2.960000000000000000e+02 1.010000000000000000e+02 3.570000000000000000e+02 1.680000000000000000e+02
3.550000000000000000e+02 1.410000000000000000e+02 4.460000000000000000e+02 2.500000000000000000e+02
3.720000000000000000e+02 3.580000000000000000e+02 4.650000000000000000e+02 4.510000000000000000e+02
4.030000000000000000e+02 0.000000000000000000e+00 5.020000000000000000e+02 1.190000000000000000e+02
