9.300000000000000000e+01 2.000000000000000000e+01 1.920000000000000000e+02 1.090000000000000000e+02
1.570000000000000000e+02 1.900000000000000000e+02 2.240000000000000000e+02 2.630000000000000000e+02
2.120000000000000000e+02 7.300000000000000000e+01 2.810000000000000000e+02 1.460000000000000000e+02
2.350000000000000000e+02 3.600000000000000000e+02 3.140000000000000000e+02 4.270000000000000000e+02
2.730000000000000000e+02 3.050000000000000000e+02 3.520000000000000000e+02 3.720000000000000000e+02
3.040000000000000000e+02 6.600000000000000000e+01 3.790000000000000000e+02 1.330000000000000000e+02
3.140000000000000000e+02 4.460000000000000000e+02 4.120000000000000000e+02 5.120000000000000000e+02
3.610000000000000000e+02 1.980000000000000000e+02 4.560000000000000000e+02 2.710000000000000000e+02
3.740000000000000000e+02 1.900000000000000000e+01 4.550000000000000000e+02 9.400000000000000000e+01
4.810000000000000000e+02 1.200000000000000000e+02 5.110000000000000000e+02 1.850000000000000000e+02
