0.000000000000000000e+00 3.260000000000000000e+02 5.000000000000000000e+00 3.470000000000000000e+02
1.300000000000000000e+01 1.950000000000000000e+02 7.500000000000000000e+01 2.780000000000000000e+02
3.400000000000000000e+01 3.970000000000000000e+02 7.200000000000000000e+01 4.500000000000000000e+02
5.300000000000000000e+01 2.180000000000000000e+02 1.010000000000000000e+02 2.940000000000000000e+02
8.300000000000000000e+01 4.360000000000000000e+02 1.130000000000000000e+02 4.780000000000000000e+02
1.220000000000000000e+02 3.070000000000000000e+02 1.730000000000000000e+02 3.550000000000000000e+02
1.390000000000000000e+02 5.600000000000000000e+01 1.820000000000000000e+02 1.070000000000000000e+02
1.940000000000000000e+02 0.000000000000000000e+00 2.330000000000000000e+02 3.400000000000000000e+01
2.440000000000000000e+02 1.600000000000000000e+01 3.010000000000000000e+02 4.700000000000000000e+01
2.570000000000000000e+02 4.990000000000000000e+02 2.990000000000000000e+02 5.120000000000000000e+02
2.720000000000000000e+02 4.800000000000000000e+01 3.020000000000000000e+02 8.100000000000000000e+01
2.790000000000000000e+02 1.860000000000000000e+02 3.250000000000000000e+02 2.370000000000000000e+02
2.800000000000000000e+02 4.670000000000000000e+02 3.310000000000000000e+02 5.120000000000000000e+02
2.920000000000000000e+02 6.500000000000000000e+01 3.420000000000000000e+02 1.030000000000000000e+02
3.870000000000000000e+02 1.600000000000000000e+01 4.100000000000000000e+02 3.200000000000000000e+01
4.530000000000000000e+02 1.020000000000000000e+02 4.990000000000000000e+02 1.460000000000000000e+02
5.000000000000000000e+02 1.870000000000000000e+02 5.120000000000000000e+02 2.020000000000000000e+02
