0.000000000000000000e+00 3.910000000000000000e+02 2.500000000000000000e+01 4.370000000000000000e+02
1.000000000000000000e+00 0.000000000000000000e+00 2.900000000000000000e+01 2.200000000000000000e+01
1.000000000000000000e+00 4.330000000000000000e+02 8.000000000000000000e+01 5.120000000000000000e+02
1.470000000000000000e+02 4.400000000000000000e+01 2.660000000000000000e+02 1.660000000000000000e+02
1.540000000000000000e+02 1.980000000000000000e+02 2.390000000000000000e+02 2.730000000000000000e+02
2.490000000000000000e+02 3.340000000000000000e+02 3.060000000000000000e+02 4.230000000000000000e+02
2.570000000000000000e+02 1.930000000000000000e+02 2.940000000000000000e+02 2.400000000000000000e+02
3.560000000000000000e+02 4.470000000000000000e+02 4.350000000000000000e+02 5.120000000000000000e+02
4.040000000000000000e+02 4.600000000000000000e+01 4.510000000000000000e+02 9.100000000000000000e+01
4.170000000000000000e+02 2.260000000000000000e+02 4.780000000000000000e+02 3.090000000000000000e+02
4.660000000000000000e+02 4.780000000000000000e+02 5.120000000000000000e+02 5.110000000000000000e+02
4.700000000000000000e+02 1.100000000000000000e+02 5.120000000000000000e+02 1.890000000000000000e+02
