0.000000000000000000e+00 1.400000000000000000e+01 2.300000000000000000e+01 7.200000000000000000e+01
0.000000000000000000e+00 1.170000000000000000e+02 3.200000000000000000e+01 1.600000000000000000e+02
0.000000000000000000e+00 2.080000000000000000e+02 1.330000000000000000e+02 3.710000000000000000e+02
4.900000000000000000e+01 3.500000000000000000e+02 9.500000000000000000e+01 3.990000000000000000e+02
1.430000000000000000e+02 0.000000000000000000e+00 2.280000000000000000e+02 8.800000000000000000e+01
1.660000000000000000e+02 2.180000000000000000e+02 2.330000000000000000e+02 2.800000000000000000e+02
2.960000000000000000e+02 1.740000000000000000e+02 3.510000000000000000e+02 2.270000000000000000e+02
3.240000000000000000e+02 2.420000000000000000e+02 4.040000000000000000e+02 3.070000000000000000e+02
3.250000000000000000e+02 3.160000000000000000e+02 4.120000000000000000e+02 4.030000000000000000e+02
3.690000000000000000e+02 1.520000000000000000e+02 4.730000000000000000e+02 2.550000000000000000e+02
3.880000000000000000e+02 0.000000000000000000e+00 4.440000000000000000e+02 2.600000000000000000e+01
4.610000000000000000e+02 4.540000000000000000e+02 5.110000000000000000e+02 5.020000000000000000e+02
5.070000000000000000e+02 1.970000000000000000e+02 5.120000000000000000e+02 2.180000000000000000e+02
