0.000000000000000000e+00 3.080000000000000000e+02 1.200000000000000000e+01 3.250000000000000000e+02
4.500000000000000000e+01 1.400000000000000000e+02 7.100000000000000000e+01 1.580000000000000000e+02
5.300000000000000000e+01 4.500000000000000000e+01 1.360000000000000000e+02 1.370000000000000000e+02
1.270000000000000000e+02 0.000000000000000000e+00 1.660000000000000000e+02 3.700000000000000000e+01
1.470000000000000000e+02 1.360000000000000000e+02 1.620000000000000000e+02 1.550000000000000000e+02
1.480000000000000000e+02 4.350000000000000000e+02 2.100000000000000000e+02 4.620000000000000000e+02
1.590000000000000000e+02 7.400000000000000000e+01 1.740000000000000000e+02 9.700000000000000000e+01
1.760000000000000000e+02 4.650000000000000000e+02 2.530000000000000000e+02 5.120000000000000000e+02
2.050000000000000000e+02 1.130000000000000000e+02 2.840000000000000000e+02 1.890000000000000000e+02
2.190000000000000000e+02 3.140000000000000000e+02 2.710000000000000000e+02 3.670000000000000000e+02
2.400000000000000000e+02 2.670000000000000000e+02 2.760000000000000000e+02 2.820000000000000000e+02
2.540000000000000000e+02 1.940000000000000000e+02 2.970000000000000000e+02 2.180000000000000000e+02
2.620000000000000000e+02 2.270000000000000000e+02 2.980000000000000000e+02 2.510000000000000000e+02
2.680000000000000000e+02 2.950000000000000000e+02 2.970000000000000000e+02 3.330000000000000000e+02
2.720000000000000000e+02 5.000000000000000000e+01 3.280000000000000000e+02 8.700000000000000000e+01
2.860000000000000000e+02 3.360000000000000000e+02 3.130000000000000000e+02 3.620000000000000000e+02
3.030000000000000000e+02 2.370000000000000000e+02 3.540000000000000000e+02 2.840000000000000000e+02
3.100000000000000000e+02 7.100000000000000000e+01 3.440000000000000000e+02 1.150000000000000000e+02
3.340000000000000000e+02 2.980000000000000000e+02 3.640000000000000000e+02 3.430000000000000000e+02
3.610000000000000000e+02 0.000000000000000000e+00 3.780000000000000000e+02 1.700000000000000000e+01
3.780000000000000000e+02 5.400000000000000000e+01 4.040000000000000000e+02 7.600000000000000000e+01
4.150000000000000000e+02 5.100000000000000000e+02 4.320000000000000000e+02 5.120000000000000000e+02
4.180000000000000000e+02 3.700000000000000000e+02 4.620000000000000000e+02 4.430000000000000000e+02
4.380000000000000000e+02 1.200000000000000000e+01 4.750000000000000000e+02 5.000000000000000000e+01
4.510000000000000000e+02 1.550000000000000000e+02 4.760000000000000000e+02 1.730000000000000000e+02
4.720000000000000000e+02 3.930000000000000000e+02 4.960000000000000000e+02 4.330000000000000000e+02
5.010000000000000000e+02 3.710000000000000000e+02 5.120000000000000000e+02 4.120000000000000000e+02
