0.000000000000000000e+00 3.850000000000000000e+02 4.300000000000000000e+01 4.480000000000000000e+02
2.300000000000000000e+01 0.000000000000000000e+00 8.700000000000000000e+01 5.700000000000000000e+01
5.100000000000000000e+01 4.370000000000000000e+02 1.270000000000000000e+02 5.120000000000000000e+02
5.300000000000000000e+01 2.570000000000000000e+02 1.450000000000000000e+02 3.410000000000000000e+02
7.800000000000000000e+01 5.600000000000000000e+01 1.030000000000000000e+02 8.000000000000000000e+01
1.110000000000000000e+02 1.390000000000000000e+02 2.030000000000000000e+02 2.530000000000000000e+02
1.410000000000000000e+02 5.500000000000000000e+01 2.090000000000000000e+02 1.310000000000000000e+02
1.540000000000000000e+02 3.090000000000000000e+02 2.120000000000000000e+02 3.690000000000000000e+02
3.020000000000000000e+02 3.940000000000000000e+02 3.620000000000000000e+02 4.560000000000000000e+02
3.510000000000000000e+02 1.230000000000000000e+02 4.150000000000000000e+02 1.860000000000000000e+02
3.650000000000000000e+02 2.990000000000000000e+02 4.050000000000000000e+02 3.410000000000000000e+02
3.790000000000000000e+02 3.920000000000000000e+02 4.560000000000000000e+02 4.630000000000000000e+02
4.540000000000000000e+02 2.830000000000000000e+02 5.110000000000000000e+02 3.350000000000000000e+02
4.870000000000000000e+02 1.350000000000000000e+02 5.120000000000000000e+02 1.830000000000000000e+02
4.950000000000000000e+02 4.030000000000000000e+02 5.120000000000000000e+02 4.520000000000000000e+02
5.000000000000000000e+02 4.910000000000000000e+02 5.120000000000000000e+02 5.120000000000000000e+02
5.090000000000000000e+02 2.520000000000000000e+02 5.120000000000000000e+02 2.640000000000000000e+02
