0.000000000000000000e+00 5.000000000000000000e+01 1.300000000000000000e+01 9.900000000000000000e+01
0.000000000000000000e+00 2.470000000000000000e+02 3.800000000000000000e+01 3.150000000000000000e+02
0.000000000000000000e+00 3.900000000000000000e+02 6.800000000000000000e+01 4.860000000000000000e+02
5.100000000000000000e+01 3.180000000000000000e+02 1.020000000000000000e+02 3.790000000000000000e+02
9.900000000000000000e+01 9.500000000000000000e+01 1.660000000000000000e+02 1.920000000000000000e+02
9.900000000000000000e+01 2.780000000000000000e+02 1.600000000000000000e+02 3.430000000000000000e+02
1.750000000000000000e+02 1.300000000000000000e+02 2.320000000000000000e+02 2.010000000000000000e+02
2.510000000000000000e+02 1.520000000000000000e+02 3.100000000000000000e+02 2.110000000000000000e+02
2.640000000000000000e+02 2.470000000000000000e+02 3.110000000000000000e+02 3.080000000000000000e+02
3.150000000000000000e+02 2.200000000000000000e+01 3.950000000000000000e+02 1.190000000000000000e+02
3.740000000000000000e+02 0.000000000000000000e+00 4.160000000000000000e+02 1.700000000000000000e+01
3.740000000000000000e+02 2.970000000000000000e+02 4.390000000000000000e+02 3.760000000000000000e+02
4.160000000000000000e+02 4.650000000000000000e+02 4.670000000000000000e+02 5.120000000000000000e+02
4.240000000000000000e+02 1.690000000000000000e+02 4.970000000000000000e+02 2.440000000000000000e+02
4.450000000000000000e+02 3.480000000000000000e+02 4.800000000000000000e+02 4.090000000000000000e+02
4.660000000000000000e+02 0.000000000000000000e+00 5.120000000000000000e+02 3.000000000000000000e+01
4.770000000000000000e+02 6.900000000000000000e+01 5.120000000000000000e+02 1.470000000000000000e+02
