0.000000000000000000e+00 4.100000000000000000e+01 8.500000000000000000e+01 1.250000000000000000e+02
0.000000000000000000e+00 3.180000000000000000e+02 6.300000000000000000e+01 4.030000000000000000e+02
0.000000000000000000e+00 4.720000000000000000e+02 3.700000000000000000e+01 5.120000000000000000e+02
9.200000000000000000e+01 0.000000000000000000e+00 1.610000000000000000e+02 7.100000000000000000e+01
9.300000000000000000e+01 3.560000000000000000e+02 1.530000000000000000e+02 4.240000000000000000e+02
9.900000000000000000e+01 1.210000000000000000e+02 2.170000000000000000e+02 3.020000000000000000e+02
1.310000000000000000e+02 4.970000000000000000e+02 1.740000000000000000e+02 5.120000000000000000e+02
1.920000000000000000e+02 5.040000000000000000e+02 2.200000000000000000e+02 5.120000000000000000e+02
2.400000000000000000e+02 2.820000000000000000e+02 3.090000000000000000e+02 3.550000000000000000e+02
2.580000000000000000e+02 0.000000000000000000e+00 2.850000000000000000e+02 1.100000000000000000e+01
2.620000000000000000e+02 3.860000000000000000e+02 3.540000000000000000e+02 4.850000000000000000e+02
3.080000000000000000e+02 5.000000000000000000e+02 3.360000000000000000e+02 5.120000000000000000e+02
3.160000000000000000e+02 3.560000000000000000e+02 3.680000000000000000e+02 4.080000000000000000e+02
3.320000000000000000e+02 0.000000000000000000e+00 3.990000000000000000e+02 8.100000000000000000e+01
3.350000000000000000e+02 2.770000000000000000e+02 3.920000000000000000e+02 3.290000000000000000e+02
3.540000000000000000e+02 1.380000000000000000e+02 4.130000000000000000e+02 2.030000000000000000e+02
3.910000000000000000e+02 4.520000000000000000e+02 4.930000000000000000e+02 5.120000000000000000e+02
4.090000000000000000e+02 1.760000000000000000e+02 4.740000000000000000e+02 2.420000000000000000e+02
4.170000000000000000e+02 0.000000000000000000e+00 4.910000000000000000e+02 6.800000000000000000e+01
5.050000000000000000e+02 4.530000000000000000e+02 5.120000000000000000e+02 4.740000000000000000e+02
