6.000000000000000000e+00 4.430000000000000000e+02 1.350000000000000000e+02 5.120000000000000000e+02
3.100000000000000000e+01 3.000000000000000000e+01 1.200000000000000000e+02 1.110000000000000000e+02
1.050000000000000000e+02 1.410000000000000000e+02 1.560000000000000000e+02 1.900000000000000000e+02
1.800000000000000000e+02 3.950000000000000000e+02 2.690000000000000000e+02 4.740000000000000000e+02
2.000000000000000000e+02 0.000000000000000000e+00 2.800000000000000000e+02 2.300000000000000000e+01
2.810000000000000000e+02 3.280000000000000000e+02 3.360000000000000000e+02 3.790000000000000000e+02
2.900000000000000000e+02 1.800000000000000000e+02 3.850000000000000000e+02 2.450000000000000000e+02
3.300000000000000000e+02 4.900000000000000000e+02 3.850000000000000000e+02 5.100000000000000000e+02
3.350000000000000000e+02 2.640000000000000000e+02 4.060000000000000000e+02 3.350000000000000000e+02
4.230000000000000000e+02 2.560000000000000000e+02 4.800000000000000000e+02 3.210000000000000000e+02
4.450000000000000000e+02 3.570000000000000000e+02 5.000000000000000000e+02 4.020000000000000000e+02
