0.000000000000000000e+00 4.010000000000000000e+02 4.600000000000000000e+01 4.960000000000000000e+02
6.100000000000000000e+01 2.110000000000000000e+02 1.020000000000000000e+02 2.290000000000000000e+02
8.200000000000000000e+01 2.470000000000000000e+02 1.250000000000000000e+02 2.750000000000000000e+02
1.430000000000000000e+02 3.730000000000000000e+02 1.980000000000000000e+02 4.450000000000000000e+02
1.490000000000000000e+02 4.480000000000000000e+02 2.060000000000000000e+02 4.820000000000000000e+02
1.570000000000000000e+02 2.510000000000000000e+02 2.170000000000000000e+02 2.930000000000000000e+02
2.730000000000000000e+02 2.000000000000000000e+02 3.120000000000000000e+02 2.410000000000000000e+02
2.910000000000000000e+02 4.900000000000000000e+01 3.580000000000000000e+02 1.190000000000000000e+02
3.490000000000000000e+02 4.280000000000000000e+02 3.930000000000000000e+02 4.620000000000000000e+02
3.840000000000000000e+02 2.250000000000000000e+02 4.900000000000000000e+02 2.870000000000000000e+02
4.500000000000000000e+02 3.470000000000000000e+02 5.120000000000000000e+02 4.220000000000000000e+02
4.830000000000000000e+02 3.030000000000000000e+02 5.120000000000000000e+02 3.650000000000000000e+02
4.990000000000000000e+02 1.070000000000000000e+02 5.120000000000000000e+02 1.510000000000000000e+02
