0.000000000000000000e+00 2.430000000000000000e+02 6.000000000000000000e+00 2.650000000000000000e+02
2.300000000000000000e+01 4.960000000000000000e+02 6.800000000000000000e+01 5.120000000000000000e+02
5.500000000000000000e+01 2.970000000000000000e+02 9.700000000000000000e+01 3.400000000000000000e+02
6.000000000000000000e+01 5.200000000000000000e+01 1.120000000000000000e+02 1.050000000000000000e+02
8.100000000000000000e+01 3.650000000000000000e+02 2.140000000000000000e+02 4.900000000000000000e+02
1.690000000000000000e+02 2.900000000000000000e+01 2.100000000000000000e+02 7.100000000000000000e+01
2.030000000000000000e+02 1.360000000000000000e+02 2.400000000000000000e+02 1.750000000000000000e+02
2.790000000000000000e+02 5.020000000000000000e+02 3.140000000000000000e+02 5.120000000000000000e+02
3.070000000000000000e+02 1.540000000000000000e+02 3.610000000000000000e+02 2.010000000000000000e+02
3.710000000000000000e+02 2.200000000000000000e+02 4.160000000000000000e+02 2.660000000000000000e+02
4.170000000000000000e+02 4.570000000000000000e+02 4.580000000000000000e+02 4.990000000000000000e+02
4.360000000000000000e+02 0.000000000000000000e+00 4.820000000000000000e+02 1.800000000000000000e+01
4.490000000000000000e+02 1.590000000000000000e+02 5.120000000000000000e+02 2.500000000000000000e+02
4.520000000000000000e+02 3.090000000000000000e+02 5.000000000000000000e+02 3.570000000000000000e+02
