0.000000000000000000e+00 1.640000000000000000e+02 1.400000000000000000e+01 2.080000000000000000e+02
0.000000000000000000e+00 2.410000000000000000e+02 6.600000000000000000e+01 3.140000000000000000e+02
0.000000000000000000e+00 3.110000000000000000e+02 3.600000000000000000e+01 3.580000000000000000e+02
6.200000000000000000e+01 2.030000000000000000e+02 1.460000000000000000e+02 2.790000000000000000e+02
7.400000000000000000e+01 3.600000000000000000e+02 1.430000000000000000e+02 4.310000000000000000e+02
1.100000000000000000e+02 1.060000000000000000e+02 1.670000000000000000e+02 1.630000000000000000e+02
1.620000000000000000e+02 3.820000000000000000e+02 2.190000000000000000e+02 4.390000000000000000e+02
1.670000000000000000e+02 0.000000000000000000e+00 1.970000000000000000e+02 1.200000000000000000e+01
1.830000000000000000e+02 0.000000000000000000e+00 2.460000000000000000e+02 3.300000000000000000e+01
2.000000000000000000e+02 2.860000000000000000e+02 2.760000000000000000e+02 3.830000000000000000e+02
2.110000000000000000e+02 4.140000000000000000e+02 3.100000000000000000e+02 4.810000000000000000e+02
2.300000000000000000e+02 1.250000000000000000e+02 2.610000000000000000e+02 1.560000000000000000e+02
2.390000000000000000e+02 4.990000000000000000e+02 2.760000000000000000e+02 5.120000000000000000e+02
2.640000000000000000e+02 7.700000000000000000e+01 4.230000000000000000e+02 2.590000000000000000e+02
2.890000000000000000e+02 3.060000000000000000e+02 3.870000000000000000e+02 4.160000000000000000e+02
3.120000000000000000e+02 1.340000000000000000e+02 3.470000000000000000e+02 1.690000000000000000e+02
3.230000000000000000e+02 0.000000000000000000e+00 4.160000000000000000e+02 6.900000000000000000e+01
4.730000000000000000e+02 3.290000000000000000e+02 5.120000000000000000e+02 3.980000000000000000e+02
