0.000000000000000000e+00 1.290000000000000000e+02 3.800000000000000000e+01 1.980000000000000000e+02
0.000000000000000000e+00 4.350000000000000000e+02 3.600000000000000000e+01 5.120000000000000000e+02
5.200000000000000000e+01 2.320000000000000000e+02 1.380000000000000000e+02 2.840000000000000000e+02
7.600000000000000000e+01 4.630000000000000000e+02 1.420000000000000000e+02 5.120000000000000000e+02
1.450000000000000000e+02 8.000000000000000000e+00 2.410000000000000000e+02 1.140000000000000000e+02
2.140000000000000000e+02 1.610000000000000000e+02 2.650000000000000000e+02 2.090000000000000000e+02
2.990000000000000000e+02 3.600000000000000000e+01 3.390000000000000000e+02 7.200000000000000000e+01
3.070000000000000000e+02 2.710000000000000000e+02 3.580000000000000000e+02 3.280000000000000000e+02
3.300000000000000000e+02 3.670000000000000000e+02 3.850000000000000000e+02 4.350000000000000000e+02
3.390000000000000000e+02 9.400000000000000000e+01 3.750000000000000000e+02 1.190000000000000000e+02
4.030000000000000000e+02 0.000000000000000000e+00 4.820000000000000000e+02 3.600000000000000000e+01
4.250000000000000000e+02 9.500000000000000000e+01 4.810000000000000000e+02 1.560000000000000000e+02
4.770000000000000000e+02 1.630000000000000000e+02 5.100000000000000000e+02 2.220000000000000000e+02
4.900000000000000000e+02 4.900000000000000000e+01 5.120000000000000000e+02 9.200000000000000000e+01
