2.000000000000000000e+00 9.600000000000000000e+01 7.300000000000000000e+01 1.690000000000000000e+02
2.000000000000000000e+00 1.780000000000000000e+02 4.000000000000000000e+01 2.580000000000000000e+02
2.000000000000000000e+00 2.740000000000000000e+02 4.400000000000000000e+01 3.650000000000000000e+02
3.600000000000000000e+01 4.640000000000000000e+02 1.310000000000000000e+02 5.110000000000000000e+02
4.100000000000000000e+01 3.000000000000000000e+00 1.100000000000000000e+02 6.600000000000000000e+01
8.700000000000000000e+01 2.160000000000000000e+02 1.380000000000000000e+02 2.650000000000000000e+02
1.200000000000000000e+02 4.230000000000000000e+02 1.750000000000000000e+02 4.780000000000000000e+02
1.440000000000000000e+02 3.240000000000000000e+02 2.130000000000000000e+02 3.930000000000000000e+02
1.570000000000000000e+02 2.220000000000000000e+02 2.310000000000000000e+02 3.030000000000000000e+02
1.610000000000000000e+02 2.000000000000000000e+00 2.230000000000000000e+02 4.700000000000000000e+01
2.110000000000000000e+02 1.340000000000000000e+02 2.680000000000000000e+02 1.830000000000000000e+02
2.360000000000000000e+02 4.100000000000000000e+01 3.130000000000000000e+02 1.100000000000000000e+02
2.390000000000000000e+02 3.330000000000000000e+02 3.740000000000000000e+02 4.680000000000000000e+02
2.670000000000000000e+02 1.700000000000000000e+02 3.260000000000000000e+02 2.270000000000000000e+02
3.110000000000000000e+02 1.910000000000000000e+02 3.800000000000000000e+02 2.540000000000000000e+02
3.190000000000000000e+02 4.820000000000000000e+02 3.940000000000000000e+02 5.110000000000000000e+02
3.310000000000000000e+02 6.800000000000000000e+01 3.950000000000000000e+02 1.690000000000000000e+02
3.870000000000000000e+02 1.550000000000000000e+02 4.500000000000000000e+02 2.180000000000000000e+02
4.620000000000000000e+02 4.800000000000000000e+02 5.100000000000000000e+02 5.090000000000000000e+02
4.870000000000000000e+02 3.940000000000000000e+02 5.090000000000000000e+02 4.650000000000000000e+02
