0.000000000000000000e+00 2.260000000000000000e+02 2.800000000000000000e+01 2.780000000000000000e+02
0.000000000000000000e+00 3.580000000000000000e+02 4.000000000000000000e+00 3.780000000000000000e+02
0.000000000000000000e+00 4.890000000000000000e+02 5.200000000000000000e+01 5.120000000000000000e+02
6.400000000000000000e+01 3.410000000000000000e+02 1.210000000000000000e+02 3.940000000000000000e+02
7.300000000000000000e+01 2.390000000000000000e+02 1.250000000000000000e+02 3.020000000000000000e+02
1.200000000000000000e+02 4.910000000000000000e+02 1.620000000000000000e+02 5.120000000000000000e+02
1.430000000000000000e+02 2.580000000000000000e+02 2.340000000000000000e+02 3.400000000000000000e+02
1.490000000000000000e+02 3.300000000000000000e+01 1.760000000000000000e+02 6.300000000000000000e+01
2.340000000000000000e+02 4.900000000000000000e+02 2.850000000000000000e+02 5.120000000000000000e+02
2.400000000000000000e+02 1.390000000000000000e+02 2.850000000000000000e+02 1.910000000000000000e+02
2.860000000000000000e+02 5.300000000000000000e+01 3.170000000000000000e+02 9.700000000000000000e+01
3.190000000000000000e+02 4.490000000000000000e+02 3.550000000000000000e+02 4.900000000000000000e+02
3.340000000000000000e+02 2.950000000000000000e+02 3.700000000000000000e+02 3.280000000000000000e+02
3.550000000000000000e+02 2.320000000000000000e+02 4.160000000000000000e+02 2.890000000000000000e+02
3.730000000000000000e+02 0.000000000000000000e+00 4.030000000000000000e+02 1.300000000000000000e+01
4.350000000000000000e+02 1.690000000000000000e+02 4.780000000000000000e+02 2.120000000000000000e+02
4.840000000000000000e+02 3.290000000000000000e+02 5.120000000000000000e+02 3.720000000000000000e+02
5.040000000000000000e+02 4.910000000000000000e+02 5.120000000000000000e+02 5.120000000000000000e+02
