0.000000000000000000e+00 2.220000000000000000e+02 6.000000000000000000e+01 3.010000000000000000e+02
1.200000000000000000e+01 3.670000000000000000e+02 6.500000000000000000e+01 4.280000000000000000e+02
9.300000000000000000e+01 1.390000000000000000e+02 1.480000000000000000e+02 2.060000000000000000e+02
1.440000000000000000e+02 3.610000000000000000e+02 1.970000000000000000e+02 4.200000000000000000e+02
1.650000000000000000e+02 4.100000000000000000e+01 2.260000000000000000e+02 1.020000000000000000e+02
1.750000000000000000e+02 2.360000000000000000e+02 2.380000000000000000e+02 3.170000000000000000e+02
2.780000000000000000e+02 4.880000000000000000e+02 3.090000000000000000e+02 5.120000000000000000e+02
2.800000000000000000e+02 1.190000000000000000e+02 3.270000000000000000e+02 1.720000000000000000e+02
2.860000000000000000e+02 4.110000000000000000e+02 3.330000000000000000e+02 4.680000000000000000e+02
3.400000000000000000e+02 4.830000000000000000e+02 4.010000000000000000e+02 5.120000000000000000e+02
4.220000000000000000e+02 1.600000000000000000e+02 4.770000000000000000e+02 2.190000000000000000e+02
4.900000000000000000e+02 0.000000000000000000e+00 5.120000000000000000e+02 3.300000000000000000e+01
