0.000000000000000000e+00 2.600000000000000000e+01 3.900000000000000000e+01 8.500000000000000000e+01
3.600000000000000000e+01 4.700000000000000000e+01 1.060000000000000000e+02 1.000000000000000000e+02
8.200000000000000000e+01 3.510000000000000000e+02 1.450000000000000000e+02 4.180000000000000000e+02
8.300000000000000000e+01 2.500000000000000000e+01 1.260000000000000000e+02 7.400000000000000000e+01
8.700000000000000000e+01 1.350000000000000000e+02 1.350000000000000000e+02 1.820000000000000000e+02
1.250000000000000000e+02 2.840000000000000000e+02 1.480000000000000000e+02 3.160000000000000000e+02
1.390000000000000000e+02 6.000000000000000000e+00 2.010000000000000000e+02 6.000000000000000000e+01
1.480000000000000000e+02 4.960000000000000000e+02 1.800000000000000000e+02 5.120000000000000000e+02
2.490000000000000000e+02 3.730000000000000000e+02 2.940000000000000000e+02 4.210000000000000000e+02
2.570000000000000000e+02 0.000000000000000000e+00 3.000000000000000000e+02 2.200000000000000000e+01
2.750000000000000000e+02 1.620000000000000000e+02 3.150000000000000000e+02 1.980000000000000000e+02
3.360000000000000000e+02 3.230000000000000000e+02 3.910000000000000000e+02 3.580000000000000000e+02
3.390000000000000000e+02 3.800000000000000000e+01 4.230000000000000000e+02 1.200000000000000000e+02
3.640000000000000000e+02 1.970000000000000000e+02 4.100000000000000000e+02 2.360000000000000000e+02
3.720000000000000000e+02 2.740000000000000000e+02 3.980000000000000000e+02 3.280000000000000000e+02
4.030000000000000000e+02 4.370000000000000000e+02 4.920000000000000000e+02 5.120000000000000000e+02
4.070000000000000000e+02 2.820000000000000000e+02 4.290000000000000000e+02 3.250000000000000000e+02
4.370000000000000000e+02 4.900000000000000000e+01 4.850000000000000000e+02 9.400000000000000000e+01
5.000000000000000000e+02 1.570000000000000000e+02 5.120000000000000000e+02 1.920000000000000000e+02
