1.300000000000000000e+02 1.900000000000000000e+02 1.850000000000000000e+02 2.450000000000000000e+02
1.410000000000000000e+02 3.720000000000000000e+02 1.950000000000000000e+02 4.290000000000000000e+02
1.570000000000000000e+02 0.000000000000000000e+00 2.340000000000000000e+02 2.900000000000000000e+01
2.250000000000000000e+02 0.000000000000000000e+00 3.020000000000000000e+02 8.600000000000000000e+01
2.830000000000000000e+02 8.300000000000000000e+01 3.480000000000000000e+02 1.410000000000000000e+02
3.310000000000000000e+02 2.770000000000000000e+02 4.190000000000000000e+02 3.610000000000000000e+02
3.470000000000000000e+02 4.200000000000000000e+02 4.290000000000000000e+02 4.910000000000000000e+02
4.000000000000000000e+02 0.000000000000000000e+00 4.760000000000000000e+02 6.900000000000000000e+01
4.390000000000000000e+02 4.410000000000000000e+02 5.120000000000000000e+02 5.120000000000000000e+02
4.940000000000000000e+02 2.220000000000000000e+02 5.120000000000000000e+02 2.710000000000000000e+02
4.990000000000000000e+02 3.010000000000000000e+02 5.120000000000000000e+02 3.300000000000000000e+02
