0.000000000000000000e+00 0.000000000000000000e+00 2.500000000000000000e+01 2.600000000000000000e+01
0.000000000000000000e+00 1.450000000000000000e+02 7.400000000000000000e+01 2.100000000000000000e+02
0.000000000000000000e+00 3.070000000000000000e+02 4.200000000000000000e+01 3.610000000000000000e+02
0.000000000000000000e+00 4.590000000000000000e+02 7.800000000000000000e+01 5.120000000000000000e+02
9.100000000000000000e+01 3.230000000000000000e+02 1.650000000000000000e+02 3.890000000000000000e+02
9.100000000000000000e+01 4.260000000000000000e+02 1.350000000000000000e+02 4.720000000000000000e+02
1.720000000000000000e+02 1.550000000000000000e+02 2.160000000000000000e+02 2.000000000000000000e+02
2.120000000000000000e+02 6.600000000000000000e+01 2.640000000000000000e+02 1.250000000000000000e+02
2.130000000000000000e+02 0.000000000000000000e+00 2.840000000000000000e+02 4.200000000000000000e+01
2.740000000000000000e+02 1.040000000000000000e+02 3.360000000000000000e+02 1.680000000000000000e+02
2.740000000000000000e+02 4.740000000000000000e+02 3.220000000000000000e+02 5.120000000000000000e+02
2.880000000000000000e+02 2.530000000000000000e+02 3.570000000000000000e+02 3.240000000000000000e+02
2.990000000000000000e+02 0.000000000000000000e+00 3.540000000000000000e+02 4.800000000000000000e+01
3.330000000000000000e+02 1.350000000000000000e+02 3.820000000000000000e+02 1.860000000000000000e+02
4.240000000000000000e+02 3.660000000000000000e+02 4.990000000000000000e+02 4.390000000000000000e+02
4.270000000000000000e+02 2.020000000000000000e+02 4.710000000000000000e+02 2.480000000000000000e+02
4.660000000000000000e+02 2.820000000000000000e+02 5.040000000000000000e+02 3.200000000000000000e+02
4.790000000000000000e+02 1.980000000000000000e+02 5.120000000000000000e+02 2.320000000000000000e+02
