0.000000000000000000e+00 0.000000000000000000e+00 7.600000000000000000e+01 7.500000000000000000e+01
0.000000000000000000e+00 7.900000000000000000e+01 2.200000000000000000e+01 1.110000000000000000e+02
0.000000000000000000e+00 4.910000000000000000e+02 2.900000000000000000e+01 5.120000000000000000e+02
1.510000000000000000e+02 3.750000000000000000e+02 1.840000000000000000e+02 3.990000000000000000e+02
1.560000000000000000e+02 3.490000000000000000e+02 2.050000000000000000e+02 3.780000000000000000e+02
1.640000000000000000e+02 2.430000000000000000e+02 2.340000000000000000e+02 3.070000000000000000e+02
1.820000000000000000e+02 3.920000000000000000e+02 2.600000000000000000e+02 4.600000000000000000e+02
2.070000000000000000e+02 3.270000000000000000e+02 2.190000000000000000e+02 3.360000000000000000e+02
2.530000000000000000e+02 8.900000000000000000e+01 3.060000000000000000e+02 1.260000000000000000e+02
2.610000000000000000e+02 2.820000000000000000e+02 2.930000000000000000e+02 3.110000000000000000e+02
2.680000000000000000e+02 1.200000000000000000e+02 3.080000000000000000e+02 1.750000000000000000e+02
3.640000000000000000e+02 0.000000000000000000e+00 4.280000000000000000e+02 6.200000000000000000e+01
4.060000000000000000e+02 4.190000000000000000e+02 4.500000000000000000e+02 4.630000000000000000e+02
4.180000000000000000e+02 2.070000000000000000e+02 4.890000000000000000e+02 2.850000000000000000e+02
4.700000000000000000e+02 0.000000000000000000e+00 5.120000000000000000e+02 3.100000000000000000e+01
4.740000000000000000e+02 3.310000000000000000e+02 5.120000000000000000e+02 3.850000000000000000e+02
