0.000000000000000000e+00 2.740000000000000000e+02 2.400000000000000000e+01 3.230000000000000000e+02
0.000000000000000000e+00 4.440000000000000000e+02 5.900000000000000000e+01 5.120000000000000000e+02
3.400000000000000000e+01 2.580000000000000000e+02 9.500000000000000000e+01 3.210000000000000000e+02
4.600000000000000000e+01 0.000000000000000000e+00 1.030000000000000000e+02 3.200000000000000000e+01
7.100000000000000000e+01 6.600000000000000000e+01 1.500000000000000000e+02 1.390000000000000000e+02
9.200000000000000000e+01 1.760000000000000000e+02 1.920000000000000000e+02 2.930000000000000000e+02
1.420000000000000000e+02 2.650000000000000000e+02 2.110000000000000000e+02 3.320000000000000000e+02
1.550000000000000000e+02 3.540000000000000000e+02 2.080000000000000000e+02 4.150000000000000000e+02
1.680000000000000000e+02 3.600000000000000000e+01 2.290000000000000000e+02 9.500000000000000000e+01
1.800000000000000000e+02 4.420000000000000000e+02 2.190000000000000000e+02 4.830000000000000000e+02
2.220000000000000000e+02 0.000000000000000000e+00 2.830000000000000000e+02 4.600000000000000000e+01
2.350000000000000000e+02 9.400000000000000000e+01 2.940000000000000000e+02 1.530000000000000000e+02
2.490000000000000000e+02 3.550000000000000000e+02 3.750000000000000000e+02 4.900000000000000000e+02
2.870000000000000000e+02 4.770000000000000000e+02 3.440000000000000000e+02 5.120000000000000000e+02
3.340000000000000000e+02 1.150000000000000000e+02 4.110000000000000000e+02 1.920000000000000000e+02
3.990000000000000000e+02 0.000000000000000000e+00 4.720000000000000000e+02 6.500000000000000000e+01
4.420000000000000000e+02 2.490000000000000000e+02 5.120000000000000000e+02 3.280000000000000000e+02
4.790000000000000000e+02 4.930000000000000000e+02 5.120000000000000000e+02 5.120000000000000000e+02
4.900000000000000000e+02 3.960000000000000000e+02 5.120000000000000000e+02 4.560000000000000000e+02
