0.000000000000000000e+00 3.150000000000000000e+02 4.100000000000000000e+01 3.630000000000000000e+02
4.000000000000000000e+01 1.210000000000000000e+02 1.180000000000000000e+02 1.880000000000000000e+02
1.160000000000000000e+02 4.710000000000000000e+02 1.630000000000000000e+02 5.120000000000000000e+02
1.610000000000000000e+02 4.000000000000000000e+02 2.510000000000000000e+02 4.850000000000000000e+02
1.790000000000000000e+02 2.000000000000000000e+00 2.290000000000000000e+02 4.200000000000000000e+01
2.120000000000000000e+02 3.390000000000000000e+02 2.690000000000000000e+02 4.010000000000000000e+02
2.340000000000000000e+02 1.670000000000000000e+02 3.160000000000000000e+02 2.540000000000000000e+02
2.780000000000000000e+02 9.000000000000000000e+00 3.610000000000000000e+02 9.800000000000000000e+01
4.020000000000000000e+02 4.880000000000000000e+02 4.620000000000000000e+02 5.120000000000000000e+02
4.050000000000000000e+02 2.940000000000000000e+02 4.900000000000000000e+02 3.670000000000000000e+02
