0.000000000000000000e+00 1.600000000000000000e+02 6.400000000000000000e+01 2.240000000000000000e+02
1.000000000000000000e+00 4.710000000000000000e+02 1.600000000000000000e+01 5.060000000000000000e+02
1.680000000000000000e+02 9.300000000000000000e+01 2.200000000000000000e+02 1.420000000000000000e+02
1.760000000000000000e+02 3.410000000000000000e+02 2.610000000000000000e+02 4.200000000000000000e+02
2.020000000000000000e+02 4.350000000000000000e+02 2.340000000000000000e+02 4.670000000000000000e+02
2.300000000000000000e+02 2.500000000000000000e+02 3.550000000000000000e+02 3.530000000000000000e+02
2.500000000000000000e+02 5.300000000000000000e+01 3.240000000000000000e+02 1.140000000000000000e+02
2.570000000000000000e+02 0.000000000000000000e+00 3.320000000000000000e+02 3.100000000000000000e+01
4.320000000000000000e+02 4.000000000000000000e+00 4.620000000000000000e+02 3.500000000000000000e+01
4.650000000000000000e+02 3.500000000000000000e+01 5.120000000000000000e+02 7.100000000000000000e+01
4.840000000000000000e+02 3.410000000000000000e+02 5.120000000000000000e+02 3.870000000000000000e+02
4.880000000000000000e+02 2.600000000000000000e+02 5.120000000000000000e+02 3.080000000000000000e+02
4.970000000000000000e+02 4.360000000000000000e+02 5.120000000000000000e+02 4.740000000000000000e+02
