0.000000000000000000e+00 5.000000000000000000e+01 2.000000000000000000e+01 1.000000000000000000e+02
0.000000000000000000e+00 1.590000000000000000e+02 6.000000000000000000e+00 1.850000000000000000e+02
0.000000000000000000e+00 1.980000000000000000e+02 2.200000000000000000e+01 2.200000000000000000e+02
0.000000000000000000e+00 2.840000000000000000e+02 1.100000000000000000e+01 3.220000000000000000e+02
0.000000000000000000e+00 4.450000000000000000e+02 9.900000000000000000e+01 5.120000000000000000e+02
1.000000000000000000e+01 2.050000000000000000e+02 9.100000000000000000e+01 3.380000000000000000e+02
5.600000000000000000e+01 1.070000000000000000e+02 8.500000000000000000e+01 1.320000000000000000e+02
9.000000000000000000e+01 3.390000000000000000e+02 1.250000000000000000e+02 3.700000000000000000e+02
1.300000000000000000e+02 0.000000000000000000e+00 2.720000000000000000e+02 1.090000000000000000e+02
1.570000000000000000e+02 3.220000000000000000e+02 2.540000000000000000e+02 4.110000000000000000e+02
1.830000000000000000e+02 4.380000000000000000e+02 2.000000000000000000e+02 4.550000000000000000e+02
2.870000000000000000e+02 0.000000000000000000e+00 3.790000000000000000e+02 3.500000000000000000e+01
3.000000000000000000e+02 3.550000000000000000e+02 3.600000000000000000e+02 4.130000000000000000e+02
3.490000000000000000e+02 2.120000000000000000e+02 3.960000000000000000e+02 2.570000000000000000e+02
3.810000000000000000e+02 4.290000000000000000e+02 4.560000000000000000e+02 5.120000000000000000e+02
4.290000000000000000e+02 2.700000000000000000e+01 5.000000000000000000e+02 1.090000000000000000e+02
5.060000000000000000e+02 1.180000000000000000e+02 5.120000000000000000e+02 1.380000000000000000e+02
