0.000000000000000000e+00 2.980000000000000000e+02 2.600000000000000000e+01 3.450000000000000000e+02
1.700000000000000000e+01 1.400000000000000000e+02 7.400000000000000000e+01 1.970000000000000000e+02
4.800000000000000000e+01 5.800000000000000000e+01 1.030000000000000000e+02 1.070000000000000000e+02
7.300000000000000000e+01 4.920000000000000000e+02 1.200000000000000000e+02 5.120000000000000000e+02
1.130000000000000000e+02 2.250000000000000000e+02 1.720000000000000000e+02 2.840000000000000000e+02
1.250000000000000000e+02 4.200000000000000000e+02 1.940000000000000000e+02 4.750000000000000000e+02
1.450000000000000000e+02 3.000000000000000000e+01 2.500000000000000000e+02 1.150000000000000000e+02
1.740000000000000000e+02 2.980000000000000000e+02 2.370000000000000000e+02 3.430000000000000000e+02
2.050000000000000000e+02 4.780000000000000000e+02 2.860000000000000000e+02 5.120000000000000000e+02
2.240000000000000000e+02 3.900000000000000000e+02 2.790000000000000000e+02 4.430000000000000000e+02
2.260000000000000000e+02 1.600000000000000000e+02 2.770000000000000000e+02 2.070000000000000000e+02
3.180000000000000000e+02 1.740000000000000000e+02 3.910000000000000000e+02 2.350000000000000000e+02
3.500000000000000000e+02 1.040000000000000000e+02 4.030000000000000000e+02 1.670000000000000000e+02
4.100000000000000000e+02 4.810000000000000000e+02 4.910000000000000000e+02 5.120000000000000000e+02
4.210000000000000000e+02 3.140000000000000000e+02 4.940000000000000000e+02 3.770000000000000000e+02
4.790000000000000000e+02 6.100000000000000000e+01 5.120000000000000000e+02 1.240000000000000000e+02
