0.000000000000000000e+00 1.440000000000000000e+02 7.200000000000000000e+01 2.310000000000000000e+02
0.000000000000000000e+00 2.590000000000000000e+02 4.000000000000000000e+01 3.300000000000000000e+02
6.500000000000000000e+01 2.270000000000000000e+02 1.230000000000000000e+02 2.790000000000000000e+02
8.900000000000000000e+01 2.810000000000000000e+02 1.590000000000000000e+02 3.500000000000000000e+02
9.400000000000000000e+01 3.970000000000000000e+02 1.760000000000000000e+02 4.830000000000000000e+02
1.420000000000000000e+02 1.680000000000000000e+02 3.800000000000000000e+02 2.830000000000000000e+02
1.700000000000000000e+02 3.170000000000000000e+02 2.860000000000000000e+02 3.920000000000000000e+02
2.030000000000000000e+02 4.220000000000000000e+02 2.920000000000000000e+02 5.080000000000000000e+02
2.560000000000000000e+02 5.040000000000000000e+02 2.870000000000000000e+02 5.120000000000000000e+02
3.820000000000000000e+02 2.880000000000000000e+02 4.790000000000000000e+02 4.170000000000000000e+02
4.050000000000000000e+02 1.780000000000000000e+02 4.730000000000000000e+02 2.430000000000000000e+02
4.110000000000000000e+02 0.000000000000000000e+00 4.710000000000000000e+02 4.600000000000000000e+01
4.120000000000000000e+02 8.100000000000000000e+01 4.820000000000000000e+02 1.440000000000000000e+02
4.120000000000000000e+02 4.260000000000000000e+02 4.730000000000000000e+02 4.950000000000000000e+02
4.430000000000000000e+02 4.970000000000000000e+02 4.830000000000000000e+02 5.120000000000000000e+02
5.060000000000000000e+02 1.500000000000000000e+02 5.120000000000000000e+02 1.740000000000000000e+02
