1.000000000000000000e+01 2.120000000000000000e+02 6.500000000000000000e+01 2.750000000000000000e+02
6.000000000000000000e+01 4.540000000000000000e+02 1.350000000000000000e+02 5.120000000000000000e+02
6.100000000000000000e+01 3.700000000000000000e+02 1.340000000000000000e+02 4.350000000000000000e+02
2.040000000000000000e+02 1.410000000000000000e+02 2.690000000000000000e+02 1.980000000000000000e+02
2.160000000000000000e+02 3.280000000000000000e+02 2.910000000000000000e+02 4.110000000000000000e+02
2.500000000000000000e+02 2.290000000000000000e+02 3.190000000000000000e+02 3.080000000000000000e+02
2.890000000000000000e+02 1.530000000000000000e+02 3.500000000000000000e+02 2.140000000000000000e+02
3.120000000000000000e+02 4.900000000000000000e+02 3.670000000000000000e+02 5.110000000000000000e+02
3.200000000000000000e+02 1.200000000000000000e+01 4.030000000000000000e+02 1.310000000000000000e+02
4.070000000000000000e+02 3.970000000000000000e+02 4.520000000000000000e+02 4.580000000000000000e+02
4.210000000000000000e+02 5.800000000000000000e+01 5.010000000000000000e+02 1.700000000000000000e+02
4.240000000000000000e+02 4.500000000000000000e+02 5.090000000000000000e+02 5.120000000000000000e+02
4.690000000000000000e+02 1.550000000000000000e+02 5.120000000000000000e+02 2.480000000000000000e+02
