0.000000000000000000e+00 0.000000000000000000e+00 1.000000000000000000e+01 1.600000000000000000e+01
4.000000000000000000e+00 1.970000000000000000e+02 1.060000000000000000e+02 2.740000000000000000e+02
3.500000000000000000e+01 5.010000000000000000e+02 6.400000000000000000e+01 5.120000000000000000e+02
7.300000000000000000e+01 0.000000000000000000e+00 1.250000000000000000e+02 4.300000000000000000e+01
7.500000000000000000e+01 3.810000000000000000e+02 1.340000000000000000e+02 4.350000000000000000e+02
1.460000000000000000e+02 2.390000000000000000e+02 1.900000000000000000e+02 2.810000000000000000e+02
2.070000000000000000e+02 3.330000000000000000e+02 2.560000000000000000e+02 3.830000000000000000e+02
2.260000000000000000e+02 4.200000000000000000e+02 2.960000000000000000e+02 4.840000000000000000e+02
2.450000000000000000e+02 2.630000000000000000e+02 2.980000000000000000e+02 3.120000000000000000e+02
2.840000000000000000e+02 7.300000000000000000e+01 3.270000000000000000e+02 1.140000000000000000e+02
2.900000000000000000e+02 0.000000000000000000e+00 3.620000000000000000e+02 6.800000000000000000e+01
3.170000000000000000e+02 3.690000000000000000e+02 4.100000000000000000e+02 4.470000000000000000e+02
3.830000000000000000e+02 3.030000000000000000e+02 4.590000000000000000e+02 3.670000000000000000e+02
3.930000000000000000e+02 1.690000000000000000e+02 4.740000000000000000e+02 2.450000000000000000e+02
4.140000000000000000e+02 4.940000000000000000e+02 4.630000000000000000e+02 5.120000000000000000e+02
4.360000000000000000e+02 4.200000000000000000e+01 4.690000000000000000e+02 7.700000000000000000e+01
