0.000000000000000000e+00 4.000000000000000000e+01 4.400000000000000000e+01 7.900000000000000000e+01
4.000000000000000000e+00 4.540000000000000000e+02 1.330000000000000000e+02 5.120000000000000000e+02
2.400000000000000000e+01 2.980000000000000000e+02 9.300000000000000000e+01 3.760000000000000000e+02
7.700000000000000000e+01 3.610000000000000000e+02 1.390000000000000000e+02 4.180000000000000000e+02
9.100000000000000000e+01 3.000000000000000000e+01 1.410000000000000000e+02 7.200000000000000000e+01
2.060000000000000000e+02 2.540000000000000000e+02 2.590000000000000000e+02 3.070000000000000000e+02
2.550000000000000000e+02 3.000000000000000000e+02 3.190000000000000000e+02 3.670000000000000000e+02
3.220000000000000000e+02 4.140000000000000000e+02 4.080000000000000000e+02 4.920000000000000000e+02
3.980000000000000000e+02 2.310000000000000000e+02 4.520000000000000000e+02 2.860000000000000000e+02
4.100000000000000000e+02 1.530000000000000000e+02 4.800000000000000000e+02 2.340000000000000000e+02
4.150000000000000000e+02 2.880000000000000000e+02 4.670000000000000000e+02 3.420000000000000000e+02
4.540000000000000000e+02 4.530000000000000000e+02 5.120000000000000000e+02 5.120000000000000000e+02
