0.000000000000000000e+00 8.000000000000000000e+01 2.000000000000000000e+00 9.700000000000000000e+01
0.000000000000000000e+00 2.590000000000000000e+02 4.700000000000000000e+01 3.360000000000000000e+02
5.000000000000000000e+01 3.020000000000000000e+02 7.700000000000000000e+01 3.640000000000000000e+02
6.900000000000000000e+01 5.000000000000000000e+01 1.420000000000000000e+02 9.400000000000000000e+01
7.900000000000000000e+01 1.600000000000000000e+01 1.190000000000000000e+02 4.000000000000000000e+01
1.000000000000000000e+02 0.000000000000000000e+00 1.410000000000000000e+02 1.100000000000000000e+01
1.450000000000000000e+02 2.410000000000000000e+02 1.980000000000000000e+02 2.930000000000000000e+02
1.500000000000000000e+02 1.990000000000000000e+02 1.760000000000000000e+02 2.260000000000000000e+02
1.690000000000000000e+02 1.480000000000000000e+02 2.140000000000000000e+02 1.780000000000000000e+02
1.790000000000000000e+02 2.150000000000000000e+02 2.170000000000000000e+02 2.440000000000000000e+02
1.870000000000000000e+02 5.000000000000000000e+02 2.040000000000000000e+02 5.120000000000000000e+02
2.280000000000000000e+02 1.580000000000000000e+02 2.750000000000000000e+02 2.090000000000000000e+02
2.300000000000000000e+02 2.360000000000000000e+02 2.450000000000000000e+02 2.720000000000000000e+02
2.610000000000000000e+02 2.140000000000000000e+02 2.850000000000000000e+02 2.500000000000000000e+02
2.940000000000000000e+02 2.150000000000000000e+02 3.180000000000000000e+02 2.580000000000000000e+02
3.230000000000000000e+02 2.280000000000000000e+02 3.990000000000000000e+02 3.070000000000000000e+02
3.390000000000000000e+02 3.600000000000000000e+01 3.570000000000000000e+02 6.100000000000000000e+01
3.540000000000000000e+02 4.410000000000000000e+02 3.720000000000000000e+02 4.670000000000000000e+02
3.570000000000000000e+02 3.500000000000000000e+02 3.760000000000000000e+02 3.650000000000000000e+02
3.750000000000000000e+02 3.760000000000000000e+02 4.670000000000000000e+02 4.590000000000000000e+02
3.970000000000000000e+02 1.680000000000000000e+02 4.410000000000000000e+02 2.020000000000000000e+02
4.150000000000000000e+02 3.380000000000000000e+02 4.380000000000000000e+02 3.530000000000000000e+02
4.250000000000000000e+02 1.840000000000000000e+02 4.620000000000000000e+02 2.400000000000000000e+02
4.360000000000000000e+02 1.080000000000000000e+02 4.580000000000000000e+02 1.340000000000000000e+02
4.620000000000000000e+02 3.700000000000000000e+01 5.000000000000000000e+02 7.400000000000000000e+01
4.750000000000000000e+02 3.460000000000000000e+02 5.120000000000000000e+02 3.850000000000000000e+02
4.950000000000000000e+02 1.340000000000000000e+02 5.120000000000000000e+02 1.510000000000000000e+02
