0.000000000000000000e+00 0.000000000000000000e+00 2.400000000000000000e+01 4.100000000000000000e+01
0.000000000000000000e+00 1.330000000000000000e+02 9.600000000000000000e+01 2.450000000000000000e+02
0.000000000000000000e+00 4.040000000000000000e+02 9.500000000000000000e+01 4.960000000000000000e+02
1.190000000000000000e+02 1.310000000000000000e+02 1.730000000000000000e+02 1.860000000000000000e+02
1.710000000000000000e+02 0.000000000000000000e+00 2.050000000000000000e+02 6.000000000000000000e+00
2.010000000000000000e+02 5.080000000000000000e+02 2.170000000000000000e+02 5.120000000000000000e+02
2.170000000000000000e+02 2.620000000000000000e+02 3.100000000000000000e+02 3.670000000000000000e+02
2.720000000000000000e+02 1.760000000000000000e+02 3.520000000000000000e+02 2.660000000000000000e+02
3.470000000000000000e+02 2.440000000000000000e+02 3.970000000000000000e+02 2.970000000000000000e+02
3.530000000000000000e+02 0.000000000000000000e+00 3.810000000000000000e+02 4.000000000000000000e+00
3.560000000000000000e+02 4.110000000000000000e+02 4.400000000000000000e+02 4.960000000000000000e+02
3.620000000000000000e+02 1.670000000000000000e+02 4.250000000000000000e+02 2.350000000000000000e+02
3.750000000000000000e+02 3.540000000000000000e+02 4.070000000000000000e+02 3.740000000000000000e+02
4.150000000000000000e+02 6.300000000000000000e+01 5.120000000000000000e+02 1.630000000000000000e+02
4.560000000000000000e+02 2.850000000000000000e+02 5.120000000000000000e+02 3.370000000000000000e+02
4.880000000000000000e+02 4.680000000000000000e+02 5.120000000000000000e+02 5.120000000000000000e+02
5.060000000000000000e+02 2.400000000000000000e+01 5.120000000000000000e+02 5.100000000000000000e+01
