0.000000000000000000e+00 0.000000000000000000e+00 2.300000000000000000e+01 3.400000000000000000e+01
0.000000000000000000e+00 1.290000000000000000e+02 3.200000000000000000e+01 1.840000000000000000e+02
0.000000000000000000e+00 3.960000000000000000e+02 5.900000000000000000e+01 4.470000000000000000e+02
2.500000000000000000e+01 4.840000000000000000e+02 7.900000000000000000e+01 5.120000000000000000e+02
3.600000000000000000e+01 0.000000000000000000e+00 9.300000000000000000e+01 5.200000000000000000e+01
8.800000000000000000e+01 2.470000000000000000e+02 1.120000000000000000e+02 2.890000000000000000e+02
1.560000000000000000e+02 5.000000000000000000e+01 2.140000000000000000e+02 9.500000000000000000e+01
1.710000000000000000e+02 1.290000000000000000e+02 2.400000000000000000e+02 1.930000000000000000e+02
1.830000000000000000e+02 3.280000000000000000e+02 2.420000000000000000e+02 3.750000000000000000e+02
2.340000000000000000e+02 3.000000000000000000e+00 2.770000000000000000e+02 4.200000000000000000e+01
2.690000000000000000e+02 9.000000000000000000e+01 3.750000000000000000e+02 1.800000000000000000e+02
4.760000000000000000e+02 2.220000000000000000e+02 5.120000000000000000e+02 2.790000000000000000e+02
4.960000000000000000e+02 3.000000000000000000e+02 5.120000000000000000e+02 3.330000000000000000e+02
5.060000000000000000e+02 4.760000000000000000e+02 5.120000000000000000e+02 5.040000000000000000e+02
