0.000000000000000000e+00 2.300000000000000000e+01 1.600000000000000000e+01 6.800000000000000000e+01
0.000000000000000000e+00 2.790000000000000000e+02 1.000000000000000000e+01 3.140000000000000000e+02
1.300000000000000000e+01 4.170000000000000000e+02 5.500000000000000000e+01 4.580000000000000000e+02
2.200000000000000000e+01 8.100000000000000000e+01 1.470000000000000000e+02 2.140000000000000000e+02
1.550000000000000000e+02 4.520000000000000000e+02 2.030000000000000000e+02 5.000000000000000000e+02
1.720000000000000000e+02 5.500000000000000000e+01 2.150000000000000000e+02 9.700000000000000000e+01
2.460000000000000000e+02 3.710000000000000000e+02 2.920000000000000000e+02 4.160000000000000000e+02
2.470000000000000000e+02 0.000000000000000000e+00 2.690000000000000000e+02 6.000000000000000000e+00
2.620000000000000000e+02 4.490000000000000000e+02 3.530000000000000000e+02 5.120000000000000000e+02
3.110000000000000000e+02 3.070000000000000000e+02 3.580000000000000000e+02 3.610000000000000000e+02
3.370000000000000000e+02 2.030000000000000000e+02 3.760000000000000000e+02 2.400000000000000000e+02
4.070000000000000000e+02 6.000000000000000000e+01 4.600000000000000000e+02 1.120000000000000000e+02
4.410000000000000000e+02 1.690000000000000000e+02 4.830000000000000000e+02 2.100000000000000000e+02
4.940000000000000000e+02 4.360000000000000000e+02 5.120000000000000000e+02 4.820000000000000000e+02
