0.000000000000000000e+00 0.000000000000000000e+00 2.000000000000000000e+01 2.600000000000000000e+01
0.000000000000000000e+00 2.200000000000000000e+02 5.500000000000000000e+01 2.960000000000000000e+02
0.000000000000000000e+00 3.140000000000000000e+02 6.000000000000000000e+00 3.360000000000000000e+02
2.600000000000000000e+01 0.000000000000000000e+00 1.180000000000000000e+02 7.200000000000000000e+01
6.200000000000000000e+01 4.270000000000000000e+02 1.290000000000000000e+02 4.850000000000000000e+02
1.500000000000000000e+02 3.690000000000000000e+02 2.890000000000000000e+02 4.770000000000000000e+02
2.160000000000000000e+02 0.000000000000000000e+00 2.590000000000000000e+02 1.500000000000000000e+01
2.810000000000000000e+02 1.610000000000000000e+02 4.420000000000000000e+02 2.700000000000000000e+02
3.490000000000000000e+02 4.100000000000000000e+01 4.880000000000000000e+02 1.750000000000000000e+02
3.970000000000000000e+02 4.110000000000000000e+02 4.580000000000000000e+02 4.680000000000000000e+02
4.390000000000000000e+02 2.120000000000000000e+02 5.060000000000000000e+02 2.800000000000000000e+02
4.760000000000000000e+02 2.800000000000000000e+01 5.120000000000000000e+02 8.100000000000000000e+01
