0.000000000000000000e+00 0.000000000000000000e+00 4.100000000000000000e+01 3.400000000000000000e+01
1.000000000000000000e+00 1.940000000000000000e+02 4.600000000000000000e+01 2.460000000000000000e+02
2.000000000000000000e+00 3.010000000000000000e+02 8.300000000000000000e+01 3.810000000000000000e+02
2.200000000000000000e+01 9.700000000000000000e+01 7.100000000000000000e+01 1.450000000000000000e+02
3.000000000000000000e+01 4.310000000000000000e+02 1.060000000000000000e+02 5.110000000000000000e+02
5.900000000000000000e+01 7.600000000000000000e+01 8.700000000000000000e+01 9.900000000000000000e+01
7.700000000000000000e+01 9.600000000000000000e+01 1.160000000000000000e+02 1.510000000000000000e+02
1.020000000000000000e+02 2.140000000000000000e+02 1.460000000000000000e+02 2.560000000000000000e+02
1.380000000000000000e+02 1.470000000000000000e+02 2.100000000000000000e+02 2.170000000000000000e+02
1.420000000000000000e+02 3.120000000000000000e+02 1.880000000000000000e+02 3.510000000000000000e+02
1.650000000000000000e+02 0.000000000000000000e+00 2.220000000000000000e+02 6.600000000000000000e+01
1.990000000000000000e+02 1.910000000000000000e+02 3.040000000000000000e+02 2.690000000000000000e+02
2.150000000000000000e+02 3.300000000000000000e+02 2.620000000000000000e+02 3.760000000000000000e+02
2.180000000000000000e+02 4.310000000000000000e+02 2.910000000000000000e+02 5.040000000000000000e+02
2.320000000000000000e+02 7.200000000000000000e+01 2.820000000000000000e+02 1.290000000000000000e+02
2.510000000000000000e+02 3.770000000000000000e+02 3.150000000000000000e+02 4.380000000000000000e+02
2.600000000000000000e+02 0.000000000000000000e+00 2.740000000000000000e+02 3.000000000000000000e+00
3.100000000000000000e+02 0.000000000000000000e+00 3.660000000000000000e+02 3.500000000000000000e+01
3.160000000000000000e+02 3.850000000000000000e+02 3.540000000000000000e+02 4.380000000000000000e+02
3.220000000000000000e+02 4.500000000000000000e+01 3.870000000000000000e+02 1.080000000000000000e+02
3.230000000000000000e+02 2.640000000000000000e+02 4.210000000000000000e+02 3.510000000000000000e+02
3.410000000000000000e+02 1.520000000000000000e+02 3.630000000000000000e+02 1.800000000000000000e+02
3.440000000000000000e+02 4.330000000000000000e+02 3.870000000000000000e+02 4.790000000000000000e+02
3.540000000000000000e+02 1.160000000000000000e+02 4.090000000000000000e+02 1.610000000000000000e+02
3.870000000000000000e+02 1.630000000000000000e+02 4.260000000000000000e+02 2.010000000000000000e+02
4.240000000000000000e+02 1.690000000000000000e+02 4.890000000000000000e+02 2.370000000000000000e+02
4.320000000000000000e+02 4.800000000000000000e+01 4.980000000000000000e+02 1.130000000000000000e+02
4.550000000000000000e+02 2.400000000000000000e+02 5.120000000000000000e+02 3.140000000000000000e+02
4.580000000000000000e+02 3.340000000000000000e+02 5.120000000000000000e+02 4.270000000000000000e+02
4.990000000000000000e+02 4.370000000000000000e+02 5.120000000000000000e+02 4.530000000000000000e+02
