0.000000000000000000e+00 1.670000000000000000e+02 4.400000000000000000e+01 2.350000000000000000e+02
1.000000000000000000e+00 1.700000000000000000e+01 2.600000000000000000e+01 8.700000000000000000e+01
2.400000000000000000e+01 3.740000000000000000e+02 7.500000000000000000e+01 4.190000000000000000e+02
6.700000000000000000e+01 9.900000000000000000e+01 1.600000000000000000e+02 1.760000000000000000e+02
1.040000000000000000e+02 3.760000000000000000e+02 2.110000000000000000e+02 4.510000000000000000e+02
1.260000000000000000e+02 4.800000000000000000e+02 2.070000000000000000e+02 5.110000000000000000e+02
1.410000000000000000e+02 2.750000000000000000e+02 1.800000000000000000e+02 3.180000000000000000e+02
1.720000000000000000e+02 1.000000000000000000e+00 2.280000000000000000e+02 3.400000000000000000e+01
1.980000000000000000e+02 2.710000000000000000e+02 2.510000000000000000e+02 3.240000000000000000e+02
2.780000000000000000e+02 2.970000000000000000e+02 3.450000000000000000e+02 3.460000000000000000e+02
3.140000000000000000e+02 4.450000000000000000e+02 3.590000000000000000e+02 4.900000000000000000e+02
3.720000000000000000e+02 2.120000000000000000e+02 4.390000000000000000e+02 2.610000000000000000e+02
3.790000000000000000e+02 4.200000000000000000e+02 4.380000000000000000e+02 4.790000000000000000e+02
3.810000000000000000e+02 0.000000000000000000e+00 4.270000000000000000e+02 1.800000000000000000e+01
4.220000000000000000e+02 4.640000000000000000e+02 5.120000000000000000e+02 5.120000000000000000e+02
4.430000000000000000e+02 1.430000000000000000e+02 5.110000000000000000e+02 2.070000000000000000e+02
4.620000000000000000e+02 2.700000000000000000e+02 5.120000000000000000e+02 3.160000000000000000e+02
4.650000000000000000e+02 3.630000000000000000e+02 5.000000000000000000e+02 3.920000000000000000e+02
