0.000000000000000000e+00 3.230000000000000000e+02 2.800000000000000000e+01 3.720000000000000000e+02
0.000000000000000000e+00 4.910000000000000000e+02 3.100000000000000000e+01 5.120000000000000000e+02
3.500000000000000000e+01 4.530000000000000000e+02 8.100000000000000000e+01 5.020000000000000000e+02
9.300000000000000000e+01 1.200000000000000000e+01 1.460000000000000000e+02 6.700000000000000000e+01
1.310000000000000000e+02 2.080000000000000000e+02 1.600000000000000000e+02 2.390000000000000000e+02
1.430000000000000000e+02 3.470000000000000000e+02 1.820000000000000000e+02 3.910000000000000000e+02
2.440000000000000000e+02 9.700000000000000000e+01 3.110000000000000000e+02 1.790000000000000000e+02
2.570000000000000000e+02 3.100000000000000000e+02 2.820000000000000000e+02 3.380000000000000000e+02
2.650000000000000000e+02 3.440000000000000000e+02 3.210000000000000000e+02 3.760000000000000000e+02
2.740000000000000000e+02 3.810000000000000000e+02 3.120000000000000000e+02 4.060000000000000000e+02
2.880000000000000000e+02 4.180000000000000000e+02 3.630000000000000000e+02 4.890000000000000000e+02
2.940000000000000000e+02 2.890000000000000000e+02 3.480000000000000000e+02 3.370000000000000000e+02
3.300000000000000000e+02 2.730000000000000000e+02 3.760000000000000000e+02 3.160000000000000000e+02
3.560000000000000000e+02 5.030000000000000000e+02 3.750000000000000000e+02 5.120000000000000000e+02
4.370000000000000000e+02 4.700000000000000000e+01 5.120000000000000000e+02 1.280000000000000000e+02
4.700000000000000000e+02 2.940000000000000000e+02 5.120000000000000000e+02 3.880000000000000000e+02
