0.000000000000000000e+00 0.000000000000000000e+00 5.000000000000000000e+00 3.000000000000000000e+00
0.000000000000000000e+00 3.890000000000000000e+02 2.000000000000000000e+00 4.020000000000000000e+02
2.200000000000000000e+01 2.310000000000000000e+02 7.900000000000000000e+01 3.070000000000000000e+02
3.500000000000000000e+01 3.770000000000000000e+02 6.000000000000000000e+01 3.980000000000000000e+02
7.400000000000000000e+01 7.300000000000000000e+01 1.050000000000000000e+02 1.270000000000000000e+02
8.100000000000000000e+01 2.110000000000000000e+02 1.140000000000000000e+02 2.340000000000000000e+02
1.390000000000000000e+02 1.810000000000000000e+02 1.620000000000000000e+02 2.000000000000000000e+02
1.520000000000000000e+02 7.400000000000000000e+01 2.110000000000000000e+02 1.320000000000000000e+02
1.790000000000000000e+02 3.350000000000000000e+02 2.280000000000000000e+02 3.970000000000000000e+02
1.820000000000000000e+02 2.330000000000000000e+02 2.480000000000000000e+02 3.120000000000000000e+02
2.050000000000000000e+02 4.090000000000000000e+02 2.640000000000000000e+02 4.690000000000000000e+02
2.230000000000000000e+02 2.130000000000000000e+02 2.620000000000000000e+02 2.470000000000000000e+02
2.600000000000000000e+02 3.920000000000000000e+02 2.850000000000000000e+02 4.500000000000000000e+02
4.690000000000000000e+02 3.900000000000000000e+01 5.120000000000000000e+02 9.600000000000000000e+01
4.980000000000000000e+02 3.830000000000000000e+02 5.120000000000000000e+02 4.190000000000000000e+02
5.090000000000000000e+02 4.800000000000000000e+02 5.120000000000000000e+02 4.890000000000000000e+02
