0.000000000000000000e+00 4.000000000000000000e+01 6.500000000000000000e+01 1.130000000000000000e+02
0.000000000000000000e+00 2.290000000000000000e+02 4.600000000000000000e+01 2.900000000000000000e+02
0.000000000000000000e+00 4.090000000000000000e+02 3.200000000000000000e+01 4.660000000000000000e+02
3.600000000000000000e+01 2.830000000000000000e+02 9.500000000000000000e+01 3.440000000000000000e+02
6.600000000000000000e+01 3.620000000000000000e+02 1.390000000000000000e+02 4.410000000000000000e+02
9.400000000000000000e+01 2.180000000000000000e+02 1.530000000000000000e+02 2.770000000000000000e+02
1.150000000000000000e+02 1.010000000000000000e+02 1.920000000000000000e+02 1.780000000000000000e+02
1.760000000000000000e+02 3.200000000000000000e+02 2.930000000000000000e+02 4.200000000000000000e+02
2.490000000000000000e+02 0.000000000000000000e+00 3.280000000000000000e+02 7.000000000000000000e+01
2.580000000000000000e+02 4.170000000000000000e+02 3.210000000000000000e+02 4.780000000000000000e+02
2.650000000000000000e+02 3.010000000000000000e+02 3.320000000000000000e+02 3.700000000000000000e+02
2.740000000000000000e+02 4.880000000000000000e+02 3.230000000000000000e+02 5.120000000000000000e+02
3.540000000000000000e+02 3.040000000000000000e+02 4.150000000000000000e+02 3.570000000000000000e+02
3.550000000000000000e+02 1.370000000000000000e+02 4.900000000000000000e+02 2.630000000000000000e+02
3.960000000000000000e+02 0.000000000000000000e+00 4.560000000000000000e+02 2.200000000000000000e+01
4.420000000000000000e+02 2.930000000000000000e+02 4.830000000000000000e+02 3.320000000000000000e+02
4.440000000000000000e+02 4.530000000000000000e+02 5.120000000000000000e+02 5.120000000000000000e+02
4.770000000000000000e+02 1.680000000000000000e+02 5.120000000000000000e+02 2.250000000000000000e+02
4.930000000000000000e+02 0.000000000000000000e+00 5.120000000000000000e+02 3.300000000000000000e+01
