0.000000000000000000e+00 2.570000000000000000e+02 3.800000000000000000e+01 3.320000000000000000e+02
4.600000000000000000e+01 3.550000000000000000e+02 1.110000000000000000e+02 4.290000000000000000e+02
6.900000000000000000e+01 4.340000000000000000e+02 1.180000000000000000e+02 4.890000000000000000e+02
7.200000000000000000e+01 4.500000000000000000e+01 1.280000000000000000e+02 9.600000000000000000e+01
1.570000000000000000e+02 2.250000000000000000e+02 1.950000000000000000e+02 2.710000000000000000e+02
2.650000000000000000e+02 1.220000000000000000e+02 3.140000000000000000e+02 1.660000000000000000e+02
2.880000000000000000e+02 7.900000000000000000e+01 3.320000000000000000e+02 1.160000000000000000e+02
3.810000000000000000e+02 5.100000000000000000e+02 3.940000000000000000e+02 5.120000000000000000e+02
4.060000000000000000e+02 3.100000000000000000e+01 4.500000000000000000e+02 8.000000000000000000e+01
4.170000000000000000e+02 1.910000000000000000e+02 4.720000000000000000e+02 2.730000000000000000e+02
4.350000000000000000e+02 3.710000000000000000e+02 4.950000000000000000e+02 4.510000000000000000e+02
4.620000000000000000e+02 1.610000000000000000e+02 4.970000000000000000e+02 1.890000000000000000e+02
4.870000000000000000e+02 1.950000000000000000e+02 5.030000000000000000e+02 2.140000000000000000e+02
5.010000000000000000e+02 2.650000000000000000e+02 5.120000000000000000e+02 3.000000000000000000e+02
