0.000000000000000000e+00 3.870000000000000000e+02 2.000000000000000000e+01 4.330000000000000000e+02
0.000000000000000000e+00 4.930000000000000000e+02 1.000000000000000000e+01 5.120000000000000000e+02
4.100000000000000000e+01 3.030000000000000000e+02 5.800000000000000000e+01 3.160000000000000000e+02
5.300000000000000000e+01 3.350000000000000000e+02 1.280000000000000000e+02 4.060000000000000000e+02
6.600000000000000000e+01 4.250000000000000000e+02 9.900000000000000000e+01 4.550000000000000000e+02
8.200000000000000000e+01 4.000000000000000000e+00 1.280000000000000000e+02 3.300000000000000000e+01
1.130000000000000000e+02 1.240000000000000000e+02 1.650000000000000000e+02 1.950000000000000000e+02
1.430000000000000000e+02 4.840000000000000000e+02 1.900000000000000000e+02 5.120000000000000000e+02
1.560000000000000000e+02 2.750000000000000000e+02 1.820000000000000000e+02 3.200000000000000000e+02
2.100000000000000000e+02 3.090000000000000000e+02 2.740000000000000000e+02 3.600000000000000000e+02
2.150000000000000000e+02 1.030000000000000000e+02 3.050000000000000000e+02 1.610000000000000000e+02
2.720000000000000000e+02 3.400000000000000000e+02 3.000000000000000000e+02 3.670000000000000000e+02
3.540000000000000000e+02 8.300000000000000000e+01 4.490000000000000000e+02 1.660000000000000000e+02
3.560000000000000000e+02 3.530000000000000000e+02 4.090000000000000000e+02 4.000000000000000000e+02
3.960000000000000000e+02 3.980000000000000000e+02 4.730000000000000000e+02 4.800000000000000000e+02
4.440000000000000000e+02 3.070000000000000000e+02 5.120000000000000000e+02 3.540000000000000000e+02
4.740000000000000000e+02 2.690000000000000000e+02 5.120000000000000000e+02 3.160000000000000000e+02
4.950000000000000000e+02 2.380000000000000000e+02 5.120000000000000000e+02 2.580000000000000000e+02
