0.000000000000000000e+00 3.300000000000000000e+01 4.100000000000000000e+01 1.100000000000000000e+02
4.000000000000000000e+00 2.790000000000000000e+02 7.100000000000000000e+01 3.520000000000000000e+02
9.000000000000000000e+01 1.790000000000000000e+02 2.790000000000000000e+02 2.940000000000000000e+02
1.980000000000000000e+02 3.820000000000000000e+02 2.830000000000000000e+02 4.670000000000000000e+02
2.850000000000000000e+02 2.610000000000000000e+02 3.520000000000000000e+02 3.140000000000000000e+02
3.120000000000000000e+02 1.680000000000000000e+02 4.110000000000000000e+02 2.530000000000000000e+02
3.590000000000000000e+02 0.000000000000000000e+00 4.410000000000000000e+02 6.800000000000000000e+01
3.810000000000000000e+02 2.920000000000000000e+02 4.540000000000000000e+02 3.670000000000000000e+02
4.020000000000000000e+02 4.590000000000000000e+02 4.710000000000000000e+02 5.120000000000000000e+02
4.170000000000000000e+02 2.700000000000000000e+01 5.100000000000000000e+02 1.010000000000000000e+02
4.580000000000000000e+02 1.920000000000000000e+02 5.050000000000000000e+02 2.390000000000000000e+02
4.610000000000000000e+02 2.460000000000000000e+02 5.110000000000000000e+02 3.220000000000000000e+02
4.860000000000000000e+02 3.410000000000000000e+02 5.090000000000000000e+02 3.890000000000000000e+02
5.000000000000000000e+02 5.010000000000000000e+02 5.120000000000000000e+02 5.110000000000000000e+02
