0.000000000000000000e+00 2.700000000000000000e+02 5.000000000000000000e+01 3.160000000000000000e+02
0.000000000000000000e+00 4.640000000000000000e+02 9.000000000000000000e+01 5.120000000000000000e+02
1.000000000000000000e+00 1.430000000000000000e+02 6.900000000000000000e+01 2.070000000000000000e+02
1.200000000000000000e+01 3.630000000000000000e+02 4.700000000000000000e+01 3.920000000000000000e+02
7.300000000000000000e+01 2.120000000000000000e+02 1.400000000000000000e+02 2.610000000000000000e+02
7.400000000000000000e+01 4.200000000000000000e+02 1.330000000000000000e+02 4.790000000000000000e+02
8.500000000000000000e+01 0.000000000000000000e+00 1.310000000000000000e+02 1.800000000000000000e+01
1.530000000000000000e+02 4.450000000000000000e+02 1.980000000000000000e+02 4.900000000000000000e+02
1.670000000000000000e+02 2.970000000000000000e+02 2.340000000000000000e+02 3.460000000000000000e+02
2.610000000000000000e+02 2.710000000000000000e+02 3.140000000000000000e+02 3.240000000000000000e+02
2.840000000000000000e+02 1.000000000000000000e+00 3.400000000000000000e+02 3.400000000000000000e+01
3.010000000000000000e+02 3.760000000000000000e+02 4.080000000000000000e+02 4.510000000000000000e+02
3.050000000000000000e+02 4.800000000000000000e+02 3.860000000000000000e+02 5.110000000000000000e+02
3.320000000000000000e+02 2.750000000000000000e+02 3.710000000000000000e+02 3.180000000000000000e+02
3.520000000000000000e+02 9.900000000000000000e+01 4.450000000000000000e+02 1.760000000000000000e+02
4.370000000000000000e+02 3.740000000000000000e+02 4.880000000000000000e+02 4.190000000000000000e+02
4.680000000000000000e+02 1.670000000000000000e+02 5.120000000000000000e+02 2.350000000000000000e+02
4.860000000000000000e+02 1.700000000000000000e+01 5.110000000000000000e+02 8.700000000000000000e+01
