2.900000000000000000e+01 3.880000000000000000e+02 7.300000000000000000e+01 4.190000000000000000e+02
3.200000000000000000e+01 2.350000000000000000e+02 1.190000000000000000e+02 3.130000000000000000e+02
4.500000000000000000e+01 0.000000000000000000e+00 8.200000000000000000e+01 8.000000000000000000e+00
1.520000000000000000e+02 1.370000000000000000e+02 2.000000000000000000e+02 1.920000000000000000e+02
1.910000000000000000e+02 7.700000000000000000e+01 2.520000000000000000e+02 1.230000000000000000e+02
1.970000000000000000e+02 2.830000000000000000e+02 2.610000000000000000e+02 3.600000000000000000e+02
2.580000000000000000e+02 4.350000000000000000e+02 3.010000000000000000e+02 4.800000000000000000e+02
2.900000000000000000e+02 4.000000000000000000e+01 3.680000000000000000e+02 8.800000000000000000e+01
3.120000000000000000e+02 3.990000000000000000e+02 3.610000000000000000e+02 4.430000000000000000e+02
3.270000000000000000e+02 0.000000000000000000e+00 3.650000000000000000e+02 2.900000000000000000e+01
3.320000000000000000e+02 2.030000000000000000e+02 3.700000000000000000e+02 2.360000000000000000e+02
4.210000000000000000e+02 2.510000000000000000e+02 4.760000000000000000e+02 3.000000000000000000e+02
4.240000000000000000e+02 4.800000000000000000e+01 4.990000000000000000e+02 1.180000000000000000e+02
4.270000000000000000e+02 3.960000000000000000e+02 4.580000000000000000e+02 4.270000000000000000e+02
4.430000000000000000e+02 3.480000000000000000e+02 5.120000000000000000e+02 4.070000000000000000e+02
4.670000000000000000e+02 4.540000000000000000e+02 5.120000000000000000e+02 5.040000000000000000e+02
4.860000000000000000e+02 1.180000000000000000e+02 5.120000000000000000e+02 1.720000000000000000e+02
4.990000000000000000e+02 3.000000000000000000e+02 5.120000000000000000e+02 3.330000000000000000e+02
