0.000000000000000000e+00 2.260000000000000000e+02 1.100000000000000000e+01 2.700000000000000000e+02
0.000000000000000000e+00 2.800000000000000000e+02 2.300000000000000000e+01 3.090000000000000000e+02
2.500000000000000000e+01 3.980000000000000000e+02 1.110000000000000000e+02 4.680000000000000000e+02
8.100000000000000000e+01 1.500000000000000000e+02 1.030000000000000000e+02 1.710000000000000000e+02
1.420000000000000000e+02 3.590000000000000000e+02 1.910000000000000000e+02 4.060000000000000000e+02
1.770000000000000000e+02 1.150000000000000000e+02 2.300000000000000000e+02 1.620000000000000000e+02
1.950000000000000000e+02 1.590000000000000000e+02 2.580000000000000000e+02 2.130000000000000000e+02
2.610000000000000000e+02 4.000000000000000000e+01 3.200000000000000000e+02 8.800000000000000000e+01
2.650000000000000000e+02 1.090000000000000000e+02 3.320000000000000000e+02 1.740000000000000000e+02
3.330000000000000000e+02 1.760000000000000000e+02 3.730000000000000000e+02 2.210000000000000000e+02
3.630000000000000000e+02 1.700000000000000000e+01 4.000000000000000000e+02 5.800000000000000000e+01
3.970000000000000000e+02 2.850000000000000000e+02 4.420000000000000000e+02 3.210000000000000000e+02
4.240000000000000000e+02 2.390000000000000000e+02 4.780000000000000000e+02 3.080000000000000000e+02
4.470000000000000000e+02 3.760000000000000000e+02 4.970000000000000000e+02 4.150000000000000000e+02
4.520000000000000000e+02 4.660000000000000000e+02 5.120000000000000000e+02 5.070000000000000000e+02
4.880000000000000000e+02 4.370000000000000000e+02 5.120000000000000000e+02 4.650000000000000000e+02
4.890000000000000000e+02 1.280000000000000000e+02 5.120000000000000000e+02 1.810000000000000000e+02
5.110000000000000000e+02 4.100000000000000000e+02 5.120000000000000000e+02 4.150000000000000000e+02
