0.000000000000000000e+00 4.000000000000000000e+02 2.100000000000000000e+01 4.550000000000000000e+02
4.100000000000000000e+01 4.040000000000000000e+02 8.900000000000000000e+01 4.700000000000000000e+02
8.900000000000000000e+01 2.080000000000000000e+02 1.360000000000000000e+02 2.620000000000000000e+02
1.010000000000000000e+02 1.370000000000000000e+02 1.280000000000000000e+02 1.810000000000000000e+02
1.100000000000000000e+02 3.920000000000000000e+02 1.870000000000000000e+02 4.750000000000000000e+02
1.320000000000000000e+02 1.200000000000000000e+02 1.970000000000000000e+02 1.860000000000000000e+02
1.670000000000000000e+02 3.070000000000000000e+02 2.010000000000000000e+02 3.320000000000000000e+02
1.920000000000000000e+02 0.000000000000000000e+00 2.240000000000000000e+02 4.000000000000000000e+01
2.410000000000000000e+02 0.000000000000000000e+00 3.130000000000000000e+02 4.400000000000000000e+01
2.500000000000000000e+02 8.700000000000000000e+01 3.370000000000000000e+02 1.790000000000000000e+02
2.550000000000000000e+02 2.160000000000000000e+02 3.140000000000000000e+02 2.520000000000000000e+02
2.650000000000000000e+02 2.750000000000000000e+02 3.220000000000000000e+02 3.370000000000000000e+02
2.670000000000000000e+02 4.750000000000000000e+02 2.900000000000000000e+02 4.950000000000000000e+02
2.740000000000000000e+02 2.480000000000000000e+02 2.980000000000000000e+02 2.760000000000000000e+02
3.940000000000000000e+02 3.660000000000000000e+02 4.390000000000000000e+02 4.170000000000000000e+02
