6.000000000000000000e+00 0.000000000000000000e+00 4.000000000000000000e+01 2.600000000000000000e+01
1.300000000000000000e+01 9.200000000000000000e+01 8.100000000000000000e+01 1.560000000000000000e+02
1.600000000000000000e+01 3.080000000000000000e+02 5.100000000000000000e+01 3.630000000000000000e+02
3.200000000000000000e+01 2.040000000000000000e+02 8.900000000000000000e+01 2.590000000000000000e+02
7.500000000000000000e+01 4.370000000000000000e+02 1.190000000000000000e+02 5.070000000000000000e+02
1.020000000000000000e+02 5.200000000000000000e+01 1.970000000000000000e+02 1.310000000000000000e+02
1.180000000000000000e+02 4.330000000000000000e+02 1.670000000000000000e+02 5.120000000000000000e+02
1.340000000000000000e+02 3.360000000000000000e+02 1.650000000000000000e+02 3.560000000000000000e+02
1.510000000000000000e+02 0.000000000000000000e+00 2.090000000000000000e+02 5.600000000000000000e+01
1.750000000000000000e+02 5.050000000000000000e+02 1.930000000000000000e+02 5.120000000000000000e+02
2.040000000000000000e+02 4.110000000000000000e+02 2.470000000000000000e+02 4.800000000000000000e+02
2.100000000000000000e+02 1.440000000000000000e+02 2.300000000000000000e+02 1.660000000000000000e+02
2.610000000000000000e+02 6.800000000000000000e+01 3.200000000000000000e+02 1.330000000000000000e+02
3.180000000000000000e+02 4.020000000000000000e+02 3.450000000000000000e+02 4.210000000000000000e+02
3.220000000000000000e+02 1.530000000000000000e+02 3.370000000000000000e+02 1.690000000000000000e+02
3.510000000000000000e+02 4.230000000000000000e+02 4.610000000000000000e+02 5.070000000000000000e+02
3.580000000000000000e+02 2.200000000000000000e+02 4.240000000000000000e+02 3.200000000000000000e+02
4.110000000000000000e+02 3.560000000000000000e+02 4.560000000000000000e+02 4.150000000000000000e+02
4.920000000000000000e+02 2.990000000000000000e+02 5.120000000000000000e+02 3.840000000000000000e+02
5.040000000000000000e+02 9.100000000000000000e+01 5.120000000000000000e+02 1.240000000000000000e+02
