0.000000000000000000e+00 4.900000000000000000e+01 1.000000000000000000e+01 7.300000000000000000e+01
0.000000000000000000e+00 1.490000000000000000e+02 1.990000000000000000e+02 4.590000000000000000e+02
2.500000000000000000e+01 3.600000000000000000e+01 7.700000000000000000e+01 8.000000000000000000e+01
4.400000000000000000e+01 0.000000000000000000e+00 9.000000000000000000e+01 4.200000000000000000e+01
1.390000000000000000e+02 4.890000000000000000e+02 2.000000000000000000e+02 5.120000000000000000e+02
2.150000000000000000e+02 8.400000000000000000e+01 2.750000000000000000e+02 1.420000000000000000e+02
2.290000000000000000e+02 2.370000000000000000e+02 3.070000000000000000e+02 3.120000000000000000e+02
2.380000000000000000e+02 3.780000000000000000e+02 2.980000000000000000e+02 4.360000000000000000e+02
3.140000000000000000e+02 1.180000000000000000e+02 4.410000000000000000e+02 2.420000000000000000e+02
3.290000000000000000e+02 3.950000000000000000e+02 4.120000000000000000e+02 4.770000000000000000e+02
3.760000000000000000e+02 2.580000000000000000e+02 4.410000000000000000e+02 3.180000000000000000e+02
4.410000000000000000e+02 2.030000000000000000e+02 5.120000000000000000e+02 2.770000000000000000e+02
4.590000000000000000e+02 3.840000000000000000e+02 5.120000000000000000e+02 4.350000000000000000e+02
