0.000000000000000000e+00 3.740000000000000000e+02 1.100000000000000000e+01 4.140000000000000000e+02
0.000000000000000000e+00 4.190000000000000000e+02 3.700000000000000000e+01 4.590000000000000000e+02
3.900000000000000000e+01 5.010000000000000000e+02 8.800000000000000000e+01 5.120000000000000000e+02
5.800000000000000000e+01 1.980000000000000000e+02 1.270000000000000000e+02 2.520000000000000000e+02
5.900000000000000000e+01 4.230000000000000000e+02 1.140000000000000000e+02 4.810000000000000000e+02
1.110000000000000000e+02 2.200000000000000000e+01 1.790000000000000000e+02 1.160000000000000000e+02
1.310000000000000000e+02 4.080000000000000000e+02 2.140000000000000000e+02 4.780000000000000000e+02
1.850000000000000000e+02 3.080000000000000000e+02 2.270000000000000000e+02 3.610000000000000000e+02
2.380000000000000000e+02 1.550000000000000000e+02 3.210000000000000000e+02 2.170000000000000000e+02
2.940000000000000000e+02 4.150000000000000000e+02 3.230000000000000000e+02 4.380000000000000000e+02
3.050000000000000000e+02 3.040000000000000000e+02 3.660000000000000000e+02 3.620000000000000000e+02
3.260000000000000000e+02 2.480000000000000000e+02 3.610000000000000000e+02 3.000000000000000000e+02
3.450000000000000000e+02 0.000000000000000000e+00 3.900000000000000000e+02 1.700000000000000000e+01
3.700000000000000000e+02 4.550000000000000000e+02 4.240000000000000000e+02 5.120000000000000000e+02
3.900000000000000000e+02 3.250000000000000000e+02 4.400000000000000000e+02 3.630000000000000000e+02
4.240000000000000000e+02 1.170000000000000000e+02 4.970000000000000000e+02 2.020000000000000000e+02
4.430000000000000000e+02 4.330000000000000000e+02 5.120000000000000000e+02 5.120000000000000000e+02
