2.200000000000000000e+01 3.810000000000000000e+02 6.900000000000000000e+01 4.290000000000000000e+02
1.320000000000000000e+02 3.560000000000000000e+02 2.020000000000000000e+02 4.270000000000000000e+02
1.750000000000000000e+02 9.600000000000000000e+01 2.390000000000000000e+02 1.590000000000000000e+02
2.120000000000000000e+02 4.000000000000000000e+00 2.890000000000000000e+02 5.200000000000000000e+01
2.660000000000000000e+02 4.140000000000000000e+02 3.330000000000000000e+02 4.850000000000000000e+02
2.820000000000000000e+02 3.600000000000000000e+01 3.290000000000000000e+02 8.200000000000000000e+01
2.980000000000000000e+02 2.120000000000000000e+02 3.540000000000000000e+02 2.700000000000000000e+02
3.330000000000000000e+02 3.390000000000000000e+02 4.340000000000000000e+02 4.420000000000000000e+02
3.440000000000000000e+02 4.400000000000000000e+01 3.930000000000000000e+02 9.200000000000000000e+01
3.620000000000000000e+02 8.100000000000000000e+01 4.410000000000000000e+02 1.610000000000000000e+02
4.130000000000000000e+02 1.690000000000000000e+02 4.540000000000000000e+02 2.100000000000000000e+02
4.680000000000000000e+02 2.760000000000000000e+02 5.080000000000000000e+02 3.120000000000000000e+02
