0.000000000000000000e+00 5.500000000000000000e+01 4.400000000000000000e+01 1.140000000000000000e+02
3.700000000000000000e+01 6.600000000000000000e+01 8.100000000000000000e+01 1.460000000000000000e+02
6.100000000000000000e+01 1.180000000000000000e+02 1.240000000000000000e+02 1.740000000000000000e+02
9.000000000000000000e+01 2.970000000000000000e+02 1.350000000000000000e+02 3.370000000000000000e+02
1.060000000000000000e+02 1.980000000000000000e+02 1.430000000000000000e+02 2.400000000000000000e+02
1.250000000000000000e+02 0.000000000000000000e+00 1.800000000000000000e+02 3.100000000000000000e+01
1.350000000000000000e+02 8.000000000000000000e+01 1.730000000000000000e+02 1.180000000000000000e+02
2.330000000000000000e+02 3.230000000000000000e+02 2.950000000000000000e+02 3.550000000000000000e+02
2.870000000000000000e+02 2.530000000000000000e+02 3.310000000000000000e+02 3.020000000000000000e+02
2.960000000000000000e+02 5.030000000000000000e+02 3.230000000000000000e+02 5.120000000000000000e+02
3.060000000000000000e+02 7.100000000000000000e+01 3.910000000000000000e+02 1.450000000000000000e+02
3.070000000000000000e+02 3.220000000000000000e+02 3.590000000000000000e+02 3.520000000000000000e+02
3.780000000000000000e+02 4.280000000000000000e+02 4.130000000000000000e+02 4.680000000000000000e+02
4.030000000000000000e+02 0.000000000000000000e+00 4.490000000000000000e+02 3.200000000000000000e+01
4.180000000000000000e+02 4.570000000000000000e+02 4.700000000000000000e+02 5.110000000000000000e+02
4.390000000000000000e+02 2.060000000000000000e+02 5.040000000000000000e+02 2.770000000000000000e+02
4.410000000000000000e+02 0.000000000000000000e+00 4.660000000000000000e+02 1.200000000000000000e+01
4.940000000000000000e+02 0.000000000000000000e+00 5.050000000000000000e+02 1.500000000000000000e+01
