0.000000000000000000e+00 7.500000000000000000e+01 8.000000000000000000e+00 1.050000000000000000e+02
0.000000000000000000e+00 4.170000000000000000e+02 2.600000000000000000e+01 4.700000000000000000e+02
0.000000000000000000e+00 4.460000000000000000e+02 5.200000000000000000e+01 5.090000000000000000e+02
1.600000000000000000e+01 2.360000000000000000e+02 6.600000000000000000e+01 2.820000000000000000e+02
5.100000000000000000e+01 3.000000000000000000e+00 1.310000000000000000e+02 1.070000000000000000e+02
7.300000000000000000e+01 2.120000000000000000e+02 1.400000000000000000e+02 2.700000000000000000e+02
7.400000000000000000e+01 4.710000000000000000e+02 1.230000000000000000e+02 5.120000000000000000e+02
1.770000000000000000e+02 3.000000000000000000e+00 2.290000000000000000e+02 4.500000000000000000e+01
2.190000000000000000e+02 2.190000000000000000e+02 2.680000000000000000e+02 2.770000000000000000e+02
2.220000000000000000e+02 2.950000000000000000e+02 2.710000000000000000e+02 3.420000000000000000e+02
2.350000000000000000e+02 6.900000000000000000e+01 3.020000000000000000e+02 1.510000000000000000e+02
3.040000000000000000e+02 0.000000000000000000e+00 3.280000000000000000e+02 1.000000000000000000e+01
3.360000000000000000e+02 4.050000000000000000e+02 3.860000000000000000e+02 4.530000000000000000e+02
4.610000000000000000e+02 1.260000000000000000e+02 5.120000000000000000e+02 1.900000000000000000e+02
4.720000000000000000e+02 3.200000000000000000e+01 5.120000000000000000e+02 8.100000000000000000e+01
4.760000000000000000e+02 2.040000000000000000e+02 5.120000000000000000e+02 2.550000000000000000e+02
5.110000000000000000e+02 4.540000000000000000e+02 5.120000000000000000e+02 4.630000000000000000e+02
