2.300000000000000000e+01 5.090000000000000000e+02 3.200000000000000000e+01 5.120000000000000000e+02
4.300000000000000000e+01 2.050000000000000000e+02 1.030000000000000000e+02 2.640000000000000000e+02
6.200000000000000000e+01 2.600000000000000000e+02 1.200000000000000000e+02 2.850000000000000000e+02
9.300000000000000000e+01 4.980000000000000000e+02 1.290000000000000000e+02 5.120000000000000000e+02
1.100000000000000000e+02 0.000000000000000000e+00 1.230000000000000000e+02 2.000000000000000000e+00
1.140000000000000000e+02 3.500000000000000000e+01 1.350000000000000000e+02 6.000000000000000000e+01
1.150000000000000000e+02 1.790000000000000000e+02 1.770000000000000000e+02 2.280000000000000000e+02
2.000000000000000000e+02 1.820000000000000000e+02 2.790000000000000000e+02 2.480000000000000000e+02
2.050000000000000000e+02 2.200000000000000000e+01 2.810000000000000000e+02 7.900000000000000000e+01
2.650000000000000000e+02 2.230000000000000000e+02 2.990000000000000000e+02 2.620000000000000000e+02
2.780000000000000000e+02 8.100000000000000000e+01 3.010000000000000000e+02 1.140000000000000000e+02
3.120000000000000000e+02 1.390000000000000000e+02 3.310000000000000000e+02 1.620000000000000000e+02
3.800000000000000000e+02 1.520000000000000000e+02 4.380000000000000000e+02 2.110000000000000000e+02
3.850000000000000000e+02 7.400000000000000000e+01 4.390000000000000000e+02 1.050000000000000000e+02
4.160000000000000000e+02 4.690000000000000000e+02 4.730000000000000000e+02 5.120000000000000000e+02
5.090000000000000000e+02 0.000000000000000000e+00 5.120000000000000000e+02 5.000000000000000000e+00
