0.000000000000000000e+00 6.500000000000000000e+01 3.900000000000000000e+01 1.240000000000000000e+02
0.000000000000000000e+00 1.970000000000000000e+02 5.800000000000000000e+01 2.970000000000000000e+02
0.000000000000000000e+00 4.260000000000000000e+02 2.000000000000000000e+01 4.840000000000000000e+02
4.600000000000000000e+01 3.670000000000000000e+02 1.540000000000000000e+02 4.610000000000000000e+02
5.700000000000000000e+01 0.000000000000000000e+00 7.000000000000000000e+01 4.000000000000000000e+00
6.900000000000000000e+01 1.000000000000000000e+02 1.100000000000000000e+02 1.430000000000000000e+02
1.380000000000000000e+02 1.410000000000000000e+02 3.660000000000000000e+02 2.780000000000000000e+02
1.830000000000000000e+02 0.000000000000000000e+00 3.140000000000000000e+02 1.010000000000000000e+02
2.760000000000000000e+02 4.890000000000000000e+02 3.230000000000000000e+02 5.120000000000000000e+02
3.130000000000000000e+02 9.800000000000000000e+01 3.600000000000000000e+02 1.370000000000000000e+02
3.940000000000000000e+02 2.510000000000000000e+02 4.600000000000000000e+02 3.260000000000000000e+02
4.490000000000000000e+02 4.380000000000000000e+02 5.120000000000000000e+02 5.120000000000000000e+02
4.670000000000000000e+02 1.410000000000000000e+02 5.120000000000000000e+02 2.100000000000000000e+02
4.940000000000000000e+02 3.360000000000000000e+02 5.120000000000000000e+02 3.790000000000000000e+02
