0.000000000000000000e+00 1.120000000000000000e+02 6.000000000000000000e+01 1.910000000000000000e+02
6.500000000000000000e+01 0.000000000000000000e+00 1.130000000000000000e+02 1.300000000000000000e+01
8.300000000000000000e+01 2.010000000000000000e+02 1.600000000000000000e+02 2.770000000000000000e+02
1.220000000000000000e+02 5.800000000000000000e+01 1.540000000000000000e+02 8.700000000000000000e+01
1.420000000000000000e+02 1.700000000000000000e+02 2.020000000000000000e+02 2.230000000000000000e+02
2.420000000000000000e+02 6.500000000000000000e+01 3.200000000000000000e+02 1.480000000000000000e+02
2.510000000000000000e+02 2.220000000000000000e+02 2.770000000000000000e+02 2.450000000000000000e+02
2.510000000000000000e+02 2.890000000000000000e+02 3.150000000000000000e+02 3.580000000000000000e+02
3.340000000000000000e+02 0.000000000000000000e+00 3.860000000000000000e+02 2.000000000000000000e+01
3.770000000000000000e+02 2.320000000000000000e+02 4.290000000000000000e+02 2.950000000000000000e+02
3.840000000000000000e+02 1.430000000000000000e+02 4.400000000000000000e+02 1.970000000000000000e+02
4.100000000000000000e+02 3.300000000000000000e+02 4.920000000000000000e+02 4.110000000000000000e+02
4.170000000000000000e+02 5.700000000000000000e+01 4.900000000000000000e+02 1.350000000000000000e+02
4.670000000000000000e+02 5.030000000000000000e+02 5.070000000000000000e+02 5.120000000000000000e+02
4.770000000000000000e+02 0.000000000000000000e+00 5.120000000000000000e+02 2.100000000000000000e+01
4.900000000000000000e+02 4.000000000000000000e+02 5.120000000000000000e+02 4.320000000000000000e+02
5.090000000000000000e+02 4.750000000000000000e+02 5.120000000000000000e+02 4.970000000000000000e+02
5.110000000000000000e+02 4.720000000000000000e+02 5.120000000000000000e+02 4.740000000000000000e+02
