1.000000000000000000e+00 3.750000000000000000e+02 4.300000000000000000e+01 4.520000000000000000e+02
6.000000000000000000e+00 4.700000000000000000e+02 1.670000000000000000e+02 5.120000000000000000e+02
4.500000000000000000e+01 3.300000000000000000e+01 1.480000000000000000e+02 1.200000000000000000e+02
2.460000000000000000e+02 2.360000000000000000e+02 3.270000000000000000e+02 3.010000000000000000e+02
2.630000000000000000e+02 3.900000000000000000e+02 3.870000000000000000e+02 4.630000000000000000e+02
3.020000000000000000e+02 7.100000000000000000e+01 3.720000000000000000e+02 1.420000000000000000e+02
3.450000000000000000e+02 0.000000000000000000e+00 4.100000000000000000e+02 2.200000000000000000e+01
3.840000000000000000e+02 3.620000000000000000e+02 4.590000000000000000e+02 4.050000000000000000e+02
4.120000000000000000e+02 1.560000000000000000e+02 4.650000000000000000e+02 2.190000000000000000e+02
4.250000000000000000e+02 2.000000000000000000e+01 4.990000000000000000e+02 9.200000000000000000e+01
4.610000000000000000e+02 2.390000000000000000e+02 5.120000000000000000e+02 2.980000000000000000e+02
