0.000000000000000000e+00 3.550000000000000000e+02 8.100000000000000000e+01 4.340000000000000000e+02
0.000000000000000000e+00 4.890000000000000000e+02 4.400000000000000000e+01 5.120000000000000000e+02
8.000000000000000000e+00 1.520000000000000000e+02 4.900000000000000000e+01 2.030000000000000000e+02
2.800000000000000000e+01 2.440000000000000000e+02 8.900000000000000000e+01 3.070000000000000000e+02
7.700000000000000000e+01 0.000000000000000000e+00 1.860000000000000000e+02 8.300000000000000000e+01
1.060000000000000000e+02 3.800000000000000000e+02 2.160000000000000000e+02 5.120000000000000000e+02
1.370000000000000000e+02 1.540000000000000000e+02 1.680000000000000000e+02 1.790000000000000000e+02
1.920000000000000000e+02 2.200000000000000000e+01 2.450000000000000000e+02 1.050000000000000000e+02
2.050000000000000000e+02 3.350000000000000000e+02 2.420000000000000000e+02 4.160000000000000000e+02
2.640000000000000000e+02 3.820000000000000000e+02 3.170000000000000000e+02 4.530000000000000000e+02
3.080000000000000000e+02 3.380000000000000000e+02 3.410000000000000000e+02 3.770000000000000000e+02
3.180000000000000000e+02 8.600000000000000000e+01 3.450000000000000000e+02 1.350000000000000000e+02
3.290000000000000000e+02 0.000000000000000000e+00 4.720000000000000000e+02 9.500000000000000000e+01
3.540000000000000000e+02 1.910000000000000000e+02 4.210000000000000000e+02 2.940000000000000000e+02
4.110000000000000000e+02 9.900000000000000000e+01 4.620000000000000000e+02 1.600000000000000000e+02
4.860000000000000000e+02 1.430000000000000000e+02 5.120000000000000000e+02 2.240000000000000000e+02
4.930000000000000000e+02 4.000000000000000000e+02 5.120000000000000000e+02 4.370000000000000000e+02
