0.000000000000000000e+00 2.200000000000000000e+01 5.800000000000000000e+01 8.700000000000000000e+01
5.200000000000000000e+01 7.000000000000000000e+01 9.300000000000000000e+01 1.090000000000000000e+02
5.300000000000000000e+01 1.420000000000000000e+02 1.300000000000000000e+02 2.110000000000000000e+02
1.260000000000000000e+02 3.510000000000000000e+02 1.950000000000000000e+02 4.180000000000000000e+02
1.370000000000000000e+02 4.860000000000000000e+02 1.860000000000000000e+02 5.120000000000000000e+02
1.390000000000000000e+02 1.060000000000000000e+02 2.550000000000000000e+02 2.100000000000000000e+02
2.550000000000000000e+02 4.900000000000000000e+01 3.490000000000000000e+02 1.520000000000000000e+02
2.850000000000000000e+02 4.510000000000000000e+02 3.380000000000000000e+02 5.080000000000000000e+02
2.970000000000000000e+02 3.640000000000000000e+02 3.480000000000000000e+02 4.070000000000000000e+02
3.060000000000000000e+02 1.490000000000000000e+02 3.790000000000000000e+02 2.200000000000000000e+02
3.880000000000000000e+02 0.000000000000000000e+00 4.510000000000000000e+02 4.700000000000000000e+01
3.910000000000000000e+02 3.780000000000000000e+02 4.650000000000000000e+02 4.630000000000000000e+02
3.950000000000000000e+02 2.960000000000000000e+02 4.660000000000000000e+02 3.690000000000000000e+02
4.410000000000000000e+02 5.400000000000000000e+01 5.120000000000000000e+02 1.290000000000000000e+02
