0.000000000000000000e+00 2.110000000000000000e+02 7.100000000000000000e+01 3.200000000000000000e+02
1.000000000000000000e+00 1.200000000000000000e+01 1.400000000000000000e+01 4.800000000000000000e+01
1.000000000000000000e+00 3.970000000000000000e+02 3.800000000000000000e+01 4.460000000000000000e+02
1.000000000000000000e+00 4.470000000000000000e+02 7.600000000000000000e+01 5.100000000000000000e+02
1.800000000000000000e+01 8.400000000000000000e+01 6.100000000000000000e+01 1.270000000000000000e+02
2.900000000000000000e+01 0.000000000000000000e+00 7.600000000000000000e+01 2.400000000000000000e+01
6.700000000000000000e+01 8.400000000000000000e+01 1.300000000000000000e+02 1.490000000000000000e+02
8.500000000000000000e+01 4.430000000000000000e+02 1.480000000000000000e+02 5.120000000000000000e+02
1.130000000000000000e+02 1.000000000000000000e+00 1.700000000000000000e+02 4.100000000000000000e+01
1.260000000000000000e+02 2.780000000000000000e+02 1.890000000000000000e+02 3.390000000000000000e+02
1.480000000000000000e+02 4.180000000000000000e+02 1.670000000000000000e+02 5.050000000000000000e+02
1.770000000000000000e+02 2.070000000000000000e+02 2.540000000000000000e+02 3.110000000000000000e+02
1.960000000000000000e+02 6.000000000000000000e+01 2.750000000000000000e+02 1.370000000000000000e+02
2.860000000000000000e+02 1.460000000000000000e+02 3.570000000000000000e+02 2.250000000000000000e+02
2.970000000000000000e+02 3.780000000000000000e+02 3.560000000000000000e+02 4.370000000000000000e+02
3.020000000000000000e+02 1.000000000000000000e+00 3.720000000000000000e+02 3.200000000000000000e+01
3.080000000000000000e+02 2.400000000000000000e+02 3.670000000000000000e+02 3.020000000000000000e+02
4.110000000000000000e+02 3.200000000000000000e+02 4.420000000000000000e+02 3.510000000000000000e+02
4.160000000000000000e+02 3.840000000000000000e+02 4.710000000000000000e+02 4.390000000000000000e+02
4.570000000000000000e+02 4.750000000000000000e+02 5.090000000000000000e+02 5.110000000000000000e+02
4.580000000000000000e+02 1.530000000000000000e+02 5.080000000000000000e+02 2.530000000000000000e+02
4.990000000000000000e+02 4.380000000000000000e+02 5.100000000000000000e+02 4.650000000000000000e+02
