0.000000000000000000e+00 3.700000000000000000e+01 5.200000000000000000e+01 1.020000000000000000e+02
0.000000000000000000e+00 2.820000000000000000e+02 4.200000000000000000e+01 3.580000000000000000e+02
0.000000000000000000e+00 3.850000000000000000e+02 1.800000000000000000e+01 4.380000000000000000e+02
0.000000000000000000e+00 4.410000000000000000e+02 1.800000000000000000e+01 4.930000000000000000e+02
1.400000000000000000e+01 0.000000000000000000e+00 8.000000000000000000e+01 4.000000000000000000e+01
2.100000000000000000e+01 1.190000000000000000e+02 6.700000000000000000e+01 1.900000000000000000e+02
8.900000000000000000e+01 3.800000000000000000e+01 1.530000000000000000e+02 1.110000000000000000e+02
1.460000000000000000e+02 0.000000000000000000e+00 1.610000000000000000e+02 2.000000000000000000e+00
1.680000000000000000e+02 1.580000000000000000e+02 2.720000000000000000e+02 3.010000000000000000e+02
2.150000000000000000e+02 3.510000000000000000e+02 3.010000000000000000e+02 4.380000000000000000e+02
2.750000000000000000e+02 5.700000000000000000e+01 3.420000000000000000e+02 1.240000000000000000e+02
3.010000000000000000e+02 0.000000000000000000e+00 3.750000000000000000e+02 3.600000000000000000e+01
3.300000000000000000e+02 2.930000000000000000e+02 3.880000000000000000e+02 3.530000000000000000e+02
3.610000000000000000e+02 4.880000000000000000e+02 4.180000000000000000e+02 5.120000000000000000e+02
3.850000000000000000e+02 5.900000000000000000e+01 4.430000000000000000e+02 1.140000000000000000e+02
3.850000000000000000e+02 3.220000000000000000e+02 4.320000000000000000e+02 3.700000000000000000e+02
4.010000000000000000e+02 2.100000000000000000e+01 4.630000000000000000e+02 6.100000000000000000e+01
4.090000000000000000e+02 0.000000000000000000e+00 4.340000000000000000e+02 8.000000000000000000e+00
4.330000000000000000e+02 3.310000000000000000e+02 5.120000000000000000e+02 4.180000000000000000e+02
4.660000000000000000e+02 1.010000000000000000e+02 5.120000000000000000e+02 1.540000000000000000e+02
