0.000000000000000000e+00 1.560000000000000000e+02 3.000000000000000000e+01 2.210000000000000000e+02
0.000000000000000000e+00 2.420000000000000000e+02 3.400000000000000000e+01 3.160000000000000000e+02
7.200000000000000000e+01 1.460000000000000000e+02 1.380000000000000000e+02 2.140000000000000000e+02
8.100000000000000000e+01 2.700000000000000000e+01 1.490000000000000000e+02 8.500000000000000000e+01
9.400000000000000000e+01 2.380000000000000000e+02 1.950000000000000000e+02 3.300000000000000000e+02
2.220000000000000000e+02 7.100000000000000000e+01 2.760000000000000000e+02 1.160000000000000000e+02
2.430000000000000000e+02 3.300000000000000000e+01 3.180000000000000000e+02 9.500000000000000000e+01
3.280000000000000000e+02 1.800000000000000000e+01 4.010000000000000000e+02 1.010000000000000000e+02
3.300000000000000000e+02 4.290000000000000000e+02 4.060000000000000000e+02 5.020000000000000000e+02
3.860000000000000000e+02 3.510000000000000000e+02 4.310000000000000000e+02 3.930000000000000000e+02
4.220000000000000000e+02 1.620000000000000000e+02 5.070000000000000000e+02 2.310000000000000000e+02
4.270000000000000000e+02 4.570000000000000000e+02 5.110000000000000000e+02 5.120000000000000000e+02
