0.000000000000000000e+00 4.060000000000000000e+02 4.900000000000000000e+01 4.790000000000000000e+02
1.000000000000000000e+00 2.320000000000000000e+02 7.600000000000000000e+01 3.150000000000000000e+02
4.600000000000000000e+01 1.130000000000000000e+02 2.410000000000000000e+02 2.280000000000000000e+02
6.900000000000000000e+01 2.690000000000000000e+02 2.180000000000000000e+02 4.310000000000000000e+02
9.000000000000000000e+01 3.600000000000000000e+01 1.690000000000000000e+02 1.090000000000000000e+02
1.890000000000000000e+02 4.430000000000000000e+02 2.660000000000000000e+02 5.120000000000000000e+02
2.120000000000000000e+02 2.160000000000000000e+02 3.250000000000000000e+02 3.010000000000000000e+02
2.460000000000000000e+02 3.260000000000000000e+02 3.130000000000000000e+02 3.990000000000000000e+02
2.860000000000000000e+02 0.000000000000000000e+00 3.510000000000000000e+02 2.900000000000000000e+01
3.440000000000000000e+02 4.720000000000000000e+02 4.040000000000000000e+02 5.120000000000000000e+02
3.500000000000000000e+02 3.150000000000000000e+02 4.150000000000000000e+02 3.680000000000000000e+02
3.580000000000000000e+02 2.300000000000000000e+01 4.170000000000000000e+02 8.000000000000000000e+01
3.950000000000000000e+02 2.320000000000000000e+02 4.340000000000000000e+02 2.710000000000000000e+02
4.180000000000000000e+02 5.700000000000000000e+01 4.870000000000000000e+02 1.220000000000000000e+02
4.250000000000000000e+02 3.000000000000000000e+02 5.040000000000000000e+02 3.910000000000000000e+02
