0.000000000000000000e+00 1.320000000000000000e+02 3.800000000000000000e+01 2.120000000000000000e+02
0.000000000000000000e+00 4.840000000000000000e+02 3.400000000000000000e+01 5.120000000000000000e+02
3.500000000000000000e+01 0.000000000000000000e+00 9.000000000000000000e+01 3.000000000000000000e+01
4.100000000000000000e+01 3.950000000000000000e+02 8.400000000000000000e+01 4.350000000000000000e+02
1.050000000000000000e+02 1.230000000000000000e+02 1.610000000000000000e+02 1.800000000000000000e+02
1.230000000000000000e+02 3.800000000000000000e+02 1.830000000000000000e+02 4.310000000000000000e+02
1.240000000000000000e+02 2.350000000000000000e+02 1.860000000000000000e+02 2.920000000000000000e+02
1.630000000000000000e+02 5.600000000000000000e+01 2.110000000000000000e+02 9.900000000000000000e+01
2.120000000000000000e+02 3.360000000000000000e+02 2.590000000000000000e+02 3.650000000000000000e+02
2.510000000000000000e+02 4.660000000000000000e+02 3.070000000000000000e+02 5.090000000000000000e+02
2.990000000000000000e+02 1.190000000000000000e+02 3.570000000000000000e+02 1.730000000000000000e+02
3.300000000000000000e+02 5.100000000000000000e+02 3.410000000000000000e+02 5.120000000000000000e+02
4.020000000000000000e+02 1.090000000000000000e+02 4.620000000000000000e+02 1.600000000000000000e+02
4.160000000000000000e+02 1.710000000000000000e+02 4.980000000000000000e+02 2.530000000000000000e+02
4.500000000000000000e+02 2.900000000000000000e+02 4.840000000000000000e+02 3.360000000000000000e+02
