0.000000000000000000e+00 0.000000000000000000e+00 2.700000000000000000e+01 4.500000000000000000e+01
1.000000000000000000e+00 3.690000000000000000e+02 5.200000000000000000e+01 4.710000000000000000e+02
8.800000000000000000e+01 0.000000000000000000e+00 1.250000000000000000e+02 1.600000000000000000e+01
1.000000000000000000e+02 3.660000000000000000e+02 2.660000000000000000e+02 4.770000000000000000e+02
1.270000000000000000e+02 1.140000000000000000e+02 1.760000000000000000e+02 1.650000000000000000e+02
1.390000000000000000e+02 2.320000000000000000e+02 2.080000000000000000e+02 3.020000000000000000e+02
2.810000000000000000e+02 2.820000000000000000e+02 3.500000000000000000e+02 3.470000000000000000e+02
2.820000000000000000e+02 2.020000000000000000e+02 3.550000000000000000e+02 2.630000000000000000e+02
3.380000000000000000e+02 3.000000000000000000e+01 3.930000000000000000e+02 8.300000000000000000e+01
3.780000000000000000e+02 4.120000000000000000e+02 4.630000000000000000e+02 5.100000000000000000e+02
4.700000000000000000e+02 3.000000000000000000e+02 5.100000000000000000e+02 3.640000000000000000e+02
