0.000000000000000000e+00 3.450000000000000000e+02 1.230000000000000000e+02 4.970000000000000000e+02
4.500000000000000000e+01 2.470000000000000000e+02 1.200000000000000000e+02 3.320000000000000000e+02
1.300000000000000000e+02 3.640000000000000000e+02 1.890000000000000000e+02 4.270000000000000000e+02
1.470000000000000000e+02 5.000000000000000000e+00 2.280000000000000000e+02 5.800000000000000000e+01
1.620000000000000000e+02 4.370000000000000000e+02 2.690000000000000000e+02 5.120000000000000000e+02
2.320000000000000000e+02 1.580000000000000000e+02 2.830000000000000000e+02 2.010000000000000000e+02
2.360000000000000000e+02 3.400000000000000000e+02 2.830000000000000000e+02 3.750000000000000000e+02
3.530000000000000000e+02 4.250000000000000000e+02 3.980000000000000000e+02 4.660000000000000000e+02
3.970000000000000000e+02 1.630000000000000000e+02 4.620000000000000000e+02 2.140000000000000000e+02
4.100000000000000000e+02 6.300000000000000000e+01 4.870000000000000000e+02 1.260000000000000000e+02
4.600000000000000000e+02 4.720000000000000000e+02 5.120000000000000000e+02 5.120000000000000000e+02
4.720000000000000000e+02 0.000000000000000000e+00 5.120000000000000000e+02 2.200000000000000000e+01
