2.900000000000000000e+01 2.640000000000000000e+02 1.000000000000000000e+02 3.360000000000000000e+02
7.400000000000000000e+01 3.430000000000000000e+02 1.620000000000000000e+02 4.300000000000000000e+02
8.200000000000000000e+01 1.390000000000000000e+02 1.560000000000000000e+02 1.910000000000000000e+02
8.500000000000000000e+01 2.700000000000000000e+01 1.320000000000000000e+02 7.200000000000000000e+01
2.420000000000000000e+02 2.980000000000000000e+02 2.980000000000000000e+02 3.520000000000000000e+02
3.010000000000000000e+02 4.090000000000000000e+02 3.500000000000000000e+02 4.530000000000000000e+02
3.010000000000000000e+02 4.910000000000000000e+02 3.690000000000000000e+02 5.120000000000000000e+02
3.450000000000000000e+02 3.700000000000000000e+02 4.210000000000000000e+02 4.370000000000000000e+02
3.570000000000000000e+02 1.760000000000000000e+02 4.180000000000000000e+02 2.320000000000000000e+02
4.260000000000000000e+02 3.450000000000000000e+02 4.760000000000000000e+02 3.930000000000000000e+02
4.300000000000000000e+02 2.890000000000000000e+02 4.800000000000000000e+02 3.350000000000000000e+02
4.330000000000000000e+02 1.240000000000000000e+02 5.100000000000000000e+02 1.980000000000000000e+02
4.590000000000000000e+02 2.390000000000000000e+02 5.120000000000000000e+02 2.900000000000000000e+02
