0.000000000000000000e+00 1.450000000000000000e+02 3.800000000000000000e+01 2.010000000000000000e+02
0.000000000000000000e+00 2.840000000000000000e+02 6.500000000000000000e+01 3.550000000000000000e+02
0.000000000000000000e+00 4.710000000000000000e+02 3.500000000000000000e+01 5.090000000000000000e+02
4.400000000000000000e+01 1.500000000000000000e+01 1.130000000000000000e+02 8.600000000000000000e+01
4.400000000000000000e+01 1.210000000000000000e+02 1.130000000000000000e+02 1.940000000000000000e+02
7.000000000000000000e+01 2.310000000000000000e+02 1.250000000000000000e+02 2.840000000000000000e+02
7.200000000000000000e+01 3.980000000000000000e+02 1.540000000000000000e+02 4.920000000000000000e+02
1.140000000000000000e+02 1.060000000000000000e+02 1.640000000000000000e+02 1.580000000000000000e+02
1.470000000000000000e+02 3.030000000000000000e+02 2.220000000000000000e+02 3.700000000000000000e+02
1.490000000000000000e+02 1.450000000000000000e+02 1.880000000000000000e+02 1.740000000000000000e+02
1.600000000000000000e+02 8.600000000000000000e+01 2.040000000000000000e+02 1.320000000000000000e+02
1.650000000000000000e+02 2.400000000000000000e+01 2.380000000000000000e+02 8.700000000000000000e+01
1.890000000000000000e+02 2.090000000000000000e+02 2.720000000000000000e+02 3.100000000000000000e+02
1.940000000000000000e+02 4.730000000000000000e+02 2.480000000000000000e+02 5.060000000000000000e+02
2.130000000000000000e+02 3.660000000000000000e+02 2.580000000000000000e+02 4.090000000000000000e+02
2.420000000000000000e+02 0.000000000000000000e+00 3.130000000000000000e+02 5.700000000000000000e+01
2.610000000000000000e+02 9.400000000000000000e+01 3.600000000000000000e+02 1.920000000000000000e+02
3.010000000000000000e+02 4.260000000000000000e+02 3.790000000000000000e+02 5.090000000000000000e+02
3.100000000000000000e+02 3.210000000000000000e+02 3.530000000000000000e+02 3.720000000000000000e+02
3.300000000000000000e+02 2.460000000000000000e+02 3.830000000000000000e+02 2.990000000000000000e+02
3.720000000000000000e+02 1.570000000000000000e+02 5.110000000000000000e+02 3.000000000000000000e+02
4.320000000000000000e+02 4.090000000000000000e+02 5.050000000000000000e+02 4.820000000000000000e+02
4.330000000000000000e+02 1.190000000000000000e+02 4.800000000000000000e+02 1.700000000000000000e+02
