0.000000000000000000e+00 9.900000000000000000e+01 6.300000000000000000e+01 1.780000000000000000e+02
0.000000000000000000e+00 2.750000000000000000e+02 4.200000000000000000e+01 3.370000000000000000e+02
2.000000000000000000e+00 3.350000000000000000e+02 6.800000000000000000e+01 4.050000000000000000e+02
5.900000000000000000e+01 4.490000000000000000e+02 1.470000000000000000e+02 5.080000000000000000e+02
1.430000000000000000e+02 3.000000000000000000e+01 2.260000000000000000e+02 1.050000000000000000e+02
1.490000000000000000e+02 0.000000000000000000e+00 2.190000000000000000e+02 3.200000000000000000e+01
1.650000000000000000e+02 4.440000000000000000e+02 2.480000000000000000e+02 5.080000000000000000e+02
2.510000000000000000e+02 3.940000000000000000e+02 2.980000000000000000e+02 4.400000000000000000e+02
2.620000000000000000e+02 2.790000000000000000e+02 3.490000000000000000e+02 3.610000000000000000e+02
3.030000000000000000e+02 2.600000000000000000e+01 3.710000000000000000e+02 9.300000000000000000e+01
3.120000000000000000e+02 2.170000000000000000e+02 4.010000000000000000e+02 3.040000000000000000e+02
3.790000000000000000e+02 3.140000000000000000e+02 4.400000000000000000e+02 3.730000000000000000e+02
4.130000000000000000e+02 9.300000000000000000e+01 4.920000000000000000e+02 1.740000000000000000e+02
4.230000000000000000e+02 2.100000000000000000e+02 4.810000000000000000e+02 2.700000000000000000e+02
5.110000000000000000e+02 1.620000000000000000e+02 5.120000000000000000e+02 1.640000000000000000e+02
