0.000000000000000000e+00 2.730000000000000000e+02 1.300000000000000000e+01 3.120000000000000000e+02
0.000000000000000000e+00 3.460000000000000000e+02 1.900000000000000000e+01 3.910000000000000000e+02
3.300000000000000000e+01 0.000000000000000000e+00 8.600000000000000000e+01 2.800000000000000000e+01
8.800000000000000000e+01 2.240000000000000000e+02 1.390000000000000000e+02 2.940000000000000000e+02
1.100000000000000000e+02 2.000000000000000000e+01 1.450000000000000000e+02 6.800000000000000000e+01
1.200000000000000000e+02 4.810000000000000000e+02 1.700000000000000000e+02 5.120000000000000000e+02
1.360000000000000000e+02 3.870000000000000000e+02 1.510000000000000000e+02 4.090000000000000000e+02
1.580000000000000000e+02 1.270000000000000000e+02 2.130000000000000000e+02 1.890000000000000000e+02
1.690000000000000000e+02 3.160000000000000000e+02 2.270000000000000000e+02 3.810000000000000000e+02
1.810000000000000000e+02 1.980000000000000000e+02 2.250000000000000000e+02 2.510000000000000000e+02
2.090000000000000000e+02 2.230000000000000000e+02 2.590000000000000000e+02 2.750000000000000000e+02
2.790000000000000000e+02 2.720000000000000000e+02 3.100000000000000000e+02 3.070000000000000000e+02
3.050000000000000000e+02 3.130000000000000000e+02 3.560000000000000000e+02 3.700000000000000000e+02
3.470000000000000000e+02 1.700000000000000000e+02 4.080000000000000000e+02 2.300000000000000000e+02
3.620000000000000000e+02 2.810000000000000000e+02 4.120000000000000000e+02 3.170000000000000000e+02
3.770000000000000000e+02 1.000000000000000000e+01 4.400000000000000000e+02 7.000000000000000000e+01
4.980000000000000000e+02 6.000000000000000000e+01 5.120000000000000000e+02 1.050000000000000000e+02
