0.000000000000000000e+00 9.100000000000000000e+01 8.000000000000000000e+00 1.240000000000000000e+02
0.000000000000000000e+00 2.990000000000000000e+02 2.000000000000000000e+01 3.840000000000000000e+02
5.100000000000000000e+01 4.230000000000000000e+02 1.610000000000000000e+02 5.070000000000000000e+02
5.600000000000000000e+01 3.560000000000000000e+02 1.010000000000000000e+02 4.150000000000000000e+02
8.800000000000000000e+01 2.200000000000000000e+02 1.540000000000000000e+02 3.200000000000000000e+02
1.670000000000000000e+02 4.020000000000000000e+02 1.940000000000000000e+02 4.210000000000000000e+02
1.750000000000000000e+02 1.530000000000000000e+02 1.900000000000000000e+02 1.690000000000000000e+02
1.920000000000000000e+02 6.800000000000000000e+01 2.510000000000000000e+02 1.330000000000000000e+02
2.650000000000000000e+02 4.110000000000000000e+02 3.080000000000000000e+02 4.800000000000000000e+02
2.820000000000000000e+02 1.440000000000000000e+02 3.020000000000000000e+02 1.660000000000000000e+02
3.030000000000000000e+02 0.000000000000000000e+00 3.610000000000000000e+02 5.600000000000000000e+01
3.150000000000000000e+02 5.200000000000000000e+01 4.100000000000000000e+02 1.310000000000000000e+02
3.190000000000000000e+02 5.050000000000000000e+02 3.370000000000000000e+02 5.120000000000000000e+02
3.450000000000000000e+02 4.330000000000000000e+02 3.940000000000000000e+02 5.120000000000000000e+02
3.470000000000000000e+02 3.360000000000000000e+02 3.780000000000000000e+02 3.560000000000000000e+02
3.930000000000000000e+02 4.370000000000000000e+02 4.370000000000000000e+02 5.070000000000000000e+02
4.230000000000000000e+02 2.040000000000000000e+02 4.800000000000000000e+02 2.590000000000000000e+02
4.310000000000000000e+02 9.200000000000000000e+01 4.990000000000000000e+02 1.560000000000000000e+02
4.610000000000000000e+02 3.080000000000000000e+02 4.960000000000000000e+02 3.630000000000000000e+02
4.720000000000000000e+02 0.000000000000000000e+00 5.060000000000000000e+02 2.600000000000000000e+01
