8.000000000000000000e+00 0.000000000000000000e+00 6.900000000000000000e+01 2.100000000000000000e+01
1.500000000000000000e+01 1.750000000000000000e+02 8.000000000000000000e+01 2.350000000000000000e+02
5.200000000000000000e+01 6.100000000000000000e+01 1.200000000000000000e+02 1.350000000000000000e+02
9.300000000000000000e+01 2.390000000000000000e+02 1.820000000000000000e+02 3.110000000000000000e+02
2.020000000000000000e+02 3.190000000000000000e+02 2.820000000000000000e+02 4.030000000000000000e+02
2.410000000000000000e+02 2.030000000000000000e+02 2.970000000000000000e+02 2.680000000000000000e+02
2.510000000000000000e+02 3.800000000000000000e+01 3.230000000000000000e+02 1.060000000000000000e+02
2.610000000000000000e+02 1.240000000000000000e+02 3.300000000000000000e+02 2.000000000000000000e+02
2.950000000000000000e+02 3.730000000000000000e+02 3.580000000000000000e+02 4.390000000000000000e+02
3.280000000000000000e+02 1.580000000000000000e+02 4.110000000000000000e+02 2.430000000000000000e+02
3.880000000000000000e+02 0.000000000000000000e+00 4.660000000000000000e+02 7.100000000000000000e+01
4.000000000000000000e+02 3.130000000000000000e+02 4.420000000000000000e+02 3.650000000000000000e+02
4.130000000000000000e+02 4.780000000000000000e+02 4.640000000000000000e+02 5.120000000000000000e+02
4.310000000000000000e+02 3.620000000000000000e+02 5.010000000000000000e+02 4.500000000000000000e+02
4.710000000000000000e+02 7.300000000000000000e+01 5.120000000000000000e+02 1.450000000000000000e+02
5.040000000000000000e+02 1.710000000000000000e+02 5.120000000000000000e+02 2.070000000000000000e+02
