0.000000000000000000e+00 4.200000000000000000e+01 2.700000000000000000e+01 1.170000000000000000e+02
0.000000000000000000e+00 1.680000000000000000e+02 5.000000000000000000e+01 2.220000000000000000e+02
0.000000000000000000e+00 2.750000000000000000e+02 5.300000000000000000e+01 3.860000000000000000e+02
0.000000000000000000e+00 4.810000000000000000e+02 1.900000000000000000e+01 5.120000000000000000e+02
3.300000000000000000e+01 4.270000000000000000e+02 1.920000000000000000e+02 5.120000000000000000e+02
4.000000000000000000e+01 2.090000000000000000e+02 1.050000000000000000e+02 2.740000000000000000e+02
5.900000000000000000e+01 3.110000000000000000e+02 1.390000000000000000e+02 4.110000000000000000e+02
9.900000000000000000e+01 1.000000000000000000e+01 1.260000000000000000e+02 5.200000000000000000e+01
1.060000000000000000e+02 1.700000000000000000e+02 1.650000000000000000e+02 2.280000000000000000e+02
1.230000000000000000e+02 2.000000000000000000e+01 1.580000000000000000e+02 6.800000000000000000e+01
1.520000000000000000e+02 2.200000000000000000e+01 1.910000000000000000e+02 8.000000000000000000e+01
1.960000000000000000e+02 1.450000000000000000e+02 2.630000000000000000e+02 1.860000000000000000e+02
1.980000000000000000e+02 4.880000000000000000e+02 2.600000000000000000e+02 5.120000000000000000e+02
2.040000000000000000e+02 1.950000000000000000e+02 2.660000000000000000e+02 2.530000000000000000e+02
2.470000000000000000e+02 3.280000000000000000e+02 3.110000000000000000e+02 4.010000000000000000e+02
2.820000000000000000e+02 0.000000000000000000e+00 3.920000000000000000e+02 8.100000000000000000e+01
2.840000000000000000e+02 1.520000000000000000e+02 3.470000000000000000e+02 2.110000000000000000e+02
3.340000000000000000e+02 1.960000000000000000e+02 3.770000000000000000e+02 2.350000000000000000e+02
3.580000000000000000e+02 1.170000000000000000e+02 3.940000000000000000e+02 1.580000000000000000e+02
4.360000000000000000e+02 1.210000000000000000e+02 5.120000000000000000e+02 1.850000000000000000e+02
4.360000000000000000e+02 2.370000000000000000e+02 5.040000000000000000e+02 3.090000000000000000e+02
4.380000000000000000e+02 3.740000000000000000e+02 5.120000000000000000e+02 4.560000000000000000e+02
4.460000000000000000e+02 5.110000000000000000e+02 4.470000000000000000e+02 5.120000000000000000e+02
4.540000000000000000e+02 1.900000000000000000e+01 5.120000000000000000e+02 1.000000000000000000e+02
4.740000000000000000e+02 3.010000000000000000e+02 5.120000000000000000e+02 3.740000000000000000e+02
