0.000000000000000000e+00 6.900000000000000000e+01 1.800000000000000000e+01 1.170000000000000000e+02
0.000000000000000000e+00 1.980000000000000000e+02 3.800000000000000000e+01 2.910000000000000000e+02
0.000000000000000000e+00 4.220000000000000000e+02 3.800000000000000000e+01 4.840000000000000000e+02
3.500000000000000000e+01 1.350000000000000000e+02 8.900000000000000000e+01 1.900000000000000000e+02
7.000000000000000000e+01 2.260000000000000000e+02 1.240000000000000000e+02 2.840000000000000000e+02
1.340000000000000000e+02 4.230000000000000000e+02 2.030000000000000000e+02 5.010000000000000000e+02
1.610000000000000000e+02 0.000000000000000000e+00 2.200000000000000000e+02 3.400000000000000000e+01
2.280000000000000000e+02 1.170000000000000000e+02 2.860000000000000000e+02 1.770000000000000000e+02
2.780000000000000000e+02 3.220000000000000000e+02 3.300000000000000000e+02 3.910000000000000000e+02
3.090000000000000000e+02 2.310000000000000000e+02 3.480000000000000000e+02 2.760000000000000000e+02
3.180000000000000000e+02 2.600000000000000000e+01 3.630000000000000000e+02 7.000000000000000000e+01
3.440000000000000000e+02 3.530000000000000000e+02 4.030000000000000000e+02 3.980000000000000000e+02
3.870000000000000000e+02 4.840000000000000000e+02 4.450000000000000000e+02 5.120000000000000000e+02
3.920000000000000000e+02 1.510000000000000000e+02 4.790000000000000000e+02 2.430000000000000000e+02
4.010000000000000000e+02 4.800000000000000000e+01 4.520000000000000000e+02 9.900000000000000000e+01
