0.000000000000000000e+00 2.230000000000000000e+02 5.500000000000000000e+01 2.860000000000000000e+02
0.000000000000000000e+00 3.450000000000000000e+02 2.600000000000000000e+01 3.990000000000000000e+02
1.000000000000000000e+00 1.260000000000000000e+02 9.000000000000000000e+00 1.440000000000000000e+02
2.000000000000000000e+01 2.730000000000000000e+02 9.000000000000000000e+01 3.430000000000000000e+02
4.700000000000000000e+01 3.800000000000000000e+01 1.300000000000000000e+02 1.210000000000000000e+02
5.700000000000000000e+01 3.570000000000000000e+02 1.740000000000000000e+02 4.370000000000000000e+02
7.800000000000000000e+01 4.840000000000000000e+02 1.300000000000000000e+02 5.120000000000000000e+02
1.540000000000000000e+02 2.210000000000000000e+02 2.560000000000000000e+02 3.250000000000000000e+02
2.790000000000000000e+02 1.980000000000000000e+02 3.600000000000000000e+02 2.790000000000000000e+02
3.310000000000000000e+02 4.980000000000000000e+02 3.540000000000000000e+02 5.100000000000000000e+02
3.450000000000000000e+02 1.230000000000000000e+02 4.400000000000000000e+02 2.160000000000000000e+02
3.660000000000000000e+02 4.470000000000000000e+02 4.570000000000000000e+02 5.120000000000000000e+02
3.980000000000000000e+02 2.630000000000000000e+02 5.120000000000000000e+02 3.990000000000000000e+02
4.500000000000000000e+02 7.100000000000000000e+01 5.120000000000000000e+02 1.480000000000000000e+02
5.000000000000000000e+02 2.140000000000000000e+02 5.120000000000000000e+02 2.430000000000000000e+02
