0.000000000000000000e+00 3.210000000000000000e+02 6.000000000000000000e+01 4.000000000000000000e+02
6.500000000000000000e+01 4.990000000000000000e+02 1.130000000000000000e+02 5.120000000000000000e+02
8.300000000000000000e+01 2.350000000000000000e+02 1.600000000000000000e+02 3.110000000000000000e+02
1.220000000000000000e+02 4.250000000000000000e+02 1.540000000000000000e+02 4.540000000000000000e+02
1.420000000000000000e+02 2.890000000000000000e+02 2.020000000000000000e+02 3.420000000000000000e+02
2.420000000000000000e+02 3.640000000000000000e+02 3.200000000000000000e+02 4.470000000000000000e+02
2.510000000000000000e+02 1.540000000000000000e+02 3.150000000000000000e+02 2.230000000000000000e+02
2.510000000000000000e+02 2.670000000000000000e+02 2.770000000000000000e+02 2.900000000000000000e+02
3.340000000000000000e+02 4.920000000000000000e+02 3.860000000000000000e+02 5.120000000000000000e+02
3.770000000000000000e+02 2.170000000000000000e+02 4.290000000000000000e+02 2.800000000000000000e+02
3.840000000000000000e+02 3.150000000000000000e+02 4.400000000000000000e+02 3.690000000000000000e+02
4.100000000000000000e+02 1.010000000000000000e+02 4.920000000000000000e+02 1.820000000000000000e+02
4.170000000000000000e+02 3.770000000000000000e+02 4.900000000000000000e+02 4.550000000000000000e+02
4.670000000000000000e+02 0.000000000000000000e+00 5.070000000000000000e+02 9.000000000000000000e+00
4.770000000000000000e+02 4.910000000000000000e+02 5.120000000000000000e+02 5.120000000000000000e+02
4.900000000000000000e+02 8.000000000000000000e+01 5.120000000000000000e+02 1.120000000000000000e+02
5.090000000000000000e+02 1.500000000000000000e+01 5.120000000000000000e+02 3.700000000000000000e+01
5.110000000000000000e+02 3.800000000000000000e+01 5.120000000000000000e+02 4.000000000000000000e+01
