0.000000000000000000e+00 1.330000000000000000e+02 4.700000000000000000e+01 2.050000000000000000e+02
2.000000000000000000e+01 2.140000000000000000e+02 7.700000000000000000e+01 2.670000000000000000e+02
5.500000000000000000e+01 4.630000000000000000e+02 1.190000000000000000e+02 5.120000000000000000e+02
8.200000000000000000e+01 6.200000000000000000e+01 1.380000000000000000e+02 1.240000000000000000e+02
8.800000000000000000e+01 2.550000000000000000e+02 1.460000000000000000e+02 3.070000000000000000e+02
1.310000000000000000e+02 1.800000000000000000e+02 2.710000000000000000e+02 2.670000000000000000e+02
1.540000000000000000e+02 2.880000000000000000e+02 2.240000000000000000e+02 3.650000000000000000e+02
1.640000000000000000e+02 0.000000000000000000e+00 2.440000000000000000e+02 1.050000000000000000e+02
1.820000000000000000e+02 4.190000000000000000e+02 2.420000000000000000e+02 4.790000000000000000e+02
2.270000000000000000e+02 3.380000000000000000e+02 2.910000000000000000e+02 4.110000000000000000e+02
3.010000000000000000e+02 0.000000000000000000e+00 3.800000000000000000e+02 6.800000000000000000e+01
3.140000000000000000e+02 1.440000000000000000e+02 3.800000000000000000e+02 2.140000000000000000e+02
3.280000000000000000e+02 4.170000000000000000e+02 3.930000000000000000e+02 5.100000000000000000e+02
3.430000000000000000e+02 2.970000000000000000e+02 4.090000000000000000e+02 3.610000000000000000e+02
4.030000000000000000e+02 5.500000000000000000e+01 4.630000000000000000e+02 1.160000000000000000e+02
4.040000000000000000e+02 3.240000000000000000e+02 4.860000000000000000e+02 4.080000000000000000e+02
4.240000000000000000e+02 1.380000000000000000e+02 4.890000000000000000e+02 2.100000000000000000e+02
4.610000000000000000e+02 1.010000000000000000e+02 4.830000000000000000e+02 1.240000000000000000e+02
4.840000000000000000e+02 7.100000000000000000e+01 5.120000000000000000e+02 1.690000000000000000e+02
4.850000000000000000e+02 3.060000000000000000e+02 5.120000000000000000e+02 3.680000000000000000e+02
4.930000000000000000e+02 2.280000000000000000e+02 5.120000000000000000e+02 2.590000000000000000e+02
4.980000000000000000e+02 0.000000000000000000e+00 5.120000000000000000e+02 1.400000000000000000e+01
