0.000000000000000000e+00 1.160000000000000000e+02 4.100000000000000000e+01 1.630000000000000000e+02
0.000000000000000000e+00 4.020000000000000000e+02 2.400000000000000000e+01 4.620000000000000000e+02
2.700000000000000000e+01 1.610000000000000000e+02 1.120000000000000000e+02 2.510000000000000000e+02
1.110000000000000000e+02 2.120000000000000000e+02 1.730000000000000000e+02 2.690000000000000000e+02
1.450000000000000000e+02 4.050000000000000000e+02 2.180000000000000000e+02 4.900000000000000000e+02
1.490000000000000000e+02 0.000000000000000000e+00 1.970000000000000000e+02 4.100000000000000000e+01
2.580000000000000000e+02 2.340000000000000000e+02 3.450000000000000000e+02 3.160000000000000000e+02
3.240000000000000000e+02 4.000000000000000000e+01 3.910000000000000000e+02 1.180000000000000000e+02
4.140000000000000000e+02 2.780000000000000000e+02 5.030000000000000000e+02 3.610000000000000000e+02
4.700000000000000000e+02 1.790000000000000000e+02 5.100000000000000000e+02 2.290000000000000000e+02
