1.000000000000000000e+01 4.610000000000000000e+02 5.800000000000000000e+01 5.110000000000000000e+02
1.090000000000000000e+02 3.250000000000000000e+02 1.960000000000000000e+02 4.120000000000000000e+02
1.130000000000000000e+02 4.900000000000000000e+01 1.620000000000000000e+02 9.500000000000000000e+01
1.410000000000000000e+02 0.000000000000000000e+00 3.040000000000000000e+02 1.330000000000000000e+02
2.050000000000000000e+02 3.240000000000000000e+02 2.700000000000000000e+02 4.040000000000000000e+02
2.320000000000000000e+02 1.660000000000000000e+02 2.940000000000000000e+02 2.330000000000000000e+02
2.570000000000000000e+02 3.690000000000000000e+02 3.600000000000000000e+02 4.730000000000000000e+02
2.850000000000000000e+02 2.960000000000000000e+02 3.380000000000000000e+02 3.510000000000000000e+02
2.940000000000000000e+02 5.070000000000000000e+02 3.150000000000000000e+02 5.120000000000000000e+02
3.520000000000000000e+02 0.000000000000000000e+00 3.950000000000000000e+02 3.200000000000000000e+01
4.240000000000000000e+02 1.430000000000000000e+02 5.120000000000000000e+02 2.280000000000000000e+02
4.400000000000000000e+02 0.000000000000000000e+00 4.980000000000000000e+02 2.300000000000000000e+01
4.860000000000000000e+02 3.880000000000000000e+02 5.120000000000000000e+02 4.440000000000000000e+02
