0.000000000000000000e+00 2.060000000000000000e+02 2.000000000000000000e+00 2.150000000000000000e+02
1.800000000000000000e+01 4.840000000000000000e+02 9.300000000000000000e+01 5.120000000000000000e+02
2.900000000000000000e+01 0.000000000000000000e+00 1.000000000000000000e+02 6.900000000000000000e+01
6.700000000000000000e+01 1.030000000000000000e+02 1.610000000000000000e+02 1.950000000000000000e+02
7.500000000000000000e+01 2.830000000000000000e+02 1.230000000000000000e+02 3.330000000000000000e+02
9.900000000000000000e+01 3.820000000000000000e+02 1.370000000000000000e+02 4.200000000000000000e+02
1.510000000000000000e+02 2.020000000000000000e+02 2.540000000000000000e+02 3.580000000000000000e+02
2.130000000000000000e+02 1.610000000000000000e+02 2.640000000000000000e+02 2.090000000000000000e+02
2.260000000000000000e+02 4.550000000000000000e+02 2.820000000000000000e+02 5.120000000000000000e+02
2.450000000000000000e+02 0.000000000000000000e+00 2.610000000000000000e+02 4.000000000000000000e+00
3.870000000000000000e+02 1.850000000000000000e+02 4.250000000000000000e+02 2.230000000000000000e+02
4.310000000000000000e+02 2.030000000000000000e+02 4.840000000000000000e+02 2.520000000000000000e+02
4.890000000000000000e+02 2.500000000000000000e+02 5.120000000000000000e+02 3.680000000000000000e+02
