2.000000000000000000e+01 8.900000000000000000e+01 4.200000000000000000e+01 1.330000000000000000e+02
4.400000000000000000e+01 1.030000000000000000e+02 7.000000000000000000e+01 1.450000000000000000e+02
1.130000000000000000e+02 1.460000000000000000e+02 1.510000000000000000e+02 1.830000000000000000e+02
1.140000000000000000e+02 4.210000000000000000e+02 1.990000000000000000e+02 4.840000000000000000e+02
1.330000000000000000e+02 4.760000000000000000e+02 2.110000000000000000e+02 5.120000000000000000e+02
1.750000000000000000e+02 2.160000000000000000e+02 2.250000000000000000e+02 2.720000000000000000e+02
2.470000000000000000e+02 2.490000000000000000e+02 3.270000000000000000e+02 3.060000000000000000e+02
3.330000000000000000e+02 1.950000000000000000e+02 3.710000000000000000e+02 2.490000000000000000e+02
3.590000000000000000e+02 0.000000000000000000e+00 4.030000000000000000e+02 4.300000000000000000e+01
4.240000000000000000e+02 2.850000000000000000e+02 4.600000000000000000e+02 3.290000000000000000e+02
4.750000000000000000e+02 1.300000000000000000e+01 4.940000000000000000e+02 3.200000000000000000e+01
4.860000000000000000e+02 5.050000000000000000e+02 5.120000000000000000e+02 5.120000000000000000e+02
4.870000000000000000e+02 2.440000000000000000e+02 5.120000000000000000e+02 2.970000000000000000e+02
4.910000000000000000e+02 1.480000000000000000e+02 5.120000000000000000e+02 1.830000000000000000e+02
