0.000000000000000000e+00 2.150000000000000000e+02 4.300000000000000000e+01 2.650000000000000000e+02
8.000000000000000000e+00 4.950000000000000000e+02 5.300000000000000000e+01 5.120000000000000000e+02
7.700000000000000000e+01 9.500000000000000000e+01 1.380000000000000000e+02 1.450000000000000000e+02
8.500000000000000000e+01 5.000000000000000000e+00 1.510000000000000000e+02 6.000000000000000000e+01
1.020000000000000000e+02 6.700000000000000000e+01 1.190000000000000000e+02 8.600000000000000000e+01
1.470000000000000000e+02 4.760000000000000000e+02 1.990000000000000000e+02 5.120000000000000000e+02
1.940000000000000000e+02 0.000000000000000000e+00 2.010000000000000000e+02 1.000000000000000000e+00
2.080000000000000000e+02 0.000000000000000000e+00 2.560000000000000000e+02 2.200000000000000000e+01
2.130000000000000000e+02 4.000000000000000000e+01 2.960000000000000000e+02 9.100000000000000000e+01
2.310000000000000000e+02 4.020000000000000000e+02 2.730000000000000000e+02 4.530000000000000000e+02
2.670000000000000000e+02 2.620000000000000000e+02 3.190000000000000000e+02 3.230000000000000000e+02
3.280000000000000000e+02 3.340000000000000000e+02 4.090000000000000000e+02 4.220000000000000000e+02
3.340000000000000000e+02 7.700000000000000000e+01 3.750000000000000000e+02 1.180000000000000000e+02
3.620000000000000000e+02 1.460000000000000000e+02 4.100000000000000000e+02 2.190000000000000000e+02
3.630000000000000000e+02 4.880000000000000000e+02 4.220000000000000000e+02 5.120000000000000000e+02
4.160000000000000000e+02 2.400000000000000000e+02 4.660000000000000000e+02 2.920000000000000000e+02
4.440000000000000000e+02 2.050000000000000000e+02 4.780000000000000000e+02 2.340000000000000000e+02
5.080000000000000000e+02 2.390000000000000000e+02 5.120000000000000000e+02 2.550000000000000000e+02
