0.000000000000000000e+00 0.000000000000000000e+00 1.280000000000000000e+02 1.080000000000000000e+02
3.000000000000000000e+01 2.920000000000000000e+02 1.290000000000000000e+02 3.810000000000000000e+02
5.200000000000000000e+01 3.770000000000000000e+02 1.210000000000000000e+02 4.560000000000000000e+02
1.090000000000000000e+02 2.100000000000000000e+01 1.960000000000000000e+02 1.340000000000000000e+02
1.260000000000000000e+02 3.700000000000000000e+02 2.030000000000000000e+02 4.390000000000000000e+02
1.520000000000000000e+02 2.130000000000000000e+02 2.050000000000000000e+02 2.620000000000000000e+02
2.030000000000000000e+02 3.040000000000000000e+02 2.560000000000000000e+02 3.570000000000000000e+02
2.640000000000000000e+02 3.300000000000000000e+02 3.210000000000000000e+02 3.930000000000000000e+02
2.710000000000000000e+02 1.410000000000000000e+02 3.460000000000000000e+02 2.120000000000000000e+02
2.990000000000000000e+02 3.820000000000000000e+02 3.980000000000000000e+02 4.830000000000000000e+02
3.250000000000000000e+02 2.560000000000000000e+02 3.990000000000000000e+02 3.120000000000000000e+02
3.270000000000000000e+02 4.500000000000000000e+01 4.020000000000000000e+02 1.220000000000000000e+02
3.280000000000000000e+02 0.000000000000000000e+00 3.850000000000000000e+02 4.100000000000000000e+01
3.840000000000000000e+02 1.120000000000000000e+02 4.410000000000000000e+02 1.670000000000000000e+02
4.280000000000000000e+02 1.560000000000000000e+02 5.120000000000000000e+02 2.630000000000000000e+02
4.430000000000000000e+02 3.870000000000000000e+02 5.100000000000000000e+02 4.540000000000000000e+02
4.550000000000000000e+02 5.000000000000000000e+00 5.040000000000000000e+02 5.600000000000000000e+01
4.600000000000000000e+02 2.930000000000000000e+02 5.120000000000000000e+02 3.460000000000000000e+02
