0.000000000000000000e+00 5.600000000000000000e+01 3.000000000000000000e+01 1.280000000000000000e+02
3.400000000000000000e+01 3.040000000000000000e+02 1.190000000000000000e+02 3.970000000000000000e+02
4.500000000000000000e+01 1.780000000000000000e+02 1.080000000000000000e+02 2.390000000000000000e+02
8.500000000000000000e+01 4.540000000000000000e+02 1.510000000000000000e+02 5.100000000000000000e+02
1.990000000000000000e+02 3.400000000000000000e+02 2.740000000000000000e+02 4.280000000000000000e+02
2.280000000000000000e+02 3.300000000000000000e+01 2.710000000000000000e+02 6.800000000000000000e+01
2.820000000000000000e+02 3.730000000000000000e+02 3.250000000000000000e+02 4.200000000000000000e+02
2.830000000000000000e+02 4.350000000000000000e+02 3.620000000000000000e+02 5.120000000000000000e+02
2.840000000000000000e+02 1.300000000000000000e+02 3.210000000000000000e+02 1.830000000000000000e+02
2.860000000000000000e+02 3.600000000000000000e+01 3.590000000000000000e+02 1.050000000000000000e+02
4.150000000000000000e+02 3.840000000000000000e+02 4.640000000000000000e+02 4.330000000000000000e+02
4.240000000000000000e+02 3.600000000000000000e+01 4.910000000000000000e+02 9.700000000000000000e+01
4.250000000000000000e+02 1.510000000000000000e+02 5.120000000000000000e+02 2.320000000000000000e+02
4.440000000000000000e+02 4.260000000000000000e+02 4.940000000000000000e+02 4.890000000000000000e+02
4.780000000000000000e+02 3.130000000000000000e+02 5.120000000000000000e+02 3.620000000000000000e+02
