1.000000000000000000e+00 1.720000000000000000e+02 5.300000000000000000e+01 2.310000000000000000e+02
1.000000000000000000e+00 2.580000000000000000e+02 2.100000000000000000e+01 3.230000000000000000e+02
6.700000000000000000e+01 6.300000000000000000e+01 1.340000000000000000e+02 1.640000000000000000e+02
1.210000000000000000e+02 4.310000000000000000e+02 1.520000000000000000e+02 4.660000000000000000e+02
1.500000000000000000e+02 0.000000000000000000e+00 2.730000000000000000e+02 5.700000000000000000e+01
1.820000000000000000e+02 4.130000000000000000e+02 2.150000000000000000e+02 4.620000000000000000e+02
2.010000000000000000e+02 8.700000000000000000e+01 2.520000000000000000e+02 1.420000000000000000e+02
2.320000000000000000e+02 3.700000000000000000e+02 2.550000000000000000e+02 3.950000000000000000e+02
2.580000000000000000e+02 2.190000000000000000e+02 3.230000000000000000e+02 2.940000000000000000e+02
2.750000000000000000e+02 4.240000000000000000e+02 3.240000000000000000e+02 4.850000000000000000e+02
2.820000000000000000e+02 3.700000000000000000e+02 3.090000000000000000e+02 3.970000000000000000e+02
3.230000000000000000e+02 4.730000000000000000e+02 4.030000000000000000e+02 5.120000000000000000e+02
4.040000000000000000e+02 3.670000000000000000e+02 4.800000000000000000e+02 4.570000000000000000e+02
4.340000000000000000e+02 3.150000000000000000e+02 4.770000000000000000e+02 3.520000000000000000e+02
4.780000000000000000e+02 4.330000000000000000e+02 5.080000000000000000e+02 4.900000000000000000e+02
4.830000000000000000e+02 5.700000000000000000e+01 5.060000000000000000e+02 1.090000000000000000e+02
