0.000000000000000000e+00 3.000000000000000000e+00 1.050000000000000000e+02 1.080000000000000000e+02
0.000000000000000000e+00 2.080000000000000000e+02 3.500000000000000000e+01 3.010000000000000000e+02
0.000000000000000000e+00 4.160000000000000000e+02 1.000000000000000000e+00 4.240000000000000000e+02
0.000000000000000000e+00 4.800000000000000000e+02 3.000000000000000000e+00 5.030000000000000000e+02
4.100000000000000000e+01 3.920000000000000000e+02 1.610000000000000000e+02 4.730000000000000000e+02
5.500000000000000000e+01 2.410000000000000000e+02 1.590000000000000000e+02 3.710000000000000000e+02
1.700000000000000000e+02 5.800000000000000000e+01 2.570000000000000000e+02 1.540000000000000000e+02
1.800000000000000000e+02 4.010000000000000000e+02 2.480000000000000000e+02 4.690000000000000000e+02
2.030000000000000000e+02 1.820000000000000000e+02 2.770000000000000000e+02 2.520000000000000000e+02
2.090000000000000000e+02 2.700000000000000000e+02 2.810000000000000000e+02 3.350000000000000000e+02
2.510000000000000000e+02 0.000000000000000000e+00 2.610000000000000000e+02 1.000000000000000000e+00
4.000000000000000000e+02 3.820000000000000000e+02 4.510000000000000000e+02 4.300000000000000000e+02
4.000000000000000000e+02 4.610000000000000000e+02 4.770000000000000000e+02 5.120000000000000000e+02
4.610000000000000000e+02 9.100000000000000000e+01 5.120000000000000000e+02 1.680000000000000000e+02
4.690000000000000000e+02 3.280000000000000000e+02 5.060000000000000000e+02 3.710000000000000000e+02
