0.000000000000000000e+00 2.390000000000000000e+02 5.300000000000000000e+01 2.900000000000000000e+02
2.000000000000000000e+00 1.240000000000000000e+02 7.900000000000000000e+01 1.980000000000000000e+02
3.200000000000000000e+01 2.890000000000000000e+02 8.200000000000000000e+01 3.350000000000000000e+02
3.600000000000000000e+01 3.450000000000000000e+02 8.600000000000000000e+01 3.930000000000000000e+02
9.100000000000000000e+01 3.700000000000000000e+02 1.670000000000000000e+02 4.370000000000000000e+02
9.400000000000000000e+01 1.760000000000000000e+02 1.550000000000000000e+02 2.320000000000000000e+02
1.430000000000000000e+02 4.910000000000000000e+02 2.110000000000000000e+02 5.120000000000000000e+02
1.620000000000000000e+02 4.090000000000000000e+02 2.110000000000000000e+02 4.530000000000000000e+02
2.140000000000000000e+02 2.980000000000000000e+02 2.700000000000000000e+02 3.520000000000000000e+02
3.500000000000000000e+02 3.430000000000000000e+02 4.380000000000000000e+02 4.300000000000000000e+02
3.560000000000000000e+02 1.390000000000000000e+02 4.300000000000000000e+02 1.910000000000000000e+02
3.800000000000000000e+02 2.700000000000000000e+01 4.270000000000000000e+02 7.200000000000000000e+01
4.120000000000000000e+02 2.640000000000000000e+02 4.830000000000000000e+02 3.360000000000000000e+02
