0.000000000000000000e+00 0.000000000000000000e+00 5.400000000000000000e+01 5.600000000000000000e+01
0.000000000000000000e+00 1.210000000000000000e+02 2.800000000000000000e+01 1.680000000000000000e+02
0.000000000000000000e+00 2.320000000000000000e+02 6.000000000000000000e+01 3.060000000000000000e+02
0.000000000000000000e+00 5.100000000000000000e+02 8.000000000000000000e+00 5.120000000000000000e+02
1.700000000000000000e+01 4.580000000000000000e+02 6.500000000000000000e+01 5.050000000000000000e+02
3.200000000000000000e+01 3.900000000000000000e+02 8.800000000000000000e+01 4.390000000000000000e+02
6.800000000000000000e+01 3.370000000000000000e+02 1.300000000000000000e+02 4.030000000000000000e+02
6.900000000000000000e+01 8.600000000000000000e+01 1.340000000000000000e+02 1.380000000000000000e+02
1.530000000000000000e+02 1.160000000000000000e+02 1.930000000000000000e+02 1.540000000000000000e+02
1.750000000000000000e+02 2.420000000000000000e+02 2.380000000000000000e+02 3.200000000000000000e+02
2.140000000000000000e+02 0.000000000000000000e+00 2.700000000000000000e+02 6.200000000000000000e+01
2.590000000000000000e+02 1.180000000000000000e+02 3.200000000000000000e+02 1.860000000000000000e+02
3.050000000000000000e+02 4.540000000000000000e+02 3.510000000000000000e+02 5.030000000000000000e+02
3.320000000000000000e+02 1.600000000000000000e+02 3.650000000000000000e+02 1.950000000000000000e+02
4.030000000000000000e+02 2.920000000000000000e+02 4.510000000000000000e+02 3.360000000000000000e+02
4.430000000000000000e+02 3.210000000000000000e+02 5.010000000000000000e+02 3.850000000000000000e+02
4.490000000000000000e+02 4.770000000000000000e+02 5.000000000000000000e+02 5.120000000000000000e+02
4.670000000000000000e+02 3.000000000000000000e+00 5.120000000000000000e+02 6.000000000000000000e+01
