0.000000000000000000e+00 6.700000000000000000e+01 3.600000000000000000e+01 1.310000000000000000e+02
0.000000000000000000e+00 1.430000000000000000e+02 8.700000000000000000e+01 2.310000000000000000e+02
0.000000000000000000e+00 4.340000000000000000e+02 7.100000000000000000e+01 5.120000000000000000e+02
3.900000000000000000e+01 3.130000000000000000e+02 1.380000000000000000e+02 4.190000000000000000e+02
1.390000000000000000e+02 4.500000000000000000e+01 2.160000000000000000e+02 1.150000000000000000e+02
1.430000000000000000e+02 1.890000000000000000e+02 2.130000000000000000e+02 2.350000000000000000e+02
1.580000000000000000e+02 1.280000000000000000e+02 2.130000000000000000e+02 1.940000000000000000e+02
2.050000000000000000e+02 4.400000000000000000e+02 2.660000000000000000e+02 5.120000000000000000e+02
2.200000000000000000e+02 1.390000000000000000e+02 3.150000000000000000e+02 2.320000000000000000e+02
2.330000000000000000e+02 2.560000000000000000e+02 2.930000000000000000e+02 3.130000000000000000e+02
2.500000000000000000e+02 3.420000000000000000e+02 3.230000000000000000e+02 4.160000000000000000e+02
2.950000000000000000e+02 4.360000000000000000e+02 3.450000000000000000e+02 5.120000000000000000e+02
3.240000000000000000e+02 3.050000000000000000e+02 3.830000000000000000e+02 3.650000000000000000e+02
3.710000000000000000e+02 2.200000000000000000e+01 5.120000000000000000e+02 2.400000000000000000e+02
4.210000000000000000e+02 4.470000000000000000e+02 4.750000000000000000e+02 5.030000000000000000e+02
4.810000000000000000e+02 2.540000000000000000e+02 5.120000000000000000e+02 3.400000000000000000e+02
