0.000000000000000000e+00 1.530000000000000000e+02 5.200000000000000000e+01 2.420000000000000000e+02
0.000000000000000000e+00 4.700000000000000000e+02 3.000000000000000000e+01 5.120000000000000000e+02
2.900000000000000000e+01 0.000000000000000000e+00 9.200000000000000000e+01 3.200000000000000000e+01
7.400000000000000000e+01 1.120000000000000000e+02 1.160000000000000000e+02 1.560000000000000000e+02
8.900000000000000000e+01 2.680000000000000000e+02 1.840000000000000000e+02 3.580000000000000000e+02
2.560000000000000000e+02 3.160000000000000000e+02 3.180000000000000000e+02 3.760000000000000000e+02
2.760000000000000000e+02 1.390000000000000000e+02 3.320000000000000000e+02 2.000000000000000000e+02
2.940000000000000000e+02 7.100000000000000000e+01 3.470000000000000000e+02 1.280000000000000000e+02
3.620000000000000000e+02 2.520000000000000000e+02 4.520000000000000000e+02 3.400000000000000000e+02
3.650000000000000000e+02 3.000000000000000000e+00 4.110000000000000000e+02 5.700000000000000000e+01
3.790000000000000000e+02 5.080000000000000000e+02 3.970000000000000000e+02 5.120000000000000000e+02
4.490000000000000000e+02 8.100000000000000000e+01 4.880000000000000000e+02 1.300000000000000000e+02
4.850000000000000000e+02 3.800000000000000000e+01 5.060000000000000000e+02 8.300000000000000000e+01
