0.000000000000000000e+00 1.740000000000000000e+02 5.600000000000000000e+01 2.590000000000000000e+02
0.000000000000000000e+00 4.010000000000000000e+02 7.000000000000000000e+01 4.760000000000000000e+02
1.150000000000000000e+02 2.930000000000000000e+02 1.760000000000000000e+02 3.560000000000000000e+02
1.160000000000000000e+02 0.000000000000000000e+00 2.220000000000000000e+02 9.000000000000000000e+01
1.600000000000000000e+02 4.600000000000000000e+02 2.330000000000000000e+02 5.120000000000000000e+02
1.750000000000000000e+02 3.410000000000000000e+02 2.500000000000000000e+02 4.260000000000000000e+02
1.960000000000000000e+02 2.690000000000000000e+02 2.690000000000000000e+02 3.420000000000000000e+02
2.310000000000000000e+02 6.600000000000000000e+01 3.510000000000000000e+02 2.180000000000000000e+02
2.690000000000000000e+02 0.000000000000000000e+00 3.670000000000000000e+02 7.300000000000000000e+01
3.110000000000000000e+02 5.050000000000000000e+02 3.600000000000000000e+02 5.120000000000000000e+02
3.310000000000000000e+02 2.260000000000000000e+02 5.120000000000000000e+02 5.010000000000000000e+02
3.470000000000000000e+02 1.730000000000000000e+02 3.980000000000000000e+02 2.220000000000000000e+02
3.820000000000000000e+02 4.500000000000000000e+01 4.670000000000000000e+02 1.220000000000000000e+02
4.290000000000000000e+02 0.000000000000000000e+00 4.700000000000000000e+02 2.900000000000000000e+01
4.850000000000000000e+02 4.440000000000000000e+02 5.120000000000000000e+02 4.990000000000000000e+02
4.860000000000000000e+02 1.000000000000000000e+00 5.090000000000000000e+02 1.600000000000000000e+01
4.890000000000000000e+02 8.900000000000000000e+01 5.120000000000000000e+02 1.480000000000000000e+02
