0.000000000000000000e+00 2.300000000000000000e+01 3.800000000000000000e+01 9.100000000000000000e+01
0.000000000000000000e+00 1.490000000000000000e+02 1.110000000000000000e+02 2.780000000000000000e+02
0.000000000000000000e+00 4.330000000000000000e+02 1.110000000000000000e+02 4.970000000000000000e+02
1.270000000000000000e+02 0.000000000000000000e+00 1.730000000000000000e+02 1.700000000000000000e+01
1.280000000000000000e+02 4.200000000000000000e+02 2.110000000000000000e+02 5.120000000000000000e+02
1.510000000000000000e+02 1.230000000000000000e+02 1.950000000000000000e+02 1.790000000000000000e+02
1.880000000000000000e+02 1.500000000000000000e+02 2.540000000000000000e+02 2.060000000000000000e+02
2.190000000000000000e+02 2.190000000000000000e+02 2.870000000000000000e+02 2.840000000000000000e+02
2.510000000000000000e+02 3.750000000000000000e+02 3.160000000000000000e+02 4.380000000000000000e+02
2.510000000000000000e+02 4.940000000000000000e+02 3.050000000000000000e+02 5.120000000000000000e+02
2.520000000000000000e+02 1.130000000000000000e+02 3.120000000000000000e+02 1.720000000000000000e+02
2.960000000000000000e+02 4.420000000000000000e+02 3.620000000000000000e+02 5.070000000000000000e+02
3.360000000000000000e+02 7.400000000000000000e+01 4.080000000000000000e+02 1.500000000000000000e+02
3.890000000000000000e+02 3.820000000000000000e+02 4.630000000000000000e+02 4.600000000000000000e+02
3.970000000000000000e+02 4.300000000000000000e+01 5.120000000000000000e+02 1.330000000000000000e+02
4.360000000000000000e+02 2.130000000000000000e+02 5.120000000000000000e+02 3.030000000000000000e+02
5.020000000000000000e+02 3.420000000000000000e+02 5.120000000000000000e+02 3.760000000000000000e+02
