0.000000000000000000e+00 3.900000000000000000e+01 1.500000000000000000e+02 3.610000000000000000e+02
0.000000000000000000e+00 4.390000000000000000e+02 1.100000000000000000e+01 4.620000000000000000e+02
1.850000000000000000e+02 5.060000000000000000e+02 2.080000000000000000e+02 5.120000000000000000e+02
1.920000000000000000e+02 2.750000000000000000e+02 2.630000000000000000e+02 3.360000000000000000e+02
2.490000000000000000e+02 0.000000000000000000e+00 3.060000000000000000e+02 4.600000000000000000e+01
2.660000000000000000e+02 2.070000000000000000e+02 3.070000000000000000e+02 2.480000000000000000e+02
3.060000000000000000e+02 0.000000000000000000e+00 3.410000000000000000e+02 8.000000000000000000e+00
3.350000000000000000e+02 2.000000000000000000e+02 4.040000000000000000e+02 2.690000000000000000e+02
3.610000000000000000e+02 9.700000000000000000e+01 4.300000000000000000e+02 1.620000000000000000e+02
3.750000000000000000e+02 4.940000000000000000e+02 4.280000000000000000e+02 5.120000000000000000e+02
4.400000000000000000e+02 2.010000000000000000e+02 5.010000000000000000e+02 2.760000000000000000e+02
4.590000000000000000e+02 4.190000000000000000e+02 5.120000000000000000e+02 4.730000000000000000e+02
4.620000000000000000e+02 1.390000000000000000e+02 5.050000000000000000e+02 1.720000000000000000e+02
5.070000000000000000e+02 1.170000000000000000e+02 5.120000000000000000e+02 1.350000000000000000e+02
