0.000000000000000000e+00 1.230000000000000000e+02 1.200000000000000000e+01 1.570000000000000000e+02
0.000000000000000000e+00 4.400000000000000000e+02 1.600000000000000000e+01 4.870000000000000000e+02
1.100000000000000000e+01 3.070000000000000000e+02 6.000000000000000000e+01 3.610000000000000000e+02
5.300000000000000000e+01 1.540000000000000000e+02 1.040000000000000000e+02 2.060000000000000000e+02
1.270000000000000000e+02 2.240000000000000000e+02 1.720000000000000000e+02 2.660000000000000000e+02
1.770000000000000000e+02 4.940000000000000000e+02 2.330000000000000000e+02 5.120000000000000000e+02
1.840000000000000000e+02 3.290000000000000000e+02 2.170000000000000000e+02 3.650000000000000000e+02
1.940000000000000000e+02 1.460000000000000000e+02 2.430000000000000000e+02 1.920000000000000000e+02
2.120000000000000000e+02 3.490000000000000000e+02 2.380000000000000000e+02 3.790000000000000000e+02
2.160000000000000000e+02 3.840000000000000000e+02 2.570000000000000000e+02 4.140000000000000000e+02
2.720000000000000000e+02 3.070000000000000000e+02 3.170000000000000000e+02 3.530000000000000000e+02
2.790000000000000000e+02 2.630000000000000000e+02 3.460000000000000000e+02 3.010000000000000000e+02
2.880000000000000000e+02 3.460000000000000000e+02 3.300000000000000000e+02 3.890000000000000000e+02
3.470000000000000000e+02 4.800000000000000000e+02 3.830000000000000000e+02 5.120000000000000000e+02
3.640000000000000000e+02 3.770000000000000000e+02 4.300000000000000000e+02 4.310000000000000000e+02
3.880000000000000000e+02 0.000000000000000000e+00 4.560000000000000000e+02 5.100000000000000000e+01
3.900000000000000000e+02 4.910000000000000000e+02 4.390000000000000000e+02 5.120000000000000000e+02
