0.000000000000000000e+00 0.000000000000000000e+00 3.400000000000000000e+01 5.300000000000000000e+01
0.000000000000000000e+00 4.700000000000000000e+02 2.000000000000000000e+01 5.030000000000000000e+02
1.500000000000000000e+01 3.630000000000000000e+02 8.900000000000000000e+01 4.770000000000000000e+02
4.200000000000000000e+01 9.900000000000000000e+01 1.190000000000000000e+02 1.760000000000000000e+02
9.100000000000000000e+01 3.860000000000000000e+02 1.380000000000000000e+02 4.300000000000000000e+02
1.290000000000000000e+02 1.310000000000000000e+02 1.860000000000000000e+02 2.020000000000000000e+02
1.350000000000000000e+02 6.700000000000000000e+01 2.170000000000000000e+02 1.340000000000000000e+02
1.600000000000000000e+02 4.910000000000000000e+02 2.140000000000000000e+02 5.120000000000000000e+02
2.070000000000000000e+02 4.020000000000000000e+02 3.310000000000000000e+02 4.930000000000000000e+02
2.150000000000000000e+02 5.110000000000000000e+02 2.160000000000000000e+02 5.120000000000000000e+02
2.320000000000000000e+02 2.240000000000000000e+02 3.040000000000000000e+02 2.990000000000000000e+02
2.440000000000000000e+02 3.790000000000000000e+02 2.790000000000000000e+02 3.960000000000000000e+02
3.040000000000000000e+02 2.710000000000000000e+02 4.010000000000000000e+02 3.440000000000000000e+02
3.830000000000000000e+02 7.400000000000000000e+01 4.110000000000000000e+02 1.070000000000000000e+02
3.940000000000000000e+02 1.300000000000000000e+01 4.580000000000000000e+02 1.010000000000000000e+02
4.310000000000000000e+02 1.230000000000000000e+02 5.000000000000000000e+02 2.200000000000000000e+02
