0.000000000000000000e+00 0.000000000000000000e+00 6.600000000000000000e+01 5.500000000000000000e+01
0.000000000000000000e+00 1.970000000000000000e+02 1.600000000000000000e+01 2.260000000000000000e+02
3.200000000000000000e+01 4.970000000000000000e+02 8.700000000000000000e+01 5.120000000000000000e+02
5.900000000000000000e+01 3.570000000000000000e+02 1.400000000000000000e+02 4.660000000000000000e+02
1.390000000000000000e+02 0.000000000000000000e+00 1.700000000000000000e+02 1.200000000000000000e+01
1.880000000000000000e+02 5.000000000000000000e+01 2.590000000000000000e+02 1.190000000000000000e+02
2.330000000000000000e+02 4.610000000000000000e+02 3.080000000000000000e+02 5.120000000000000000e+02
2.390000000000000000e+02 1.410000000000000000e+02 3.700000000000000000e+02 3.770000000000000000e+02
3.120000000000000000e+02 1.000000000000000000e+00 3.700000000000000000e+02 4.300000000000000000e+01
3.670000000000000000e+02 1.500000000000000000e+02 4.320000000000000000e+02 2.240000000000000000e+02
3.710000000000000000e+02 4.060000000000000000e+02 4.140000000000000000e+02 4.550000000000000000e+02
3.840000000000000000e+02 4.730000000000000000e+02 4.580000000000000000e+02 5.100000000000000000e+02
4.130000000000000000e+02 2.060000000000000000e+02 5.080000000000000000e+02 3.300000000000000000e+02
