0.000000000000000000e+00 8.800000000000000000e+01 5.200000000000000000e+01 1.480000000000000000e+02
0.000000000000000000e+00 1.910000000000000000e+02 2.000000000000000000e+01 2.540000000000000000e+02
0.000000000000000000e+00 2.580000000000000000e+02 2.200000000000000000e+01 2.930000000000000000e+02
0.000000000000000000e+00 3.000000000000000000e+02 1.200000000000000000e+01 3.370000000000000000e+02
0.000000000000000000e+00 4.250000000000000000e+02 2.000000000000000000e+00 4.290000000000000000e+02
5.400000000000000000e+01 3.430000000000000000e+02 1.170000000000000000e+02 4.060000000000000000e+02
6.000000000000000000e+01 2.410000000000000000e+02 1.280000000000000000e+02 3.100000000000000000e+02
6.100000000000000000e+01 1.000000000000000000e+00 1.270000000000000000e+02 6.600000000000000000e+01
8.300000000000000000e+01 1.570000000000000000e+02 1.550000000000000000e+02 2.360000000000000000e+02
1.410000000000000000e+02 1.160000000000000000e+02 2.050000000000000000e+02 1.870000000000000000e+02
1.500000000000000000e+02 3.650000000000000000e+02 2.280000000000000000e+02 4.410000000000000000e+02
1.750000000000000000e+02 0.000000000000000000e+00 2.610000000000000000e+02 8.000000000000000000e+01
2.260000000000000000e+02 5.020000000000000000e+02 2.640000000000000000e+02 5.120000000000000000e+02
2.570000000000000000e+02 4.470000000000000000e+02 3.110000000000000000e+02 5.090000000000000000e+02
3.210000000000000000e+02 3.730000000000000000e+02 4.030000000000000000e+02 4.540000000000000000e+02
3.330000000000000000e+02 2.100000000000000000e+02 4.150000000000000000e+02 3.110000000000000000e+02
3.870000000000000000e+02 2.500000000000000000e+01 4.670000000000000000e+02 1.090000000000000000e+02
3.990000000000000000e+02 2.640000000000000000e+02 5.120000000000000000e+02 3.540000000000000000e+02
4.050000000000000000e+02 4.900000000000000000e+02 4.710000000000000000e+02 5.120000000000000000e+02
4.380000000000000000e+02 3.970000000000000000e+02 5.020000000000000000e+02 4.540000000000000000e+02
4.850000000000000000e+02 3.000000000000000000e+01 5.120000000000000000e+02 9.300000000000000000e+01
