0.000000000000000000e+00 1.510000000000000000e+02 2.800000000000000000e+01 2.270000000000000000e+02
4.400000000000000000e+01 3.630000000000000000e+02 1.050000000000000000e+02 4.280000000000000000e+02
1.100000000000000000e+02 4.150000000000000000e+02 2.040000000000000000e+02 5.120000000000000000e+02
2.140000000000000000e+02 4.610000000000000000e+02 2.630000000000000000e+02 5.120000000000000000e+02
2.190000000000000000e+02 1.990000000000000000e+02 2.740000000000000000e+02 2.540000000000000000e+02
2.800000000000000000e+02 5.600000000000000000e+01 3.410000000000000000e+02 1.170000000000000000e+02
3.290000000000000000e+02 3.170000000000000000e+02 4.360000000000000000e+02 4.060000000000000000e+02
3.730000000000000000e+02 3.300000000000000000e+01 4.200000000000000000e+02 8.400000000000000000e+01
4.580000000000000000e+02 3.340000000000000000e+02 5.120000000000000000e+02 4.370000000000000000e+02
4.740000000000000000e+02 1.680000000000000000e+02 5.120000000000000000e+02 2.310000000000000000e+02
