0.000000000000000000e+00 5.000000000000000000e+01 5.200000000000000000e+01 1.210000000000000000e+02
0.000000000000000000e+00 3.200000000000000000e+02 9.500000000000000000e+01 3.950000000000000000e+02
3.600000000000000000e+01 1.830000000000000000e+02 8.700000000000000000e+01 2.340000000000000000e+02
1.010000000000000000e+02 2.210000000000000000e+02 1.720000000000000000e+02 2.900000000000000000e+02
1.040000000000000000e+02 4.040000000000000000e+02 1.870000000000000000e+02 4.870000000000000000e+02
1.420000000000000000e+02 1.530000000000000000e+02 2.170000000000000000e+02 2.240000000000000000e+02
1.420000000000000000e+02 4.860000000000000000e+02 2.070000000000000000e+02 5.100000000000000000e+02
1.590000000000000000e+02 3.430000000000000000e+02 2.180000000000000000e+02 4.040000000000000000e+02
2.010000000000000000e+02 8.400000000000000000e+01 2.640000000000000000e+02 1.470000000000000000e+02
2.400000000000000000e+02 2.200000000000000000e+01 2.930000000000000000e+02 7.500000000000000000e+01
2.470000000000000000e+02 1.290000000000000000e+02 3.400000000000000000e+02 2.690000000000000000e+02
2.510000000000000000e+02 4.910000000000000000e+02 2.870000000000000000e+02 5.100000000000000000e+02
2.980000000000000000e+02 3.130000000000000000e+02 3.610000000000000000e+02 3.740000000000000000e+02
3.010000000000000000e+02 4.220000000000000000e+02 3.720000000000000000e+02 4.930000000000000000e+02
3.030000000000000000e+02 0.000000000000000000e+00 3.760000000000000000e+02 4.900000000000000000e+01
3.440000000000000000e+02 4.810000000000000000e+02 4.460000000000000000e+02 5.100000000000000000e+02
3.930000000000000000e+02 8.000000000000000000e+01 4.520000000000000000e+02 1.390000000000000000e+02
3.990000000000000000e+02 4.110000000000000000e+02 4.500000000000000000e+02 4.600000000000000000e+02
4.100000000000000000e+02 1.610000000000000000e+02 5.120000000000000000e+02 2.520000000000000000e+02
4.430000000000000000e+02 3.030000000000000000e+02 5.120000000000000000e+02 3.810000000000000000e+02
4.940000000000000000e+02 4.970000000000000000e+02 5.110000000000000000e+02 5.100000000000000000e+02
