0.000000000000000000e+00 6.800000000000000000e+01 4.000000000000000000e+01 1.450000000000000000e+02
0.000000000000000000e+00 2.200000000000000000e+02 4.400000000000000000e+01 2.800000000000000000e+02
4.100000000000000000e+01 4.510000000000000000e+02 1.150000000000000000e+02 5.120000000000000000e+02
5.400000000000000000e+01 5.500000000000000000e+01 1.050000000000000000e+02 1.080000000000000000e+02
8.300000000000000000e+01 2.510000000000000000e+02 1.370000000000000000e+02 3.020000000000000000e+02
9.600000000000000000e+01 3.250000000000000000e+02 1.680000000000000000e+02 4.150000000000000000e+02
1.110000000000000000e+02 2.220000000000000000e+02 1.580000000000000000e+02 2.650000000000000000e+02
1.340000000000000000e+02 3.040000000000000000e+02 1.650000000000000000e+02 3.390000000000000000e+02
1.620000000000000000e+02 4.270000000000000000e+02 2.410000000000000000e+02 5.120000000000000000e+02
2.030000000000000000e+02 1.930000000000000000e+02 2.550000000000000000e+02 2.430000000000000000e+02
2.190000000000000000e+02 2.730000000000000000e+02 2.900000000000000000e+02 3.460000000000000000e+02
2.410000000000000000e+02 4.090000000000000000e+02 2.960000000000000000e+02 4.650000000000000000e+02
2.550000000000000000e+02 5.000000000000000000e+02 2.780000000000000000e+02 5.120000000000000000e+02
2.770000000000000000e+02 4.780000000000000000e+02 3.250000000000000000e+02 5.120000000000000000e+02
2.990000000000000000e+02 6.000000000000000000e+00 3.750000000000000000e+02 8.900000000000000000e+01
3.080000000000000000e+02 3.210000000000000000e+02 3.610000000000000000e+02 3.980000000000000000e+02
3.080000000000000000e+02 4.590000000000000000e+02 3.550000000000000000e+02 5.120000000000000000e+02
3.510000000000000000e+02 3.540000000000000000e+02 4.130000000000000000e+02 4.090000000000000000e+02
3.990000000000000000e+02 0.000000000000000000e+00 4.380000000000000000e+02 1.600000000000000000e+01
4.100000000000000000e+02 2.500000000000000000e+02 4.920000000000000000e+02 3.310000000000000000e+02
4.450000000000000000e+02 1.200000000000000000e+01 5.120000000000000000e+02 8.400000000000000000e+01
