0.000000000000000000e+00 6.000000000000000000e+01 2.000000000000000000e+01 1.090000000000000000e+02
6.900000000000000000e+01 0.000000000000000000e+00 1.340000000000000000e+02 6.700000000000000000e+01
9.700000000000000000e+01 1.660000000000000000e+02 1.660000000000000000e+02 2.350000000000000000e+02
9.700000000000000000e+01 2.780000000000000000e+02 1.440000000000000000e+02 3.170000000000000000e+02
1.500000000000000000e+02 3.100000000000000000e+02 2.130000000000000000e+02 3.730000000000000000e+02
1.990000000000000000e+02 2.740000000000000000e+02 2.380000000000000000e+02 3.130000000000000000e+02
2.380000000000000000e+02 1.970000000000000000e+02 3.250000000000000000e+02 2.740000000000000000e+02
2.840000000000000000e+02 3.170000000000000000e+02 3.470000000000000000e+02 3.900000000000000000e+02
2.960000000000000000e+02 1.190000000000000000e+02 3.570000000000000000e+02 1.880000000000000000e+02
3.320000000000000000e+02 4.800000000000000000e+02 3.950000000000000000e+02 5.120000000000000000e+02
3.590000000000000000e+02 3.700000000000000000e+02 3.860000000000000000e+02 4.110000000000000000e+02
3.610000000000000000e+02 2.200000000000000000e+01 4.040000000000000000e+02 6.900000000000000000e+01
3.670000000000000000e+02 2.230000000000000000e+02 4.300000000000000000e+02 2.980000000000000000e+02
4.190000000000000000e+02 0.000000000000000000e+00 4.780000000000000000e+02 2.500000000000000000e+01
4.900000000000000000e+02 3.390000000000000000e+02 5.120000000000000000e+02 4.010000000000000000e+02
4.980000000000000000e+02 2.710000000000000000e+02 5.120000000000000000e+02 3.120000000000000000e+02
