0.000000000000000000e+00 4.040000000000000000e+02 1.280000000000000000e+02 5.120000000000000000e+02
3.000000000000000000e+01 1.310000000000000000e+02 1.290000000000000000e+02 2.200000000000000000e+02
5.200000000000000000e+01 5.600000000000000000e+01 1.210000000000000000e+02 1.350000000000000000e+02
1.090000000000000000e+02 3.780000000000000000e+02 1.960000000000000000e+02 4.910000000000000000e+02
1.260000000000000000e+02 7.300000000000000000e+01 2.030000000000000000e+02 1.420000000000000000e+02
1.520000000000000000e+02 2.500000000000000000e+02 2.050000000000000000e+02 2.990000000000000000e+02
2.030000000000000000e+02 1.550000000000000000e+02 2.560000000000000000e+02 2.080000000000000000e+02
2.640000000000000000e+02 1.190000000000000000e+02 3.210000000000000000e+02 1.820000000000000000e+02
2.710000000000000000e+02 3.000000000000000000e+02 3.460000000000000000e+02 3.710000000000000000e+02
2.990000000000000000e+02 2.900000000000000000e+01 3.980000000000000000e+02 1.300000000000000000e+02
3.250000000000000000e+02 2.000000000000000000e+02 3.990000000000000000e+02 2.560000000000000000e+02
3.270000000000000000e+02 3.900000000000000000e+02 4.020000000000000000e+02 4.670000000000000000e+02
3.280000000000000000e+02 4.710000000000000000e+02 3.850000000000000000e+02 5.120000000000000000e+02
3.840000000000000000e+02 3.450000000000000000e+02 4.410000000000000000e+02 4.000000000000000000e+02
4.280000000000000000e+02 2.490000000000000000e+02 5.120000000000000000e+02 3.560000000000000000e+02
4.430000000000000000e+02 5.800000000000000000e+01 5.100000000000000000e+02 1.250000000000000000e+02
4.550000000000000000e+02 4.560000000000000000e+02 5.040000000000000000e+02 5.070000000000000000e+02
4.600000000000000000e+02 1.660000000000000000e+02 5.120000000000000000e+02 2.190000000000000000e+02
