1.000000000000000000e+00 2.980000000000000000e+02 4.000000000000000000e+01 3.580000000000000000e+02
1.900000000000000000e+01 2.000000000000000000e+00 7.800000000000000000e+01 3.700000000000000000e+01
2.700000000000000000e+01 8.700000000000000000e+01 8.000000000000000000e+01 1.400000000000000000e+02
7.700000000000000000e+01 4.350000000000000000e+02 1.180000000000000000e+02 4.660000000000000000e+02
1.070000000000000000e+02 3.260000000000000000e+02 1.890000000000000000e+02 3.790000000000000000e+02
2.550000000000000000e+02 2.950000000000000000e+02 2.980000000000000000e+02 3.560000000000000000e+02
2.780000000000000000e+02 1.510000000000000000e+02 3.450000000000000000e+02 2.200000000000000000e+02
3.440000000000000000e+02 3.000000000000000000e+01 3.910000000000000000e+02 9.700000000000000000e+01
4.400000000000000000e+02 2.460000000000000000e+02 4.790000000000000000e+02 3.010000000000000000e+02
4.470000000000000000e+02 2.400000000000000000e+01 5.100000000000000000e+02 1.010000000000000000e+02
4.660000000000000000e+02 3.820000000000000000e+02 5.120000000000000000e+02 4.490000000000000000e+02
