0.000000000000000000e+00 1.280000000000000000e+02 1.800000000000000000e+01 1.690000000000000000e+02
5.500000000000000000e+01 4.000000000000000000e+01 1.430000000000000000e+02 1.210000000000000000e+02
7.900000000000000000e+01 1.610000000000000000e+02 1.360000000000000000e+02 2.210000000000000000e+02
1.190000000000000000e+02 2.740000000000000000e+02 2.090000000000000000e+02 3.690000000000000000e+02
1.530000000000000000e+02 2.100000000000000000e+01 2.070000000000000000e+02 7.200000000000000000e+01
2.090000000000000000e+02 0.000000000000000000e+00 2.800000000000000000e+02 3.400000000000000000e+01
2.120000000000000000e+02 4.080000000000000000e+02 2.960000000000000000e+02 4.950000000000000000e+02
2.430000000000000000e+02 1.720000000000000000e+02 3.690000000000000000e+02 2.420000000000000000e+02
2.820000000000000000e+02 8.100000000000000000e+01 3.320000000000000000e+02 1.210000000000000000e+02
3.080000000000000000e+02 3.430000000000000000e+02 3.630000000000000000e+02 3.980000000000000000e+02
3.760000000000000000e+02 0.000000000000000000e+00 4.440000000000000000e+02 5.600000000000000000e+01
3.760000000000000000e+02 4.590000000000000000e+02 4.310000000000000000e+02 5.120000000000000000e+02
3.850000000000000000e+02 1.290000000000000000e+02 4.760000000000000000e+02 2.260000000000000000e+02
5.070000000000000000e+02 0.000000000000000000e+00 5.120000000000000000e+02 2.900000000000000000e+01
