0.000000000000000000e+00 4.830000000000000000e+02 5.000000000000000000e+00 5.120000000000000000e+02
3.600000000000000000e+01 2.860000000000000000e+02 1.270000000000000000e+02 3.830000000000000000e+02
6.800000000000000000e+01 4.560000000000000000e+02 1.360000000000000000e+02 5.120000000000000000e+02
8.100000000000000000e+01 0.000000000000000000e+00 1.360000000000000000e+02 5.300000000000000000e+01
1.430000000000000000e+02 2.700000000000000000e+02 2.690000000000000000e+02 3.400000000000000000e+02
1.490000000000000000e+02 1.140000000000000000e+02 2.040000000000000000e+02 1.690000000000000000e+02
1.800000000000000000e+02 3.910000000000000000e+02 2.300000000000000000e+02 4.310000000000000000e+02
2.160000000000000000e+02 1.700000000000000000e+01 3.000000000000000000e+02 1.040000000000000000e+02
2.320000000000000000e+02 4.780000000000000000e+02 3.030000000000000000e+02 5.120000000000000000e+02
3.030000000000000000e+02 1.430000000000000000e+02 3.930000000000000000e+02 2.380000000000000000e+02
3.050000000000000000e+02 4.400000000000000000e+02 3.590000000000000000e+02 4.910000000000000000e+02
3.690000000000000000e+02 3.910000000000000000e+02 4.570000000000000000e+02 4.720000000000000000e+02
3.760000000000000000e+02 2.910000000000000000e+02 4.330000000000000000e+02 3.510000000000000000e+02
4.940000000000000000e+02 3.430000000000000000e+02 5.120000000000000000e+02 3.840000000000000000e+02
