0.000000000000000000e+00 0.000000000000000000e+00 3.000000000000000000e+01 4.200000000000000000e+01
0.000000000000000000e+00 2.700000000000000000e+02 5.200000000000000000e+01 3.590000000000000000e+02
2.900000000000000000e+01 4.800000000000000000e+02 9.200000000000000000e+01 5.120000000000000000e+02
7.400000000000000000e+01 3.560000000000000000e+02 1.160000000000000000e+02 4.000000000000000000e+02
8.900000000000000000e+01 1.540000000000000000e+02 1.840000000000000000e+02 2.440000000000000000e+02
2.560000000000000000e+02 1.360000000000000000e+02 3.180000000000000000e+02 1.960000000000000000e+02
2.760000000000000000e+02 3.120000000000000000e+02 3.320000000000000000e+02 3.730000000000000000e+02
2.940000000000000000e+02 3.840000000000000000e+02 3.470000000000000000e+02 4.410000000000000000e+02
3.620000000000000000e+02 1.720000000000000000e+02 4.520000000000000000e+02 2.600000000000000000e+02
3.650000000000000000e+02 4.550000000000000000e+02 4.110000000000000000e+02 5.090000000000000000e+02
3.790000000000000000e+02 0.000000000000000000e+00 3.970000000000000000e+02 4.000000000000000000e+00
4.490000000000000000e+02 3.820000000000000000e+02 4.880000000000000000e+02 4.310000000000000000e+02
4.850000000000000000e+02 4.290000000000000000e+02 5.060000000000000000e+02 4.740000000000000000e+02
