0.000000000000000000e+00 0.000000000000000000e+00 2.400000000000000000e+01 2.900000000000000000e+01
0.000000000000000000e+00 2.240000000000000000e+02 6.200000000000000000e+01 3.040000000000000000e+02
4.000000000000000000e+01 3.650000000000000000e+02 1.120000000000000000e+02 4.540000000000000000e+02
6.400000000000000000e+01 5.800000000000000000e+01 1.120000000000000000e+02 1.070000000000000000e+02
1.030000000000000000e+02 3.610000000000000000e+02 1.960000000000000000e+02 4.660000000000000000e+02
1.110000000000000000e+02 9.100000000000000000e+01 1.530000000000000000e+02 1.350000000000000000e+02
1.490000000000000000e+02 4.860000000000000000e+02 2.160000000000000000e+02 5.120000000000000000e+02
1.500000000000000000e+02 0.000000000000000000e+00 1.880000000000000000e+02 1.200000000000000000e+01
2.350000000000000000e+02 1.670000000000000000e+02 2.890000000000000000e+02 2.240000000000000000e+02
2.790000000000000000e+02 2.830000000000000000e+02 3.540000000000000000e+02 3.530000000000000000e+02
3.130000000000000000e+02 0.000000000000000000e+00 3.500000000000000000e+02 1.400000000000000000e+01
3.330000000000000000e+02 4.040000000000000000e+02 3.830000000000000000e+02 4.560000000000000000e+02
3.710000000000000000e+02 2.000000000000000000e+01 5.120000000000000000e+02 1.610000000000000000e+02
3.820000000000000000e+02 3.310000000000000000e+02 4.340000000000000000e+02 3.830000000000000000e+02
