1.300000000000000000e+01 3.670000000000000000e+02 1.190000000000000000e+02 4.650000000000000000e+02
3.800000000000000000e+01 2.990000000000000000e+02 5.200000000000000000e+01 3.180000000000000000e+02
5.300000000000000000e+01 0.000000000000000000e+00 9.000000000000000000e+01 1.200000000000000000e+01
9.200000000000000000e+01 4.900000000000000000e+01 1.510000000000000000e+02 1.080000000000000000e+02
1.370000000000000000e+02 1.920000000000000000e+02 1.970000000000000000e+02 2.420000000000000000e+02
2.300000000000000000e+02 0.000000000000000000e+00 2.750000000000000000e+02 3.900000000000000000e+01
2.780000000000000000e+02 4.980000000000000000e+02 3.300000000000000000e+02 5.120000000000000000e+02
2.870000000000000000e+02 1.110000000000000000e+02 3.850000000000000000e+02 1.890000000000000000e+02
3.200000000000000000e+02 1.940000000000000000e+02 3.510000000000000000e+02 2.220000000000000000e+02
3.570000000000000000e+02 2.880000000000000000e+02 4.020000000000000000e+02 3.320000000000000000e+02
3.730000000000000000e+02 5.000000000000000000e+01 4.590000000000000000e+02 1.270000000000000000e+02
3.730000000000000000e+02 4.560000000000000000e+02 4.740000000000000000e+02 5.120000000000000000e+02
4.920000000000000000e+02 4.570000000000000000e+02 5.120000000000000000e+02 4.950000000000000000e+02
