0.000000000000000000e+00 0.000000000000000000e+00 1.370000000000000000e+02 1.100000000000000000e+02
0.000000000000000000e+00 3.590000000000000000e+02 9.000000000000000000e+00 3.860000000000000000e+02
1.000000000000000000e+01 1.050000000000000000e+02 6.500000000000000000e+01 1.600000000000000000e+02
1.400000000000000000e+01 2.270000000000000000e+02 1.040000000000000000e+02 3.150000000000000000e+02
1.030000000000000000e+02 1.590000000000000000e+02 1.840000000000000000e+02 2.480000000000000000e+02
1.860000000000000000e+02 1.870000000000000000e+02 2.060000000000000000e+02 2.210000000000000000e+02
1.970000000000000000e+02 4.000000000000000000e+01 2.740000000000000000e+02 1.260000000000000000e+02
2.260000000000000000e+02 3.440000000000000000e+02 2.810000000000000000e+02 3.980000000000000000e+02
2.430000000000000000e+02 3.800000000000000000e+02 3.550000000000000000e+02 5.120000000000000000e+02
4.110000000000000000e+02 4.910000000000000000e+02 4.690000000000000000e+02 5.120000000000000000e+02
4.230000000000000000e+02 2.490000000000000000e+02 4.920000000000000000e+02 3.120000000000000000e+02
4.900000000000000000e+02 4.840000000000000000e+02 5.120000000000000000e+02 5.120000000000000000e+02
4.960000000000000000e+02 2.200000000000000000e+02 5.120000000000000000e+02 2.820000000000000000e+02
