0.000000000000000000e+00 4.060000000000000000e+02 2.300000000000000000e+01 4.650000000000000000e+02
1.000000000000000000e+00 2.310000000000000000e+02 1.400000000000000000e+01 2.630000000000000000e+02
7.000000000000000000e+00 2.610000000000000000e+02 6.000000000000000000e+01 3.120000000000000000e+02
5.500000000000000000e+01 4.460000000000000000e+02 1.080000000000000000e+02 4.990000000000000000e+02
6.100000000000000000e+01 3.230000000000000000e+02 1.360000000000000000e+02 3.980000000000000000e+02
6.600000000000000000e+01 1.480000000000000000e+02 1.450000000000000000e+02 2.310000000000000000e+02
1.050000000000000000e+02 5.100000000000000000e+01 1.660000000000000000e+02 1.160000000000000000e+02
1.590000000000000000e+02 4.080000000000000000e+02 2.500000000000000000e+02 5.120000000000000000e+02
1.790000000000000000e+02 0.000000000000000000e+00 2.080000000000000000e+02 1.200000000000000000e+01
1.990000000000000000e+02 3.290000000000000000e+02 2.980000000000000000e+02 4.080000000000000000e+02
2.070000000000000000e+02 6.200000000000000000e+01 2.700000000000000000e+02 1.270000000000000000e+02
2.260000000000000000e+02 0.000000000000000000e+00 2.640000000000000000e+02 2.100000000000000000e+01
2.730000000000000000e+02 7.600000000000000000e+01 3.540000000000000000e+02 1.590000000000000000e+02
2.790000000000000000e+02 0.000000000000000000e+00 3.130000000000000000e+02 1.900000000000000000e+01
3.290000000000000000e+02 1.380000000000000000e+02 3.920000000000000000e+02 2.050000000000000000e+02
3.600000000000000000e+02 0.000000000000000000e+00 4.250000000000000000e+02 5.200000000000000000e+01
4.040000000000000000e+02 3.820000000000000000e+02 4.890000000000000000e+02 4.670000000000000000e+02
4.240000000000000000e+02 4.800000000000000000e+02 4.830000000000000000e+02 5.120000000000000000e+02
4.350000000000000000e+02 1.740000000000000000e+02 5.120000000000000000e+02 2.610000000000000000e+02
4.550000000000000000e+02 6.100000000000000000e+01 5.120000000000000000e+02 1.240000000000000000e+02
