0.000000000000000000e+00 0.000000000000000000e+00 4.600000000000000000e+01 3.000000000000000000e+01
0.000000000000000000e+00 6.900000000000000000e+01 3.500000000000000000e+01 1.470000000000000000e+02
1.500000000000000000e+01 1.690000000000000000e+02 8.800000000000000000e+01 2.440000000000000000e+02
3.200000000000000000e+01 3.480000000000000000e+02 6.700000000000000000e+01 4.090000000000000000e+02
4.500000000000000000e+01 4.650000000000000000e+02 9.600000000000000000e+01 5.120000000000000000e+02
7.300000000000000000e+01 2.970000000000000000e+02 1.380000000000000000e+02 3.760000000000000000e+02
9.600000000000000000e+01 0.000000000000000000e+00 1.380000000000000000e+02 1.700000000000000000e+01
1.170000000000000000e+02 2.200000000000000000e+01 1.970000000000000000e+02 1.190000000000000000e+02
2.010000000000000000e+02 2.470000000000000000e+02 2.480000000000000000e+02 3.080000000000000000e+02
2.020000000000000000e+02 1.520000000000000000e+02 2.610000000000000000e+02 2.110000000000000000e+02
2.800000000000000000e+02 1.300000000000000000e+02 3.370000000000000000e+02 2.010000000000000000e+02
3.460000000000000000e+02 9.500000000000000000e+01 4.130000000000000000e+02 1.920000000000000000e+02
3.520000000000000000e+02 2.780000000000000000e+02 4.130000000000000000e+02 3.430000000000000000e+02
4.100000000000000000e+02 3.180000000000000000e+02 4.610000000000000000e+02 3.790000000000000000e+02
4.440000000000000000e+02 3.900000000000000000e+02 5.120000000000000000e+02 4.860000000000000000e+02
4.740000000000000000e+02 2.470000000000000000e+02 5.120000000000000000e+02 3.150000000000000000e+02
4.990000000000000000e+02 5.000000000000000000e+01 5.120000000000000000e+02 9.900000000000000000e+01
