0.000000000000000000e+00 3.320000000000000000e+02 3.200000000000000000e+01 3.950000000000000000e+02
1.010000000000000000e+02 3.590000000000000000e+02 1.420000000000000000e+02 3.860000000000000000e+02
1.110000000000000000e+02 4.900000000000000000e+02 1.730000000000000000e+02 5.120000000000000000e+02
1.220000000000000000e+02 2.840000000000000000e+02 1.950000000000000000e+02 3.470000000000000000e+02
1.390000000000000000e+02 1.500000000000000000e+02 2.020000000000000000e+02 2.130000000000000000e+02
1.950000000000000000e+02 9.700000000000000000e+01 2.340000000000000000e+02 1.440000000000000000e+02
1.990000000000000000e+02 1.990000000000000000e+02 2.380000000000000000e+02 2.380000000000000000e+02
2.000000000000000000e+02 4.980000000000000000e+02 2.410000000000000000e+02 5.120000000000000000e+02
2.140000000000000000e+02 3.670000000000000000e+02 2.890000000000000000e+02 4.300000000000000000e+02
2.380000000000000000e+02 2.380000000000000000e+02 3.150000000000000000e+02 3.250000000000000000e+02
2.770000000000000000e+02 9.700000000000000000e+01 3.460000000000000000e+02 1.660000000000000000e+02
3.240000000000000000e+02 2.960000000000000000e+02 3.930000000000000000e+02 3.570000000000000000e+02
4.030000000000000000e+02 0.000000000000000000e+00 4.520000000000000000e+02 2.000000000000000000e+01
4.430000000000000000e+02 3.610000000000000000e+02 4.900000000000000000e+02 4.040000000000000000e+02
4.450000000000000000e+02 6.900000000000000000e+01 5.120000000000000000e+02 1.340000000000000000e+02
4.870000000000000000e+02 4.190000000000000000e+02 5.120000000000000000e+02 4.780000000000000000e+02
