0.000000000000000000e+00 1.140000000000000000e+02 4.000000000000000000e+01 1.690000000000000000e+02
0.000000000000000000e+00 3.980000000000000000e+02 4.500000000000000000e+01 4.550000000000000000e+02
2.000000000000000000e+00 2.320000000000000000e+02 3.100000000000000000e+01 2.930000000000000000e+02
5.900000000000000000e+01 2.080000000000000000e+02 1.040000000000000000e+02 2.530000000000000000e+02
6.600000000000000000e+01 3.710000000000000000e+02 1.510000000000000000e+02 4.720000000000000000e+02
1.280000000000000000e+02 5.400000000000000000e+01 1.750000000000000000e+02 1.010000000000000000e+02
1.430000000000000000e+02 2.000000000000000000e+00 2.400000000000000000e+02 6.500000000000000000e+01
1.610000000000000000e+02 1.660000000000000000e+02 2.020000000000000000e+02 2.070000000000000000e+02
2.120000000000000000e+02 2.860000000000000000e+02 2.550000000000000000e+02 3.790000000000000000e+02
2.380000000000000000e+02 3.360000000000000000e+02 2.930000000000000000e+02 4.090000000000000000e+02
3.280000000000000000e+02 9.000000000000000000e+00 3.790000000000000000e+02 7.800000000000000000e+01
3.760000000000000000e+02 1.810000000000000000e+02 4.530000000000000000e+02 2.660000000000000000e+02
4.420000000000000000e+02 3.950000000000000000e+02 5.120000000000000000e+02 4.760000000000000000e+02
4.490000000000000000e+02 9.300000000000000000e+01 5.000000000000000000e+02 1.520000000000000000e+02
4.700000000000000000e+02 1.940000000000000000e+02 5.110000000000000000e+02 2.630000000000000000e+02
