0.000000000000000000e+00 5.200000000000000000e+01 5.200000000000000000e+01 1.370000000000000000e+02
0.000000000000000000e+00 3.330000000000000000e+02 5.800000000000000000e+01 3.920000000000000000e+02
5.800000000000000000e+01 6.200000000000000000e+01 1.600000000000000000e+02 1.630000000000000000e+02
6.100000000000000000e+01 3.090000000000000000e+02 1.480000000000000000e+02 4.040000000000000000e+02
8.000000000000000000e+01 0.000000000000000000e+00 1.180000000000000000e+02 1.400000000000000000e+01
1.150000000000000000e+02 1.830000000000000000e+02 2.000000000000000000e+02 2.730000000000000000e+02
1.650000000000000000e+02 2.990000000000000000e+02 2.570000000000000000e+02 3.910000000000000000e+02
2.110000000000000000e+02 9.100000000000000000e+01 2.920000000000000000e+02 1.770000000000000000e+02
2.220000000000000000e+02 1.840000000000000000e+02 2.810000000000000000e+02 2.400000000000000000e+02
2.410000000000000000e+02 3.760000000000000000e+02 3.520000000000000000e+02 4.910000000000000000e+02
2.830000000000000000e+02 0.000000000000000000e+00 3.610000000000000000e+02 4.000000000000000000e+01
3.330000000000000000e+02 8.500000000000000000e+01 4.080000000000000000e+02 1.630000000000000000e+02
4.200000000000000000e+02 5.070000000000000000e+02 4.450000000000000000e+02 5.120000000000000000e+02
4.240000000000000000e+02 2.940000000000000000e+02 4.980000000000000000e+02 3.770000000000000000e+02
4.380000000000000000e+02 1.460000000000000000e+02 4.990000000000000000e+02 2.030000000000000000e+02
4.810000000000000000e+02 4.690000000000000000e+02 5.120000000000000000e+02 5.120000000000000000e+02
4.850000000000000000e+02 1.900000000000000000e+01 5.120000000000000000e+02 7.100000000000000000e+01
5.090000000000000000e+02 4.140000000000000000e+02 5.120000000000000000e+02 4.290000000000000000e+02
