1.000000000000000000e+00 4.030000000000000000e+02 7.800000000000000000e+01 4.780000000000000000e+02
1.800000000000000000e+01 0.000000000000000000e+00 5.500000000000000000e+01 1.200000000000000000e+01
1.560000000000000000e+02 4.800000000000000000e+01 2.910000000000000000e+02 1.470000000000000000e+02
1.720000000000000000e+02 5.000000000000000000e+02 2.100000000000000000e+02 5.120000000000000000e+02
1.820000000000000000e+02 9.700000000000000000e+01 3.590000000000000000e+02 2.110000000000000000e+02
1.930000000000000000e+02 4.060000000000000000e+02 2.600000000000000000e+02 4.750000000000000000e+02
2.580000000000000000e+02 0.000000000000000000e+00 3.130000000000000000e+02 1.900000000000000000e+01
2.810000000000000000e+02 2.870000000000000000e+02 3.160000000000000000e+02 3.180000000000000000e+02
2.860000000000000000e+02 3.160000000000000000e+02 4.050000000000000000e+02 4.450000000000000000e+02
3.390000000000000000e+02 3.000000000000000000e+00 3.980000000000000000e+02 5.400000000000000000e+01
3.920000000000000000e+02 8.100000000000000000e+01 4.570000000000000000e+02 1.280000000000000000e+02
4.400000000000000000e+02 4.140000000000000000e+02 4.890000000000000000e+02 4.550000000000000000e+02
4.870000000000000000e+02 2.520000000000000000e+02 5.120000000000000000e+02 3.260000000000000000e+02
4.920000000000000000e+02 1.930000000000000000e+02 5.110000000000000000e+02 2.300000000000000000e+02
