7.300000000000000000e+01 4.280000000000000000e+02 1.610000000000000000e+02 4.810000000000000000e+02
9.500000000000000000e+01 1.270000000000000000e+02 1.370000000000000000e+02 1.560000000000000000e+02
1.390000000000000000e+02 2.900000000000000000e+01 2.060000000000000000e+02 1.250000000000000000e+02
1.970000000000000000e+02 0.000000000000000000e+00 2.700000000000000000e+02 2.500000000000000000e+01
2.310000000000000000e+02 2.720000000000000000e+02 3.100000000000000000e+02 3.380000000000000000e+02
2.470000000000000000e+02 9.300000000000000000e+01 2.890000000000000000e+02 1.390000000000000000e+02
2.750000000000000000e+02 3.750000000000000000e+02 3.290000000000000000e+02 4.200000000000000000e+02
2.900000000000000000e+02 0.000000000000000000e+00 3.610000000000000000e+02 4.800000000000000000e+01
3.600000000000000000e+02 2.680000000000000000e+02 4.120000000000000000e+02 3.100000000000000000e+02
3.840000000000000000e+02 1.710000000000000000e+02 4.250000000000000000e+02 2.120000000000000000e+02
4.080000000000000000e+02 1.880000000000000000e+02 4.470000000000000000e+02 2.300000000000000000e+02
4.370000000000000000e+02 4.910000000000000000e+02 4.830000000000000000e+02 5.120000000000000000e+02
4.770000000000000000e+02 6.200000000000000000e+01 4.960000000000000000e+02 8.700000000000000000e+01
