0.000000000000000000e+00 1.170000000000000000e+02 4.100000000000000000e+01 1.720000000000000000e+02
0.000000000000000000e+00 2.700000000000000000e+02 1.800000000000000000e+01 3.000000000000000000e+02
0.000000000000000000e+00 4.340000000000000000e+02 1.200000000000000000e+01 4.610000000000000000e+02
1.000000000000000000e+00 4.540000000000000000e+02 5.700000000000000000e+01 5.100000000000000000e+02
3.000000000000000000e+00 2.400000000000000000e+01 9.400000000000000000e+01 1.150000000000000000e+02
1.700000000000000000e+01 2.280000000000000000e+02 5.800000000000000000e+01 2.650000000000000000e+02
6.900000000000000000e+01 2.990000000000000000e+02 1.140000000000000000e+02 3.440000000000000000e+02
7.700000000000000000e+01 2.000000000000000000e+02 1.240000000000000000e+02 2.410000000000000000e+02
9.400000000000000000e+01 4.310000000000000000e+02 1.390000000000000000e+02 4.740000000000000000e+02
1.220000000000000000e+02 3.380000000000000000e+02 1.670000000000000000e+02 3.930000000000000000e+02
1.330000000000000000e+02 1.000000000000000000e+00 2.700000000000000000e+02 1.160000000000000000e+02
1.410000000000000000e+02 1.360000000000000000e+02 2.160000000000000000e+02 2.110000000000000000e+02
1.470000000000000000e+02 2.380000000000000000e+02 2.560000000000000000e+02 3.280000000000000000e+02
1.700000000000000000e+02 3.500000000000000000e+02 2.610000000000000000e+02 4.370000000000000000e+02
2.050000000000000000e+02 4.760000000000000000e+02 2.560000000000000000e+02 5.120000000000000000e+02
2.300000000000000000e+02 7.100000000000000000e+01 3.300000000000000000e+02 1.760000000000000000e+02
2.720000000000000000e+02 4.180000000000000000e+02 3.070000000000000000e+02 4.530000000000000000e+02
3.000000000000000000e+02 2.750000000000000000e+02 3.370000000000000000e+02 3.040000000000000000e+02
3.790000000000000000e+02 3.280000000000000000e+02 4.260000000000000000e+02 3.750000000000000000e+02
3.820000000000000000e+02 4.100000000000000000e+02 4.330000000000000000e+02 4.630000000000000000e+02
4.010000000000000000e+02 7.900000000000000000e+01 4.840000000000000000e+02 1.640000000000000000e+02
4.150000000000000000e+02 2.340000000000000000e+02 4.930000000000000000e+02 3.250000000000000000e+02
4.810000000000000000e+02 4.440000000000000000e+02 5.100000000000000000e+02 5.050000000000000000e+02
