0.000000000000000000e+00 3.300000000000000000e+01 7.600000000000000000e+01 1.280000000000000000e+02
0.000000000000000000e+00 2.810000000000000000e+02 5.500000000000000000e+01 3.840000000000000000e+02
1.460000000000000000e+02 2.750000000000000000e+02 2.610000000000000000e+02 3.800000000000000000e+02
1.500000000000000000e+02 4.190000000000000000e+02 2.210000000000000000e+02 4.840000000000000000e+02
2.030000000000000000e+02 8.500000000000000000e+01 2.780000000000000000e+02 1.740000000000000000e+02
3.300000000000000000e+02 1.840000000000000000e+02 3.730000000000000000e+02 2.350000000000000000e+02
3.300000000000000000e+02 3.370000000000000000e+02 3.690000000000000000e+02 3.820000000000000000e+02
3.630000000000000000e+02 1.000000000000000000e+00 4.190000000000000000e+02 7.000000000000000000e+01
4.240000000000000000e+02 4.450000000000000000e+02 5.110000000000000000e+02 5.110000000000000000e+02
4.790000000000000000e+02 3.130000000000000000e+02 5.110000000000000000e+02 3.690000000000000000e+02
