0.000000000000000000e+00 1.150000000000000000e+02 1.800000000000000000e+01 1.610000000000000000e+02
0.000000000000000000e+00 2.190000000000000000e+02 5.900000000000000000e+01 2.930000000000000000e+02
0.000000000000000000e+00 3.660000000000000000e+02 7.000000000000000000e+00 3.860000000000000000e+02
2.200000000000000000e+01 1.690000000000000000e+02 8.900000000000000000e+01 2.350000000000000000e+02
4.400000000000000000e+01 3.890000000000000000e+02 1.310000000000000000e+02 4.760000000000000000e+02
5.400000000000000000e+01 7.300000000000000000e+01 1.690000000000000000e+02 1.430000000000000000e+02
8.000000000000000000e+01 0.000000000000000000e+00 1.250000000000000000e+02 3.000000000000000000e+01
1.580000000000000000e+02 1.880000000000000000e+02 2.530000000000000000e+02 2.870000000000000000e+02
2.740000000000000000e+02 2.290000000000000000e+02 3.570000000000000000e+02 3.110000000000000000e+02
3.340000000000000000e+02 0.000000000000000000e+00 3.540000000000000000e+02 7.000000000000000000e+00
3.450000000000000000e+02 2.880000000000000000e+02 4.370000000000000000e+02 3.860000000000000000e+02
3.670000000000000000e+02 0.000000000000000000e+00 4.510000000000000000e+02 6.300000000000000000e+01
4.010000000000000000e+02 1.140000000000000000e+02 5.120000000000000000e+02 2.490000000000000000e+02
4.230000000000000000e+02 5.040000000000000000e+02 4.560000000000000000e+02 5.120000000000000000e+02
4.470000000000000000e+02 3.570000000000000000e+02 5.120000000000000000e+02 4.470000000000000000e+02
5.020000000000000000e+02 2.590000000000000000e+02 5.120000000000000000e+02 3.030000000000000000e+02
