0.000000000000000000e+00 1.660000000000000000e+02 9.300000000000000000e+01 2.380000000000000000e+02
3.400000000000000000e+01 2.800000000000000000e+01 1.470000000000000000e+02 1.050000000000000000e+02
4.900000000000000000e+01 4.000000000000000000e+02 1.060000000000000000e+02 4.470000000000000000e+02
1.440000000000000000e+02 2.210000000000000000e+02 2.010000000000000000e+02 2.680000000000000000e+02
1.940000000000000000e+02 4.950000000000000000e+02 2.540000000000000000e+02 5.120000000000000000e+02
2.030000000000000000e+02 3.470000000000000000e+02 2.840000000000000000e+02 4.200000000000000000e+02
2.470000000000000000e+02 1.940000000000000000e+02 2.900000000000000000e+02 2.370000000000000000e+02
2.570000000000000000e+02 2.450000000000000000e+02 3.060000000000000000e+02 2.800000000000000000e+02
3.120000000000000000e+02 3.600000000000000000e+01 4.700000000000000000e+02 1.210000000000000000e+02
3.600000000000000000e+02 3.970000000000000000e+02 4.030000000000000000e+02 4.440000000000000000e+02
4.230000000000000000e+02 2.540000000000000000e+02 5.120000000000000000e+02 3.990000000000000000e+02
