0.000000000000000000e+00 2.090000000000000000e+02 1.900000000000000000e+01 2.490000000000000000e+02
0.000000000000000000e+00 4.380000000000000000e+02 5.300000000000000000e+01 4.780000000000000000e+02
1.000000000000000000e+00 3.900000000000000000e+01 2.200000000000000000e+01 8.400000000000000000e+01
1.000000000000000000e+00 1.270000000000000000e+02 2.600000000000000000e+01 1.750000000000000000e+02
4.100000000000000000e+01 4.720000000000000000e+02 8.400000000000000000e+01 5.110000000000000000e+02
1.400000000000000000e+02 1.730000000000000000e+02 2.770000000000000000e+02 2.490000000000000000e+02
1.760000000000000000e+02 3.900000000000000000e+02 2.670000000000000000e+02 4.610000000000000000e+02
1.810000000000000000e+02 4.800000000000000000e+02 2.540000000000000000e+02 5.120000000000000000e+02
2.470000000000000000e+02 9.100000000000000000e+01 3.340000000000000000e+02 1.780000000000000000e+02
2.770000000000000000e+02 5.100000000000000000e+01 3.100000000000000000e+02 7.600000000000000000e+01
2.840000000000000000e+02 3.710000000000000000e+02 3.510000000000000000e+02 4.280000000000000000e+02
4.390000000000000000e+02 2.910000000000000000e+02 5.110000000000000000e+02 3.510000000000000000e+02
