0.000000000000000000e+00 2.540000000000000000e+02 1.120000000000000000e+02 3.800000000000000000e+02
1.800000000000000000e+01 0.000000000000000000e+00 8.000000000000000000e+01 3.500000000000000000e+01
3.200000000000000000e+01 7.400000000000000000e+01 1.070000000000000000e+02 2.030000000000000000e+02
3.200000000000000000e+01 4.180000000000000000e+02 6.500000000000000000e+01 4.520000000000000000e+02
9.900000000000000000e+01 1.900000000000000000e+01 1.500000000000000000e+02 7.400000000000000000e+01
1.160000000000000000e+02 4.120000000000000000e+02 1.770000000000000000e+02 4.710000000000000000e+02
1.220000000000000000e+02 0.000000000000000000e+00 1.590000000000000000e+02 8.000000000000000000e+00
1.430000000000000000e+02 6.000000000000000000e+00 2.270000000000000000e+02 8.500000000000000000e+01
1.610000000000000000e+02 2.100000000000000000e+02 1.960000000000000000e+02 2.460000000000000000e+02
2.250000000000000000e+02 9.100000000000000000e+01 2.600000000000000000e+02 1.170000000000000000e+02
2.490000000000000000e+02 4.460000000000000000e+02 3.100000000000000000e+02 5.080000000000000000e+02
2.730000000000000000e+02 3.640000000000000000e+02 3.470000000000000000e+02 4.210000000000000000e+02
3.090000000000000000e+02 0.000000000000000000e+00 3.730000000000000000e+02 3.500000000000000000e+01
3.320000000000000000e+02 1.410000000000000000e+02 4.900000000000000000e+02 2.810000000000000000e+02
4.320000000000000000e+02 3.160000000000000000e+02 5.070000000000000000e+02 3.840000000000000000e+02
4.400000000000000000e+02 4.800000000000000000e+02 4.860000000000000000e+02 5.120000000000000000e+02
4.670000000000000000e+02 4.180000000000000000e+02 5.120000000000000000e+02 4.820000000000000000e+02
