0.000000000000000000e+00 0.000000000000000000e+00 8.700000000000000000e+01 6.600000000000000000e+01
0.000000000000000000e+00 4.350000000000000000e+02 3.100000000000000000e+01 4.970000000000000000e+02
3.000000000000000000e+00 5.300000000000000000e+01 1.160000000000000000e+02 1.630000000000000000e+02
2.800000000000000000e+01 3.590000000000000000e+02 1.230000000000000000e+02 4.550000000000000000e+02
5.600000000000000000e+01 2.160000000000000000e+02 1.690000000000000000e+02 3.210000000000000000e+02
1.300000000000000000e+02 1.010000000000000000e+02 1.690000000000000000e+02 1.460000000000000000e+02
1.620000000000000000e+02 3.230000000000000000e+02 3.470000000000000000e+02 4.390000000000000000e+02
1.840000000000000000e+02 2.360000000000000000e+02 2.490000000000000000e+02 3.030000000000000000e+02
1.860000000000000000e+02 8.700000000000000000e+01 2.650000000000000000e+02 1.660000000000000000e+02
2.130000000000000000e+02 7.000000000000000000e+00 2.800000000000000000e+02 7.000000000000000000e+01
3.120000000000000000e+02 3.800000000000000000e+01 4.430000000000000000e+02 2.030000000000000000e+02
3.290000000000000000e+02 4.820000000000000000e+02 3.960000000000000000e+02 5.120000000000000000e+02
3.900000000000000000e+02 3.410000000000000000e+02 4.730000000000000000e+02 4.220000000000000000e+02
4.170000000000000000e+02 4.910000000000000000e+02 4.620000000000000000e+02 5.120000000000000000e+02
