0.000000000000000000e+00 2.390000000000000000e+02 5.100000000000000000e+01 2.980000000000000000e+02
1.300000000000000000e+01 2.000000000000000000e+01 8.700000000000000000e+01 9.200000000000000000e+01
4.700000000000000000e+01 1.560000000000000000e+02 1.000000000000000000e+02 2.190000000000000000e+02
5.300000000000000000e+01 3.620000000000000000e+02 1.280000000000000000e+02 4.050000000000000000e+02
1.020000000000000000e+02 0.000000000000000000e+00 1.670000000000000000e+02 2.200000000000000000e+01
1.250000000000000000e+02 3.900000000000000000e+02 2.490000000000000000e+02 4.630000000000000000e+02
1.400000000000000000e+02 7.100000000000000000e+01 2.100000000000000000e+02 1.420000000000000000e+02
1.850000000000000000e+02 2.360000000000000000e+02 2.660000000000000000e+02 3.010000000000000000e+02
3.450000000000000000e+02 4.700000000000000000e+02 5.060000000000000000e+02 5.120000000000000000e+02
3.640000000000000000e+02 3.300000000000000000e+01 4.670000000000000000e+02 1.200000000000000000e+02
4.690000000000000000e+02 3.750000000000000000e+02 5.110000000000000000e+02 4.520000000000000000e+02
