0.000000000000000000e+00 2.780000000000000000e+02 4.800000000000000000e+01 3.690000000000000000e+02
4.200000000000000000e+01 0.000000000000000000e+00 1.170000000000000000e+02 5.000000000000000000e+01
6.100000000000000000e+01 1.730000000000000000e+02 1.070000000000000000e+02 2.250000000000000000e+02
1.090000000000000000e+02 8.600000000000000000e+01 2.550000000000000000e+02 2.130000000000000000e+02
1.640000000000000000e+02 2.500000000000000000e+01 1.930000000000000000e+02 4.800000000000000000e+01
2.340000000000000000e+02 2.000000000000000000e+00 2.580000000000000000e+02 4.800000000000000000e+01
2.970000000000000000e+02 1.490000000000000000e+02 3.620000000000000000e+02 2.150000000000000000e+02
3.280000000000000000e+02 3.950000000000000000e+02 4.490000000000000000e+02 5.050000000000000000e+02
3.340000000000000000e+02 3.590000000000000000e+02 3.790000000000000000e+02 4.030000000000000000e+02
3.660000000000000000e+02 3.000000000000000000e+01 3.960000000000000000e+02 6.000000000000000000e+01
3.770000000000000000e+02 7.200000000000000000e+01 4.230000000000000000e+02 1.150000000000000000e+02
4.130000000000000000e+02 1.600000000000000000e+02 5.010000000000000000e+02 2.500000000000000000e+02
4.400000000000000000e+02 0.000000000000000000e+00 5.120000000000000000e+02 1.010000000000000000e+02
5.070000000000000000e+02 4.130000000000000000e+02 5.120000000000000000e+02 4.330000000000000000e+02
