0.000000000000000000e+00 1.620000000000000000e+02 1.400000000000000000e+01 1.990000000000000000e+02
0.000000000000000000e+00 3.240000000000000000e+02 1.200000000000000000e+01 3.620000000000000000e+02
0.000000000000000000e+00 4.880000000000000000e+02 2.900000000000000000e+01 5.120000000000000000e+02
2.000000000000000000e+01 0.000000000000000000e+00 1.610000000000000000e+02 1.410000000000000000e+02
5.800000000000000000e+01 4.000000000000000000e+02 1.070000000000000000e+02 4.480000000000000000e+02
9.100000000000000000e+01 3.590000000000000000e+02 1.350000000000000000e+02 4.010000000000000000e+02
1.670000000000000000e+02 2.230000000000000000e+02 2.240000000000000000e+02 2.770000000000000000e+02
2.240000000000000000e+02 4.500000000000000000e+02 3.040000000000000000e+02 5.120000000000000000e+02
2.830000000000000000e+02 1.580000000000000000e+02 3.530000000000000000e+02 2.330000000000000000e+02
3.310000000000000000e+02 7.800000000000000000e+01 3.830000000000000000e+02 1.300000000000000000e+02
3.610000000000000000e+02 3.160000000000000000e+02 4.660000000000000000e+02 4.090000000000000000e+02
3.650000000000000000e+02 4.000000000000000000e+02 4.540000000000000000e+02 4.720000000000000000e+02
4.040000000000000000e+02 1.290000000000000000e+02 4.560000000000000000e+02 1.790000000000000000e+02
4.860000000000000000e+02 2.960000000000000000e+02 5.120000000000000000e+02 3.630000000000000000e+02
