0.000000000000000000e+00 3.260000000000000000e+02 1.000000000000000000e+01 3.520000000000000000e+02
0.000000000000000000e+00 3.790000000000000000e+02 3.000000000000000000e+01 4.470000000000000000e+02
2.000000000000000000e+00 2.000000000000000000e+00 3.500000000000000000e+01 2.900000000000000000e+01
5.100000000000000000e+01 2.930000000000000000e+02 9.800000000000000000e+01 3.520000000000000000e+02
5.200000000000000000e+01 4.460000000000000000e+02 1.010000000000000000e+02 4.990000000000000000e+02
7.400000000000000000e+01 2.000000000000000000e+00 1.520000000000000000e+02 4.300000000000000000e+01
1.060000000000000000e+02 1.160000000000000000e+02 1.750000000000000000e+02 1.850000000000000000e+02
1.410000000000000000e+02 3.080000000000000000e+02 2.120000000000000000e+02 3.790000000000000000e+02
1.550000000000000000e+02 4.970000000000000000e+02 1.840000000000000000e+02 5.120000000000000000e+02
1.610000000000000000e+02 2.070000000000000000e+02 2.580000000000000000e+02 3.140000000000000000e+02
1.770000000000000000e+02 1.060000000000000000e+02 2.180000000000000000e+02 1.610000000000000000e+02
2.010000000000000000e+02 4.330000000000000000e+02 2.480000000000000000e+02 4.900000000000000000e+02
2.500000000000000000e+02 4.470000000000000000e+02 3.510000000000000000e+02 5.120000000000000000e+02
2.610000000000000000e+02 9.500000000000000000e+01 4.020000000000000000e+02 2.170000000000000000e+02
2.940000000000000000e+02 3.670000000000000000e+02 3.510000000000000000e+02 4.260000000000000000e+02
3.230000000000000000e+02 2.770000000000000000e+02 3.660000000000000000e+02 3.180000000000000000e+02
3.270000000000000000e+02 6.000000000000000000e+00 3.740000000000000000e+02 5.500000000000000000e+01
3.800000000000000000e+02 3.580000000000000000e+02 4.350000000000000000e+02 4.210000000000000000e+02
3.860000000000000000e+02 2.600000000000000000e+02 4.430000000000000000e+02 3.250000000000000000e+02
3.980000000000000000e+02 8.800000000000000000e+01 4.730000000000000000e+02 1.670000000000000000e+02
4.170000000000000000e+02 4.360000000000000000e+02 4.800000000000000000e+02 5.010000000000000000e+02
4.620000000000000000e+02 2.850000000000000000e+02 5.120000000000000000e+02 3.650000000000000000e+02
