0.000000000000000000e+00 1.870000000000000000e+02 1.140000000000000000e+02 3.180000000000000000e+02
1.100000000000000000e+01 3.910000000000000000e+02 8.500000000000000000e+01 4.690000000000000000e+02
9.600000000000000000e+01 0.000000000000000000e+00 2.590000000000000000e+02 8.200000000000000000e+01
1.110000000000000000e+02 1.380000000000000000e+02 1.770000000000000000e+02 2.040000000000000000e+02
1.310000000000000000e+02 2.660000000000000000e+02 1.890000000000000000e+02 3.270000000000000000e+02
1.810000000000000000e+02 1.730000000000000000e+02 2.430000000000000000e+02 2.410000000000000000e+02
2.430000000000000000e+02 3.010000000000000000e+02 3.350000000000000000e+02 3.860000000000000000e+02
2.620000000000000000e+02 1.000000000000000000e+00 3.640000000000000000e+02 5.100000000000000000e+01
3.370000000000000000e+02 2.680000000000000000e+02 4.010000000000000000e+02 3.300000000000000000e+02
3.810000000000000000e+02 4.840000000000000000e+02 4.420000000000000000e+02 5.120000000000000000e+02
4.030000000000000000e+02 3.970000000000000000e+02 5.120000000000000000e+02 5.060000000000000000e+02
4.350000000000000000e+02 3.320000000000000000e+02 4.820000000000000000e+02 3.960000000000000000e+02
4.430000000000000000e+02 1.960000000000000000e+02 5.120000000000000000e+02 2.580000000000000000e+02
4.520000000000000000e+02 2.450000000000000000e+02 5.120000000000000000e+02 3.150000000000000000e+02
4.830000000000000000e+02 6.300000000000000000e+01 5.120000000000000000e+02 1.300000000000000000e+02
