2.000000000000000000e+00 2.000000000000000000e+00 5.300000000000000000e+01 8.200000000000000000e+01
4.200000000000000000e+01 2.380000000000000000e+02 1.250000000000000000e+02 3.650000000000000000e+02
6.300000000000000000e+01 1.350000000000000000e+02 1.170000000000000000e+02 1.910000000000000000e+02
2.220000000000000000e+02 2.800000000000000000e+02 2.830000000000000000e+02 3.400000000000000000e+02
2.360000000000000000e+02 1.590000000000000000e+02 3.320000000000000000e+02 2.540000000000000000e+02
2.720000000000000000e+02 4.310000000000000000e+02 3.280000000000000000e+02 4.870000000000000000e+02
2.790000000000000000e+02 1.300000000000000000e+01 3.180000000000000000e+02 4.700000000000000000e+01
3.230000000000000000e+02 4.980000000000000000e+02 3.630000000000000000e+02 5.120000000000000000e+02
3.260000000000000000e+02 3.880000000000000000e+02 3.720000000000000000e+02 4.370000000000000000e+02
3.350000000000000000e+02 1.930000000000000000e+02 3.810000000000000000e+02 2.440000000000000000e+02
3.490000000000000000e+02 2.510000000000000000e+02 3.990000000000000000e+02 3.100000000000000000e+02
3.950000000000000000e+02 2.660000000000000000e+02 5.030000000000000000e+02 3.510000000000000000e+02
4.460000000000000000e+02 8.000000000000000000e+00 5.010000000000000000e+02 6.300000000000000000e+01
4.920000000000000000e+02 4.310000000000000000e+02 5.120000000000000000e+02 4.770000000000000000e+02
