0.000000000000000000e+00 4.310000000000000000e+02 3.600000000000000000e+01 4.840000000000000000e+02
6.000000000000000000e+00 2.320000000000000000e+02 7.300000000000000000e+01 3.000000000000000000e+02
2.400000000000000000e+01 3.370000000000000000e+02 1.630000000000000000e+02 4.710000000000000000e+02
5.400000000000000000e+01 4.400000000000000000e+01 1.150000000000000000e+02 1.010000000000000000e+02
7.000000000000000000e+01 2.420000000000000000e+02 2.310000000000000000e+02 3.510000000000000000e+02
2.230000000000000000e+02 3.500000000000000000e+01 3.620000000000000000e+02 1.430000000000000000e+02
2.530000000000000000e+02 4.970000000000000000e+02 2.960000000000000000e+02 5.120000000000000000e+02
3.830000000000000000e+02 2.700000000000000000e+01 4.500000000000000000e+02 8.500000000000000000e+01
3.940000000000000000e+02 4.400000000000000000e+02 4.860000000000000000e+02 5.120000000000000000e+02
4.570000000000000000e+02 2.160000000000000000e+02 5.120000000000000000e+02 2.920000000000000000e+02
4.920000000000000000e+02 4.860000000000000000e+02 5.120000000000000000e+02 5.120000000000000000e+02
5.060000000000000000e+02 1.760000000000000000e+02 5.120000000000000000e+02 1.980000000000000000e+02
