0.000000000000000000e+00 0.000000000000000000e+00 5.400000000000000000e+01 7.700000000000000000e+01
2.000000000000000000e+00 4.140000000000000000e+02 7.200000000000000000e+01 4.860000000000000000e+02
5.000000000000000000e+00 2.870000000000000000e+02 5.200000000000000000e+01 3.360000000000000000e+02
2.400000000000000000e+01 2.000000000000000000e+02 8.200000000000000000e+01 2.590000000000000000e+02
1.000000000000000000e+02 2.000000000000000000e+01 1.380000000000000000e+02 6.100000000000000000e+01
1.000000000000000000e+02 1.930000000000000000e+02 1.750000000000000000e+02 2.800000000000000000e+02
1.040000000000000000e+02 4.250000000000000000e+02 1.440000000000000000e+02 4.650000000000000000e+02
1.450000000000000000e+02 2.950000000000000000e+02 2.020000000000000000e+02 3.520000000000000000e+02
1.790000000000000000e+02 1.430000000000000000e+02 2.320000000000000000e+02 1.990000000000000000e+02
1.990000000000000000e+02 2.030000000000000000e+02 2.440000000000000000e+02 2.500000000000000000e+02
2.740000000000000000e+02 1.170000000000000000e+02 4.250000000000000000e+02 2.320000000000000000e+02
3.650000000000000000e+02 2.500000000000000000e+02 4.600000000000000000e+02 3.470000000000000000e+02
4.400000000000000000e+02 3.750000000000000000e+02 4.900000000000000000e+02 4.270000000000000000e+02
