0.000000000000000000e+00 8.100000000000000000e+01 4.800000000000000000e+01 1.490000000000000000e+02
0.000000000000000000e+00 2.880000000000000000e+02 3.300000000000000000e+01 3.400000000000000000e+02
5.500000000000000000e+01 1.910000000000000000e+02 1.350000000000000000e+02 2.770000000000000000e+02
7.300000000000000000e+01 5.400000000000000000e+01 1.340000000000000000e+02 1.190000000000000000e+02
1.400000000000000000e+02 3.200000000000000000e+02 1.820000000000000000e+02 3.700000000000000000e+02
1.480000000000000000e+02 0.000000000000000000e+00 1.500000000000000000e+02 1.000000000000000000e+00
1.560000000000000000e+02 1.000000000000000000e+00 2.460000000000000000e+02 9.500000000000000000e+01
2.460000000000000000e+02 2.260000000000000000e+02 2.940000000000000000e+02 2.880000000000000000e+02
2.930000000000000000e+02 1.890000000000000000e+02 3.280000000000000000e+02 2.310000000000000000e+02
3.120000000000000000e+02 7.000000000000000000e+01 4.310000000000000000e+02 1.930000000000000000e+02
3.810000000000000000e+02 0.000000000000000000e+00 4.620000000000000000e+02 3.200000000000000000e+01
4.150000000000000000e+02 1.570000000000000000e+02 4.400000000000000000e+02 1.840000000000000000e+02
4.360000000000000000e+02 2.230000000000000000e+02 4.600000000000000000e+02 2.490000000000000000e+02
5.090000000000000000e+02 4.400000000000000000e+01 5.120000000000000000e+02 5.800000000000000000e+01
