0.000000000000000000e+00 1.000000000000000000e+00 7.700000000000000000e+01 3.800000000000000000e+01
0.000000000000000000e+00 3.930000000000000000e+02 1.100000000000000000e+01 4.250000000000000000e+02
1.400000000000000000e+01 8.400000000000000000e+01 9.300000000000000000e+01 1.620000000000000000e+02
5.000000000000000000e+01 2.560000000000000000e+02 2.410000000000000000e+02 3.880000000000000000e+02
1.550000000000000000e+02 1.500000000000000000e+01 2.240000000000000000e+02 8.300000000000000000e+01
1.570000000000000000e+02 8.200000000000000000e+01 2.470000000000000000e+02 1.700000000000000000e+02
1.820000000000000000e+02 3.830000000000000000e+02 2.520000000000000000e+02 4.500000000000000000e+02
2.450000000000000000e+02 7.200000000000000000e+01 2.860000000000000000e+02 1.240000000000000000e+02
2.590000000000000000e+02 3.870000000000000000e+02 3.390000000000000000e+02 4.670000000000000000e+02
2.790000000000000000e+02 5.050000000000000000e+02 3.060000000000000000e+02 5.120000000000000000e+02
3.220000000000000000e+02 1.990000000000000000e+02 4.130000000000000000e+02 2.620000000000000000e+02
3.330000000000000000e+02 1.180000000000000000e+02 3.990000000000000000e+02 1.760000000000000000e+02
3.510000000000000000e+02 3.840000000000000000e+02 4.160000000000000000e+02 4.580000000000000000e+02
3.970000000000000000e+02 4.660000000000000000e+02 4.650000000000000000e+02 5.120000000000000000e+02
4.230000000000000000e+02 2.530000000000000000e+02 4.920000000000000000e+02 3.250000000000000000e+02
4.320000000000000000e+02 1.580000000000000000e+02 4.990000000000000000e+02 2.270000000000000000e+02
4.600000000000000000e+02 4.180000000000000000e+02 5.120000000000000000e+02 4.900000000000000000e+02
5.020000000000000000e+02 5.040000000000000000e+02 5.120000000000000000e+02 5.120000000000000000e+02
