2.000000000000000000e+00 1.590000000000000000e+02 2.100000000000000000e+01 2.130000000000000000e+02
1.500000000000000000e+01 2.000000000000000000e+00 4.500000000000000000e+01 2.100000000000000000e+01
1.700000000000000000e+01 2.030000000000000000e+02 1.070000000000000000e+02 3.300000000000000000e+02
3.900000000000000000e+01 0.000000000000000000e+00 1.480000000000000000e+02 1.380000000000000000e+02
5.300000000000000000e+01 4.970000000000000000e+02 7.600000000000000000e+01 5.100000000000000000e+02
1.050000000000000000e+02 2.430000000000000000e+02 1.340000000000000000e+02 2.790000000000000000e+02
1.660000000000000000e+02 3.030000000000000000e+02 2.370000000000000000e+02 3.950000000000000000e+02
2.100000000000000000e+02 2.280000000000000000e+02 2.900000000000000000e+02 3.020000000000000000e+02
2.940000000000000000e+02 4.250000000000000000e+02 3.890000000000000000e+02 5.020000000000000000e+02
3.050000000000000000e+02 1.260000000000000000e+02 4.440000000000000000e+02 2.150000000000000000e+02
3.300000000000000000e+02 4.300000000000000000e+01 4.130000000000000000e+02 1.200000000000000000e+02
3.970000000000000000e+02 3.840000000000000000e+02 5.060000000000000000e+02 4.670000000000000000e+02
4.570000000000000000e+02 3.000000000000000000e+00 5.100000000000000000e+02 3.800000000000000000e+01
