0.000000000000000000e+00 1.670000000000000000e+02 7.600000000000000000e+01 2.170000000000000000e+02
0.000000000000000000e+00 2.460000000000000000e+02 7.200000000000000000e+01 3.070000000000000000e+02
0.000000000000000000e+00 4.410000000000000000e+02 7.800000000000000000e+01 5.120000000000000000e+02
9.000000000000000000e+00 3.700000000000000000e+01 6.500000000000000000e+01 9.100000000000000000e+01
9.300000000000000000e+01 3.740000000000000000e+02 1.990000000000000000e+02 4.730000000000000000e+02
9.600000000000000000e+01 1.890000000000000000e+02 1.700000000000000000e+02 2.620000000000000000e+02
1.470000000000000000e+02 1.290000000000000000e+02 2.070000000000000000e+02 1.880000000000000000e+02
1.720000000000000000e+02 0.000000000000000000e+00 2.580000000000000000e+02 3.100000000000000000e+01
1.990000000000000000e+02 2.190000000000000000e+02 2.560000000000000000e+02 2.790000000000000000e+02
2.720000000000000000e+02 0.000000000000000000e+00 4.900000000000000000e+02 1.410000000000000000e+02
2.770000000000000000e+02 2.990000000000000000e+02 3.230000000000000000e+02 3.690000000000000000e+02
2.800000000000000000e+02 1.970000000000000000e+02 3.730000000000000000e+02 2.920000000000000000e+02
2.810000000000000000e+02 4.250000000000000000e+02 3.690000000000000000e+02 5.120000000000000000e+02
3.180000000000000000e+02 2.990000000000000000e+02 3.840000000000000000e+02 3.540000000000000000e+02
3.810000000000000000e+02 4.760000000000000000e+02 4.450000000000000000e+02 5.120000000000000000e+02
3.970000000000000000e+02 2.960000000000000000e+02 4.670000000000000000e+02 3.730000000000000000e+02
