0.000000000000000000e+00 3.000000000000000000e+00 5.200000000000000000e+01 6.600000000000000000e+01
0.000000000000000000e+00 4.200000000000000000e+01 2.600000000000000000e+01 9.500000000000000000e+01
0.000000000000000000e+00 4.070000000000000000e+02 8.000000000000000000e+00 4.370000000000000000e+02
1.600000000000000000e+01 2.300000000000000000e+02 6.600000000000000000e+01 2.760000000000000000e+02
5.100000000000000000e+01 4.050000000000000000e+02 1.310000000000000000e+02 5.090000000000000000e+02
7.300000000000000000e+01 2.420000000000000000e+02 1.400000000000000000e+02 3.000000000000000000e+02
7.400000000000000000e+01 0.000000000000000000e+00 1.230000000000000000e+02 4.100000000000000000e+01
1.770000000000000000e+02 4.670000000000000000e+02 2.290000000000000000e+02 5.090000000000000000e+02
2.190000000000000000e+02 2.350000000000000000e+02 2.680000000000000000e+02 2.930000000000000000e+02
2.220000000000000000e+02 1.700000000000000000e+02 2.710000000000000000e+02 2.170000000000000000e+02
2.350000000000000000e+02 3.610000000000000000e+02 3.020000000000000000e+02 4.430000000000000000e+02
3.040000000000000000e+02 5.020000000000000000e+02 3.280000000000000000e+02 5.120000000000000000e+02
3.360000000000000000e+02 5.900000000000000000e+01 3.860000000000000000e+02 1.070000000000000000e+02
4.610000000000000000e+02 3.220000000000000000e+02 5.120000000000000000e+02 3.860000000000000000e+02
4.720000000000000000e+02 4.310000000000000000e+02 5.120000000000000000e+02 4.800000000000000000e+02
4.760000000000000000e+02 2.570000000000000000e+02 5.120000000000000000e+02 3.080000000000000000e+02
5.110000000000000000e+02 4.900000000000000000e+01 5.120000000000000000e+02 5.800000000000000000e+01
