0.000000000000000000e+00 0.000000000000000000e+00 7.700000000000000000e+01 4.200000000000000000e+01
4.000000000000000000e+00 2.130000000000000000e+02 3.600000000000000000e+01 2.350000000000000000e+02
8.000000000000000000e+00 3.110000000000000000e+02 6.500000000000000000e+01 3.670000000000000000e+02
1.700000000000000000e+01 1.230000000000000000e+02 3.400000000000000000e+01 1.390000000000000000e+02
7.600000000000000000e+01 2.600000000000000000e+01 1.310000000000000000e+02 8.400000000000000000e+01
8.100000000000000000e+01 2.530000000000000000e+02 1.340000000000000000e+02 2.960000000000000000e+02
1.680000000000000000e+02 2.800000000000000000e+01 1.920000000000000000e+02 5.800000000000000000e+01
1.810000000000000000e+02 1.630000000000000000e+02 2.300000000000000000e+02 2.090000000000000000e+02
2.590000000000000000e+02 1.920000000000000000e+02 3.110000000000000000e+02 2.390000000000000000e+02
2.940000000000000000e+02 4.790000000000000000e+02 3.390000000000000000e+02 5.120000000000000000e+02
3.000000000000000000e+02 7.600000000000000000e+01 3.710000000000000000e+02 1.350000000000000000e+02
3.150000000000000000e+02 0.000000000000000000e+00 3.790000000000000000e+02 1.400000000000000000e+01
3.430000000000000000e+02 1.990000000000000000e+02 3.640000000000000000e+02 2.220000000000000000e+02
3.690000000000000000e+02 3.350000000000000000e+02 4.380000000000000000e+02 4.080000000000000000e+02
3.800000000000000000e+02 6.200000000000000000e+01 4.040000000000000000e+02 9.700000000000000000e+01
4.410000000000000000e+02 9.300000000000000000e+01 4.900000000000000000e+02 1.320000000000000000e+02
4.710000000000000000e+02 2.780000000000000000e+02 5.120000000000000000e+02 3.400000000000000000e+02
5.070000000000000000e+02 4.420000000000000000e+02 5.120000000000000000e+02 4.830000000000000000e+02
