0.000000000000000000e+00 4.500000000000000000e+01 1.600000000000000000e+01 9.500000000000000000e+01
0.000000000000000000e+00 1.920000000000000000e+02 3.100000000000000000e+01 2.500000000000000000e+02
4.200000000000000000e+01 2.360000000000000000e+02 8.300000000000000000e+01 2.810000000000000000e+02
5.500000000000000000e+01 3.610000000000000000e+02 9.800000000000000000e+01 4.190000000000000000e+02
6.800000000000000000e+01 4.340000000000000000e+02 1.070000000000000000e+02 4.770000000000000000e+02
7.500000000000000000e+01 0.000000000000000000e+00 1.140000000000000000e+02 3.600000000000000000e+01
1.380000000000000000e+02 4.530000000000000000e+02 1.870000000000000000e+02 5.060000000000000000e+02
1.670000000000000000e+02 3.650000000000000000e+02 2.060000000000000000e+02 4.100000000000000000e+02
2.280000000000000000e+02 4.390000000000000000e+02 2.790000000000000000e+02 4.920000000000000000e+02
2.430000000000000000e+02 2.160000000000000000e+02 3.270000000000000000e+02 3.090000000000000000e+02
2.920000000000000000e+02 9.300000000000000000e+01 3.330000000000000000e+02 1.450000000000000000e+02
3.130000000000000000e+02 3.430000000000000000e+02 3.760000000000000000e+02 4.180000000000000000e+02
3.560000000000000000e+02 8.600000000000000000e+01 4.140000000000000000e+02 1.520000000000000000e+02
3.810000000000000000e+02 4.000000000000000000e+00 4.460000000000000000e+02 6.900000000000000000e+01
4.270000000000000000e+02 0.000000000000000000e+00 4.810000000000000000e+02 4.000000000000000000e+01
4.290000000000000000e+02 2.630000000000000000e+02 4.980000000000000000e+02 3.380000000000000000e+02
4.300000000000000000e+02 1.690000000000000000e+02 5.120000000000000000e+02 2.410000000000000000e+02
4.530000000000000000e+02 4.990000000000000000e+02 5.090000000000000000e+02 5.120000000000000000e+02
4.830000000000000000e+02 3.590000000000000000e+02 5.120000000000000000e+02 4.060000000000000000e+02
4.890000000000000000e+02 0.000000000000000000e+00 5.100000000000000000e+02 1.400000000000000000e+01
