0.000000000000000000e+00 3.850000000000000000e+02 6.200000000000000000e+01 4.900000000000000000e+02
1.000000000000000000e+00 3.300000000000000000e+01 4.000000000000000000e+01 1.220000000000000000e+02
1.700000000000000000e+01 1.870000000000000000e+02 8.000000000000000000e+01 2.600000000000000000e+02
8.000000000000000000e+01 3.280000000000000000e+02 1.520000000000000000e+02 4.150000000000000000e+02
1.170000000000000000e+02 6.000000000000000000e+01 1.680000000000000000e+02 1.110000000000000000e+02
1.320000000000000000e+02 1.840000000000000000e+02 1.890000000000000000e+02 2.330000000000000000e+02
1.930000000000000000e+02 3.850000000000000000e+02 2.400000000000000000e+02 4.340000000000000000e+02
1.940000000000000000e+02 0.000000000000000000e+00 2.530000000000000000e+02 2.800000000000000000e+01
2.400000000000000000e+02 2.720000000000000000e+02 2.850000000000000000e+02 3.230000000000000000e+02
3.010000000000000000e+02 4.880000000000000000e+02 3.560000000000000000e+02 5.120000000000000000e+02
3.180000000000000000e+02 2.450000000000000000e+02 3.530000000000000000e+02 2.800000000000000000e+02
3.360000000000000000e+02 0.000000000000000000e+00 3.810000000000000000e+02 4.700000000000000000e+01
3.960000000000000000e+02 1.900000000000000000e+01 4.900000000000000000e+02 1.240000000000000000e+02
3.960000000000000000e+02 3.870000000000000000e+02 4.770000000000000000e+02 5.000000000000000000e+02
4.890000000000000000e+02 7.200000000000000000e+01 5.100000000000000000e+02 1.350000000000000000e+02
4.920000000000000000e+02 1.890000000000000000e+02 5.120000000000000000e+02 2.430000000000000000e+02
