0.000000000000000000e+00 1.540000000000000000e+02 3.800000000000000000e+01 2.190000000000000000e+02
2.600000000000000000e+01 1.120000000000000000e+02 7.900000000000000000e+01 1.690000000000000000e+02
8.700000000000000000e+01 9.700000000000000000e+01 1.420000000000000000e+02 1.600000000000000000e+02
1.890000000000000000e+02 3.410000000000000000e+02 2.520000000000000000e+02 4.020000000000000000e+02
2.740000000000000000e+02 1.470000000000000000e+02 3.470000000000000000e+02 2.160000000000000000e+02
3.240000000000000000e+02 2.580000000000000000e+02 3.970000000000000000e+02 3.290000000000000000e+02
3.490000000000000000e+02 5.000000000000000000e+01 4.160000000000000000e+02 1.130000000000000000e+02
4.050000000000000000e+02 0.000000000000000000e+00 4.700000000000000000e+02 2.300000000000000000e+01
4.140000000000000000e+02 1.540000000000000000e+02 4.970000000000000000e+02 2.790000000000000000e+02
4.430000000000000000e+02 4.990000000000000000e+02 5.020000000000000000e+02 5.120000000000000000e+02
