0.000000000000000000e+00 7.400000000000000000e+01 5.800000000000000000e+01 1.430000000000000000e+02
0.000000000000000000e+00 2.250000000000000000e+02 2.900000000000000000e+01 2.960000000000000000e+02
1.700000000000000000e+01 3.050000000000000000e+02 7.600000000000000000e+01 3.640000000000000000e+02
4.200000000000000000e+01 3.750000000000000000e+02 1.240000000000000000e+02 4.600000000000000000e+02
8.000000000000000000e+01 1.940000000000000000e+02 1.270000000000000000e+02 2.410000000000000000e+02
1.250000000000000000e+02 3.900000000000000000e+01 2.340000000000000000e+02 1.300000000000000000e+02
1.250000000000000000e+02 4.910000000000000000e+02 1.680000000000000000e+02 5.090000000000000000e+02
1.620000000000000000e+02 3.760000000000000000e+02 2.230000000000000000e+02 4.390000000000000000e+02
1.710000000000000000e+02 1.440000000000000000e+02 2.520000000000000000e+02 2.720000000000000000e+02
2.740000000000000000e+02 3.010000000000000000e+02 3.730000000000000000e+02 4.000000000000000000e+02
3.350000000000000000e+02 1.430000000000000000e+02 4.080000000000000000e+02 2.080000000000000000e+02
4.050000000000000000e+02 2.080000000000000000e+02 4.980000000000000000e+02 3.050000000000000000e+02
4.560000000000000000e+02 7.700000000000000000e+01 5.120000000000000000e+02 1.400000000000000000e+02
