1.900000000000000000e+01 1.580000000000000000e+02 1.150000000000000000e+02 2.510000000000000000e+02
5.400000000000000000e+01 3.180000000000000000e+02 1.060000000000000000e+02 3.770000000000000000e+02
6.100000000000000000e+01 4.960000000000000000e+02 1.030000000000000000e+02 5.120000000000000000e+02
1.090000000000000000e+02 1.280000000000000000e+02 2.040000000000000000e+02 2.230000000000000000e+02
1.200000000000000000e+02 3.300000000000000000e+02 1.890000000000000000e+02 4.020000000000000000e+02
2.200000000000000000e+02 1.310000000000000000e+02 3.140000000000000000e+02 2.120000000000000000e+02
2.410000000000000000e+02 4.820000000000000000e+02 3.420000000000000000e+02 5.120000000000000000e+02
2.590000000000000000e+02 7.000000000000000000e+00 3.020000000000000000e+02 5.500000000000000000e+01
2.600000000000000000e+02 2.990000000000000000e+02 3.320000000000000000e+02 3.680000000000000000e+02
3.710000000000000000e+02 9.200000000000000000e+01 4.950000000000000000e+02 2.120000000000000000e+02
3.940000000000000000e+02 4.720000000000000000e+02 4.720000000000000000e+02 5.120000000000000000e+02
