0.000000000000000000e+00 1.570000000000000000e+02 2.100000000000000000e+01 2.010000000000000000e+02
0.000000000000000000e+00 3.010000000000000000e+02 1.000000000000000000e+00 3.070000000000000000e+02
5.300000000000000000e+01 1.250000000000000000e+02 1.090000000000000000e+02 1.750000000000000000e+02
9.400000000000000000e+01 3.800000000000000000e+01 1.300000000000000000e+02 7.900000000000000000e+01
9.400000000000000000e+01 3.670000000000000000e+02 1.440000000000000000e+02 4.150000000000000000e+02
1.010000000000000000e+02 4.280000000000000000e+02 1.800000000000000000e+02 5.120000000000000000e+02
1.100000000000000000e+02 2.440000000000000000e+02 1.510000000000000000e+02 2.880000000000000000e+02
2.010000000000000000e+02 1.390000000000000000e+02 3.010000000000000000e+02 2.440000000000000000e+02
2.420000000000000000e+02 2.700000000000000000e+01 3.000000000000000000e+02 8.300000000000000000e+01
3.410000000000000000e+02 0.000000000000000000e+00 3.860000000000000000e+02 2.900000000000000000e+01
3.690000000000000000e+02 1.050000000000000000e+02 4.900000000000000000e+02 2.060000000000000000e+02
3.840000000000000000e+02 2.920000000000000000e+02 4.370000000000000000e+02 3.430000000000000000e+02
4.000000000000000000e+02 3.640000000000000000e+02 4.600000000000000000e+02 4.210000000000000000e+02
4.530000000000000000e+02 4.540000000000000000e+02 5.050000000000000000e+02 5.060000000000000000e+02
