1.600000000000000000e+01 4.860000000000000000e+02 5.100000000000000000e+01 5.120000000000000000e+02
3.500000000000000000e+01 1.450000000000000000e+02 9.900000000000000000e+01 2.040000000000000000e+02
4.000000000000000000e+01 4.680000000000000000e+02 6.800000000000000000e+01 5.120000000000000000e+02
1.150000000000000000e+02 1.910000000000000000e+02 1.540000000000000000e+02 2.280000000000000000e+02
1.170000000000000000e+02 3.120000000000000000e+02 1.920000000000000000e+02 3.700000000000000000e+02
1.260000000000000000e+02 8.300000000000000000e+01 2.040000000000000000e+02 1.610000000000000000e+02
2.100000000000000000e+02 3.200000000000000000e+01 2.480000000000000000e+02 7.300000000000000000e+01
2.210000000000000000e+02 4.700000000000000000e+02 2.510000000000000000e+02 5.090000000000000000e+02
2.530000000000000000e+02 4.550000000000000000e+02 2.930000000000000000e+02 5.120000000000000000e+02
2.830000000000000000e+02 4.420000000000000000e+02 3.460000000000000000e+02 5.090000000000000000e+02
2.890000000000000000e+02 0.000000000000000000e+00 3.580000000000000000e+02 3.800000000000000000e+01
2.920000000000000000e+02 1.060000000000000000e+02 3.620000000000000000e+02 1.880000000000000000e+02
3.210000000000000000e+02 2.640000000000000000e+02 3.410000000000000000e+02 2.820000000000000000e+02
3.490000000000000000e+02 4.000000000000000000e+02 4.000000000000000000e+02 4.540000000000000000e+02
3.680000000000000000e+02 5.090000000000000000e+02 3.790000000000000000e+02 5.120000000000000000e+02
3.890000000000000000e+02 5.600000000000000000e+01 4.280000000000000000e+02 8.300000000000000000e+01
4.340000000000000000e+02 4.640000000000000000e+02 4.740000000000000000e+02 5.030000000000000000e+02
4.780000000000000000e+02 3.540000000000000000e+02 5.120000000000000000e+02 3.980000000000000000e+02
4.810000000000000000e+02 1.600000000000000000e+01 5.120000000000000000e+02 7.600000000000000000e+01
