0.000000000000000000e+00 2.850000000000000000e+02 5.000000000000000000e+01 3.650000000000000000e+02
3.200000000000000000e+01 4.360000000000000000e+02 9.500000000000000000e+01 5.010000000000000000e+02
3.900000000000000000e+01 8.800000000000000000e+01 1.140000000000000000e+02 1.670000000000000000e+02
6.900000000000000000e+01 2.600000000000000000e+02 1.260000000000000000e+02 3.250000000000000000e+02
7.700000000000000000e+01 3.580000000000000000e+02 1.320000000000000000e+02 4.210000000000000000e+02
1.100000000000000000e+02 9.500000000000000000e+01 2.510000000000000000e+02 2.170000000000000000e+02
1.380000000000000000e+02 6.000000000000000000e+00 1.850000000000000000e+02 5.500000000000000000e+01
1.460000000000000000e+02 2.770000000000000000e+02 1.890000000000000000e+02 3.180000000000000000e+02
1.610000000000000000e+02 3.670000000000000000e+02 2.180000000000000000e+02 4.260000000000000000e+02
1.610000000000000000e+02 4.470000000000000000e+02 2.620000000000000000e+02 5.120000000000000000e+02
2.540000000000000000e+02 2.070000000000000000e+02 3.510000000000000000e+02 3.140000000000000000e+02
2.640000000000000000e+02 4.330000000000000000e+02 3.110000000000000000e+02 4.900000000000000000e+02
2.940000000000000000e+02 1.060000000000000000e+02 3.350000000000000000e+02 1.610000000000000000e+02
3.000000000000000000e+02 3.080000000000000000e+02 3.710000000000000000e+02 3.790000000000000000e+02
3.280000000000000000e+02 4.970000000000000000e+02 3.570000000000000000e+02 5.120000000000000000e+02
3.370000000000000000e+02 1.160000000000000000e+02 4.060000000000000000e+02 1.850000000000000000e+02
3.600000000000000000e+02 2.000000000000000000e+00 4.380000000000000000e+02 4.300000000000000000e+01
4.110000000000000000e+02 4.460000000000000000e+02 4.600000000000000000e+02 4.990000000000000000e+02
4.140000000000000000e+02 2.930000000000000000e+02 4.610000000000000000e+02 3.520000000000000000e+02
4.770000000000000000e+02 2.000000000000000000e+00 5.100000000000000000e+02 2.900000000000000000e+01
4.820000000000000000e+02 3.790000000000000000e+02 5.120000000000000000e+02 4.470000000000000000e+02
5.020000000000000000e+02 3.260000000000000000e+02 5.120000000000000000e+02 3.520000000000000000e+02
