0.000000000000000000e+00 2.850000000000000000e+02 2.800000000000000000e+01 3.610000000000000000e+02
4.400000000000000000e+01 8.400000000000000000e+01 1.050000000000000000e+02 1.490000000000000000e+02
1.100000000000000000e+02 0.000000000000000000e+00 2.040000000000000000e+02 9.700000000000000000e+01
2.140000000000000000e+02 0.000000000000000000e+00 2.630000000000000000e+02 5.100000000000000000e+01
2.190000000000000000e+02 2.580000000000000000e+02 2.740000000000000000e+02 3.130000000000000000e+02
2.800000000000000000e+02 3.950000000000000000e+02 3.410000000000000000e+02 4.560000000000000000e+02
3.290000000000000000e+02 1.060000000000000000e+02 4.360000000000000000e+02 1.950000000000000000e+02
3.730000000000000000e+02 4.280000000000000000e+02 4.200000000000000000e+02 4.790000000000000000e+02
4.580000000000000000e+02 7.500000000000000000e+01 5.120000000000000000e+02 1.780000000000000000e+02
4.740000000000000000e+02 2.810000000000000000e+02 5.120000000000000000e+02 3.440000000000000000e+02
