0.000000000000000000e+00 1.090000000000000000e+02 5.200000000000000000e+01 1.630000000000000000e+02
0.000000000000000000e+00 3.690000000000000000e+02 4.800000000000000000e+01 4.400000000000000000e+02
4.000000000000000000e+00 0.000000000000000000e+00 8.300000000000000000e+01 5.600000000000000000e+01
5.200000000000000000e+01 4.500000000000000000e+02 1.110000000000000000e+02 5.110000000000000000e+02
9.700000000000000000e+01 2.740000000000000000e+02 1.790000000000000000e+02 3.590000000000000000e+02
1.030000000000000000e+02 1.840000000000000000e+02 1.510000000000000000e+02 2.320000000000000000e+02
1.210000000000000000e+02 0.000000000000000000e+00 1.530000000000000000e+02 1.100000000000000000e+01
1.530000000000000000e+02 4.180000000000000000e+02 2.090000000000000000e+02 4.720000000000000000e+02
1.810000000000000000e+02 5.020000000000000000e+02 2.090000000000000000e+02 5.120000000000000000e+02
2.680000000000000000e+02 5.900000000000000000e+01 3.240000000000000000e+02 1.150000000000000000e+02
2.710000000000000000e+02 3.720000000000000000e+02 3.380000000000000000e+02 4.410000000000000000e+02
2.760000000000000000e+02 2.320000000000000000e+02 3.350000000000000000e+02 2.940000000000000000e+02
3.090000000000000000e+02 0.000000000000000000e+00 3.540000000000000000e+02 1.800000000000000000e+01
3.890000000000000000e+02 1.220000000000000000e+02 4.700000000000000000e+02 1.970000000000000000e+02
3.990000000000000000e+02 3.600000000000000000e+01 4.560000000000000000e+02 9.300000000000000000e+01
4.100000000000000000e+02 3.350000000000000000e+02 5.080000000000000000e+02 4.720000000000000000e+02
