1.700000000000000000e+01 8.600000000000000000e+01 6.600000000000000000e+01 1.390000000000000000e+02
5.000000000000000000e+01 2.000000000000000000e+00 1.180000000000000000e+02 8.100000000000000000e+01
6.600000000000000000e+01 4.410000000000000000e+02 1.170000000000000000e+02 4.920000000000000000e+02
9.300000000000000000e+01 1.020000000000000000e+02 1.920000000000000000e+02 2.070000000000000000e+02
1.900000000000000000e+02 2.500000000000000000e+02 2.390000000000000000e+02 3.070000000000000000e+02
2.310000000000000000e+02 3.240000000000000000e+02 2.960000000000000000e+02 3.810000000000000000e+02
2.770000000000000000e+02 3.530000000000000000e+02 3.880000000000000000e+02 5.110000000000000000e+02
2.960000000000000000e+02 5.200000000000000000e+01 3.670000000000000000e+02 1.330000000000000000e+02
3.080000000000000000e+02 1.920000000000000000e+02 3.590000000000000000e+02 2.410000000000000000e+02
4.540000000000000000e+02 4.430000000000000000e+02 4.970000000000000000e+02 4.980000000000000000e+02
