0.000000000000000000e+00 4.700000000000000000e+01 1.900000000000000000e+01 9.100000000000000000e+01
1.000000000000000000e+00 3.220000000000000000e+02 6.000000000000000000e+01 4.240000000000000000e+02
2.000000000000000000e+00 0.000000000000000000e+00 2.300000000000000000e+01 1.500000000000000000e+01
2.700000000000000000e+01 1.790000000000000000e+02 9.000000000000000000e+01 2.420000000000000000e+02
4.700000000000000000e+01 5.300000000000000000e+01 1.230000000000000000e+02 1.470000000000000000e+02
9.100000000000000000e+01 3.980000000000000000e+02 1.560000000000000000e+02 4.690000000000000000e+02
9.500000000000000000e+01 4.870000000000000000e+02 1.490000000000000000e+02 5.100000000000000000e+02
1.100000000000000000e+02 1.740000000000000000e+02 1.630000000000000000e+02 2.310000000000000000e+02
1.580000000000000000e+02 5.300000000000000000e+01 2.210000000000000000e+02 1.140000000000000000e+02
1.650000000000000000e+02 1.890000000000000000e+02 2.360000000000000000e+02 2.600000000000000000e+02
2.060000000000000000e+02 0.000000000000000000e+00 2.790000000000000000e+02 3.300000000000000000e+01
2.130000000000000000e+02 8.400000000000000000e+01 2.580000000000000000e+02 1.310000000000000000e+02
2.590000000000000000e+02 3.030000000000000000e+02 3.200000000000000000e+02 3.640000000000000000e+02
2.760000000000000000e+02 1.110000000000000000e+02 3.130000000000000000e+02 1.540000000000000000e+02
2.960000000000000000e+02 0.000000000000000000e+00 3.610000000000000000e+02 2.700000000000000000e+01
3.530000000000000000e+02 1.000000000000000000e+01 4.620000000000000000e+02 1.850000000000000000e+02
3.600000000000000000e+02 3.890000000000000000e+02 4.050000000000000000e+02 4.380000000000000000e+02
3.720000000000000000e+02 3.040000000000000000e+02 4.170000000000000000e+02 3.490000000000000000e+02
3.770000000000000000e+02 2.220000000000000000e+02 4.280000000000000000e+02 2.750000000000000000e+02
4.650000000000000000e+02 4.100000000000000000e+01 5.110000000000000000e+02 9.400000000000000000e+01
4.740000000000000000e+02 3.630000000000000000e+02 5.110000000000000000e+02 4.080000000000000000e+02
