0.000000000000000000e+00 3.160000000000000000e+02 4.000000000000000000e+01 3.840000000000000000e+02
1.400000000000000000e+01 2.140000000000000000e+02 9.800000000000000000e+01 3.040000000000000000e+02
6.200000000000000000e+01 5.600000000000000000e+01 1.500000000000000000e+02 1.530000000000000000e+02
7.400000000000000000e+01 2.920000000000000000e+02 1.830000000000000000e+02 3.510000000000000000e+02
8.800000000000000000e+01 3.530000000000000000e+02 1.600000000000000000e+02 4.260000000000000000e+02
1.870000000000000000e+02 4.690000000000000000e+02 2.360000000000000000e+02 5.120000000000000000e+02
1.990000000000000000e+02 7.000000000000000000e+00 2.520000000000000000e+02 6.000000000000000000e+01
2.560000000000000000e+02 1.570000000000000000e+02 3.430000000000000000e+02 2.420000000000000000e+02
2.700000000000000000e+02 3.040000000000000000e+02 3.110000000000000000e+02 3.490000000000000000e+02
2.980000000000000000e+02 2.440000000000000000e+02 3.580000000000000000e+02 3.050000000000000000e+02
3.090000000000000000e+02 3.600000000000000000e+02 3.910000000000000000e+02 4.350000000000000000e+02
3.640000000000000000e+02 1.700000000000000000e+01 4.210000000000000000e+02 7.600000000000000000e+01
3.810000000000000000e+02 1.830000000000000000e+02 4.510000000000000000e+02 2.670000000000000000e+02
4.170000000000000000e+02 2.650000000000000000e+02 4.640000000000000000e+02 3.120000000000000000e+02
4.960000000000000000e+02 5.040000000000000000e+02 5.120000000000000000e+02 5.120000000000000000e+02
