1.000000000000000000e+00 4.350000000000000000e+02 5.700000000000000000e+01 5.110000000000000000e+02
1.500000000000000000e+01 3.250000000000000000e+02 9.600000000000000000e+01 4.080000000000000000e+02
1.160000000000000000e+02 3.740000000000000000e+02 1.710000000000000000e+02 4.310000000000000000e+02
1.780000000000000000e+02 9.000000000000000000e+01 2.770000000000000000e+02 1.950000000000000000e+02
1.920000000000000000e+02 1.000000000000000000e+00 2.690000000000000000e+02 3.200000000000000000e+01
2.830000000000000000e+02 4.060000000000000000e+02 3.660000000000000000e+02 4.930000000000000000e+02
2.850000000000000000e+02 6.900000000000000000e+01 3.780000000000000000e+02 1.480000000000000000e+02
2.900000000000000000e+02 1.000000000000000000e+00 3.640000000000000000e+02 3.700000000000000000e+01
3.960000000000000000e+02 2.160000000000000000e+02 4.820000000000000000e+02 3.050000000000000000e+02
4.030000000000000000e+02 3.160000000000000000e+02 5.040000000000000000e+02 4.070000000000000000e+02
4.180000000000000000e+02 7.500000000000000000e+01 4.790000000000000000e+02 1.480000000000000000e+02
