0.000000000000000000e+00 1.020000000000000000e+02 5.900000000000000000e+01 1.800000000000000000e+02
0.000000000000000000e+00 2.050000000000000000e+02 4.000000000000000000e+00 2.250000000000000000e+02
0.000000000000000000e+00 2.420000000000000000e+02 5.100000000000000000e+01 3.060000000000000000e+02
0.000000000000000000e+00 3.770000000000000000e+02 1.600000000000000000e+01 4.250000000000000000e+02
2.800000000000000000e+01 4.690000000000000000e+02 9.300000000000000000e+01 5.120000000000000000e+02
3.600000000000000000e+01 1.770000000000000000e+02 9.400000000000000000e+01 2.380000000000000000e+02
5.900000000000000000e+01 0.000000000000000000e+00 1.090000000000000000e+02 2.600000000000000000e+01
1.200000000000000000e+02 3.960000000000000000e+02 1.710000000000000000e+02 4.510000000000000000e+02
1.610000000000000000e+02 3.340000000000000000e+02 2.240000000000000000e+02 3.990000000000000000e+02
1.710000000000000000e+02 2.390000000000000000e+02 2.380000000000000000e+02 3.240000000000000000e+02
1.910000000000000000e+02 1.500000000000000000e+02 3.010000000000000000e+02 2.270000000000000000e+02
1.950000000000000000e+02 4.900000000000000000e+01 2.700000000000000000e+02 1.350000000000000000e+02
2.440000000000000000e+02 0.000000000000000000e+00 2.680000000000000000e+02 8.000000000000000000e+00
2.640000000000000000e+02 4.670000000000000000e+02 3.280000000000000000e+02 5.120000000000000000e+02
2.700000000000000000e+02 3.340000000000000000e+02 3.510000000000000000e+02 4.340000000000000000e+02
2.790000000000000000e+02 1.090000000000000000e+02 3.510000000000000000e+02 1.680000000000000000e+02
3.260000000000000000e+02 4.000000000000000000e+00 4.320000000000000000e+02 9.900000000000000000e+01
3.720000000000000000e+02 4.380000000000000000e+02 4.310000000000000000e+02 4.910000000000000000e+02
4.190000000000000000e+02 3.780000000000000000e+02 4.970000000000000000e+02 4.490000000000000000e+02
4.200000000000000000e+02 0.000000000000000000e+00 4.470000000000000000e+02 7.000000000000000000e+00
4.360000000000000000e+02 2.390000000000000000e+02 5.050000000000000000e+02 3.000000000000000000e+02
4.640000000000000000e+02 5.020000000000000000e+02 5.000000000000000000e+02 5.120000000000000000e+02
