2.000000000000000000e+00 1.190000000000000000e+02 3.300000000000000000e+01 1.830000000000000000e+02
2.700000000000000000e+01 4.990000000000000000e+02 5.500000000000000000e+01 5.120000000000000000e+02
3.200000000000000000e+01 9.000000000000000000e+00 6.900000000000000000e+01 5.400000000000000000e+01
5.800000000000000000e+01 4.640000000000000000e+02 1.110000000000000000e+02 5.110000000000000000e+02
7.500000000000000000e+01 3.680000000000000000e+02 1.540000000000000000e+02 4.450000000000000000e+02
1.150000000000000000e+02 1.450000000000000000e+02 1.460000000000000000e+02 1.760000000000000000e+02
1.370000000000000000e+02 2.070000000000000000e+02 2.200000000000000000e+02 3.080000000000000000e+02
1.840000000000000000e+02 1.650000000000000000e+02 2.090000000000000000e+02 1.960000000000000000e+02
2.060000000000000000e+02 8.600000000000000000e+01 2.550000000000000000e+02 1.370000000000000000e+02
2.550000000000000000e+02 4.750000000000000000e+02 3.250000000000000000e+02 5.120000000000000000e+02
2.630000000000000000e+02 2.270000000000000000e+02 3.020000000000000000e+02 2.900000000000000000e+02
2.860000000000000000e+02 9.000000000000000000e+01 3.550000000000000000e+02 2.160000000000000000e+02
3.010000000000000000e+02 2.890000000000000000e+02 4.110000000000000000e+02 4.640000000000000000e+02
4.180000000000000000e+02 1.610000000000000000e+02 4.990000000000000000e+02 2.740000000000000000e+02
4.350000000000000000e+02 4.290000000000000000e+02 4.740000000000000000e+02 4.740000000000000000e+02
