0.000000000000000000e+00 3.350000000000000000e+02 3.000000000000000000e+01 3.860000000000000000e+02
3.200000000000000000e+01 4.610000000000000000e+02 6.700000000000000000e+01 4.960000000000000000e+02
6.400000000000000000e+01 0.000000000000000000e+00 1.100000000000000000e+02 4.400000000000000000e+01
8.100000000000000000e+01 7.100000000000000000e+01 1.460000000000000000e+02 1.360000000000000000e+02
1.210000000000000000e+02 3.430000000000000000e+02 1.390000000000000000e+02 3.580000000000000000e+02
1.470000000000000000e+02 2.420000000000000000e+02 1.940000000000000000e+02 3.050000000000000000e+02
1.730000000000000000e+02 2.170000000000000000e+02 2.230000000000000000e+02 2.580000000000000000e+02
1.830000000000000000e+02 3.200000000000000000e+02 2.070000000000000000e+02 3.380000000000000000e+02
2.080000000000000000e+02 3.720000000000000000e+02 2.580000000000000000e+02 4.230000000000000000e+02
2.540000000000000000e+02 4.770000000000000000e+02 2.890000000000000000e+02 5.110000000000000000e+02
2.600000000000000000e+02 0.000000000000000000e+00 3.290000000000000000e+02 3.000000000000000000e+01
2.610000000000000000e+02 2.290000000000000000e+02 3.010000000000000000e+02 2.740000000000000000e+02
2.860000000000000000e+02 2.840000000000000000e+02 3.650000000000000000e+02 3.520000000000000000e+02
3.070000000000000000e+02 1.310000000000000000e+02 4.040000000000000000e+02 2.150000000000000000e+02
3.110000000000000000e+02 3.950000000000000000e+02 3.330000000000000000e+02 4.180000000000000000e+02
3.140000000000000000e+02 3.590000000000000000e+02 3.440000000000000000e+02 3.860000000000000000e+02
3.540000000000000000e+02 4.500000000000000000e+01 4.110000000000000000e+02 1.160000000000000000e+02
3.570000000000000000e+02 3.790000000000000000e+02 3.990000000000000000e+02 4.050000000000000000e+02
4.240000000000000000e+02 2.350000000000000000e+02 4.960000000000000000e+02 3.450000000000000000e+02
4.300000000000000000e+02 3.600000000000000000e+01 4.780000000000000000e+02 8.500000000000000000e+01
