2.000000000000000000e+00 1.500000000000000000e+01 1.800000000000000000e+01 6.500000000000000000e+01
4.000000000000000000e+00 4.920000000000000000e+02 3.800000000000000000e+01 5.120000000000000000e+02
2.400000000000000000e+01 2.540000000000000000e+02 1.150000000000000000e+02 3.490000000000000000e+02
5.700000000000000000e+01 1.000000000000000000e+00 1.630000000000000000e+02 6.800000000000000000e+01
9.000000000000000000e+01 3.670000000000000000e+02 1.570000000000000000e+02 4.400000000000000000e+02
1.230000000000000000e+02 4.420000000000000000e+02 1.800000000000000000e+02 5.010000000000000000e+02
1.640000000000000000e+02 9.000000000000000000e+01 1.990000000000000000e+02 1.290000000000000000e+02
1.730000000000000000e+02 3.730000000000000000e+02 2.080000000000000000e+02 4.220000000000000000e+02
2.140000000000000000e+02 1.600000000000000000e+02 2.890000000000000000e+02 2.430000000000000000e+02
2.420000000000000000e+02 2.690000000000000000e+02 3.010000000000000000e+02 3.460000000000000000e+02
2.770000000000000000e+02 5.800000000000000000e+01 3.400000000000000000e+02 1.380000000000000000e+02
3.000000000000000000e+02 4.140000000000000000e+02 3.670000000000000000e+02 4.830000000000000000e+02
3.380000000000000000e+02 1.000000000000000000e+00 3.820000000000000000e+02 1.300000000000000000e+01
3.420000000000000000e+02 4.300000000000000000e+01 3.870000000000000000e+02 9.200000000000000000e+01
3.490000000000000000e+02 1.380000000000000000e+02 4.060000000000000000e+02 1.910000000000000000e+02
4.480000000000000000e+02 2.480000000000000000e+02 5.120000000000000000e+02 3.310000000000000000e+02
