0.000000000000000000e+00 2.300000000000000000e+02 1.060000000000000000e+02 3.790000000000000000e+02
2.800000000000000000e+01 5.000000000000000000e+00 1.030000000000000000e+02 9.200000000000000000e+01
5.200000000000000000e+01 4.910000000000000000e+02 9.900000000000000000e+01 5.090000000000000000e+02
1.540000000000000000e+02 4.220000000000000000e+02 3.440000000000000000e+02 5.120000000000000000e+02
2.130000000000000000e+02 1.110000000000000000e+02 2.680000000000000000e+02 1.580000000000000000e+02
2.830000000000000000e+02 4.970000000000000000e+02 3.250000000000000000e+02 5.100000000000000000e+02
3.060000000000000000e+02 2.540000000000000000e+02 4.110000000000000000e+02 3.510000000000000000e+02
3.330000000000000000e+02 3.810000000000000000e+02 3.740000000000000000e+02 4.280000000000000000e+02
4.330000000000000000e+02 3.060000000000000000e+02 4.640000000000000000e+02 3.350000000000000000e+02
4.430000000000000000e+02 4.090000000000000000e+02 5.110000000000000000e+02 5.100000000000000000e+02
