0.000000000000000000e+00 2.140000000000000000e+02 5.100000000000000000e+01 2.730000000000000000e+02
1.300000000000000000e+01 4.200000000000000000e+02 8.700000000000000000e+01 4.920000000000000000e+02
4.700000000000000000e+01 2.930000000000000000e+02 1.000000000000000000e+02 3.560000000000000000e+02
5.300000000000000000e+01 1.070000000000000000e+02 1.280000000000000000e+02 1.500000000000000000e+02
1.020000000000000000e+02 4.900000000000000000e+02 1.670000000000000000e+02 5.120000000000000000e+02
1.250000000000000000e+02 4.900000000000000000e+01 2.490000000000000000e+02 1.220000000000000000e+02
1.400000000000000000e+02 3.700000000000000000e+02 2.100000000000000000e+02 4.410000000000000000e+02
1.850000000000000000e+02 2.110000000000000000e+02 2.660000000000000000e+02 2.760000000000000000e+02
3.450000000000000000e+02 0.000000000000000000e+00 5.060000000000000000e+02 4.200000000000000000e+01
3.640000000000000000e+02 3.920000000000000000e+02 4.670000000000000000e+02 4.790000000000000000e+02
4.690000000000000000e+02 6.000000000000000000e+01 5.110000000000000000e+02 1.370000000000000000e+02
