0.000000000000000000e+00 9.600000000000000000e+01 2.500000000000000000e+01 1.500000000000000000e+02
1.000000000000000000e+00 8.000000000000000000e+00 7.700000000000000000e+01 7.400000000000000000e+01
2.000000000000000000e+01 4.600000000000000000e+02 8.900000000000000000e+01 5.120000000000000000e+02
4.000000000000000000e+01 2.530000000000000000e+02 1.210000000000000000e+02 3.170000000000000000e+02
5.700000000000000000e+01 2.090000000000000000e+02 1.010000000000000000e+02 2.480000000000000000e+02
6.600000000000000000e+01 1.240000000000000000e+02 1.070000000000000000e+02 1.640000000000000000e+02
1.000000000000000000e+02 4.830000000000000000e+02 1.250000000000000000e+02 5.080000000000000000e+02
1.950000000000000000e+02 2.300000000000000000e+02 2.520000000000000000e+02 2.890000000000000000e+02
2.440000000000000000e+02 8.300000000000000000e+01 3.090000000000000000e+02 1.460000000000000000e+02
2.930000000000000000e+02 2.700000000000000000e+02 3.470000000000000000e+02 3.090000000000000000e+02
4.170000000000000000e+02 4.440000000000000000e+02 4.860000000000000000e+02 4.960000000000000000e+02
4.800000000000000000e+02 1.130000000000000000e+02 5.120000000000000000e+02 1.890000000000000000e+02
4.840000000000000000e+02 4.830000000000000000e+02 5.120000000000000000e+02 5.120000000000000000e+02
