0.000000000000000000e+00 1.050000000000000000e+02 1.400000000000000000e+01 1.550000000000000000e+02
3.000000000000000000e+01 4.400000000000000000e+02 8.500000000000000000e+01 4.980000000000000000e+02
4.900000000000000000e+01 0.000000000000000000e+00 8.100000000000000000e+01 1.000000000000000000e+01
8.900000000000000000e+01 2.740000000000000000e+02 1.120000000000000000e+02 3.190000000000000000e+02
1.090000000000000000e+02 8.700000000000000000e+01 1.450000000000000000e+02 1.470000000000000000e+02
1.260000000000000000e+02 2.910000000000000000e+02 1.700000000000000000e+02 3.450000000000000000e+02
1.440000000000000000e+02 1.320000000000000000e+02 2.310000000000000000e+02 2.110000000000000000e+02
1.650000000000000000e+02 4.800000000000000000e+01 1.990000000000000000e+02 1.010000000000000000e+02
1.830000000000000000e+02 3.170000000000000000e+02 2.220000000000000000e+02 3.730000000000000000e+02
2.610000000000000000e+02 3.610000000000000000e+02 2.970000000000000000e+02 3.960000000000000000e+02
2.740000000000000000e+02 6.100000000000000000e+01 3.090000000000000000e+02 9.800000000000000000e+01
3.170000000000000000e+02 7.500000000000000000e+01 3.520000000000000000e+02 1.210000000000000000e+02
3.170000000000000000e+02 3.550000000000000000e+02 3.670000000000000000e+02 4.120000000000000000e+02
3.660000000000000000e+02 8.600000000000000000e+01 3.870000000000000000e+02 1.320000000000000000e+02
4.440000000000000000e+02 3.990000000000000000e+02 5.120000000000000000e+02 4.720000000000000000e+02
4.480000000000000000e+02 2.160000000000000000e+02 5.120000000000000000e+02 2.820000000000000000e+02
5.010000000000000000e+02 2.880000000000000000e+02 5.120000000000000000e+02 3.350000000000000000e+02
