0.000000000000000000e+00 1.800000000000000000e+01 1.500000000000000000e+01 5.200000000000000000e+01
1.000000000000000000e+01 4.770000000000000000e+02 6.400000000000000000e+01 5.120000000000000000e+02
3.300000000000000000e+01 1.860000000000000000e+02 1.110000000000000000e+02 2.650000000000000000e+02
5.300000000000000000e+01 3.770000000000000000e+02 1.940000000000000000e+02 4.790000000000000000e+02
5.600000000000000000e+01 4.650000000000000000e+02 1.020000000000000000e+02 5.080000000000000000e+02
6.300000000000000000e+01 0.000000000000000000e+00 1.030000000000000000e+02 1.900000000000000000e+01
8.300000000000000000e+01 2.970000000000000000e+02 1.420000000000000000e+02 3.520000000000000000e+02
1.450000000000000000e+02 2.700000000000000000e+01 2.250000000000000000e+02 1.080000000000000000e+02
1.730000000000000000e+02 0.000000000000000000e+00 2.410000000000000000e+02 2.400000000000000000e+01
1.830000000000000000e+02 4.740000000000000000e+02 2.420000000000000000e+02 5.120000000000000000e+02
2.290000000000000000e+02 7.000000000000000000e+01 3.010000000000000000e+02 1.380000000000000000e+02
2.560000000000000000e+02 0.000000000000000000e+00 3.050000000000000000e+02 3.800000000000000000e+01
2.990000000000000000e+02 0.000000000000000000e+00 3.250000000000000000e+02 1.800000000000000000e+01
3.220000000000000000e+02 3.950000000000000000e+02 4.000000000000000000e+02 4.660000000000000000e+02
3.380000000000000000e+02 0.000000000000000000e+00 3.430000000000000000e+02 3.000000000000000000e+00
3.380000000000000000e+02 3.060000000000000000e+02 4.090000000000000000e+02 3.840000000000000000e+02
3.920000000000000000e+02 5.000000000000000000e+01 4.900000000000000000e+02 1.520000000000000000e+02
4.280000000000000000e+02 2.550000000000000000e+02 4.940000000000000000e+02 3.200000000000000000e+02
4.630000000000000000e+02 3.180000000000000000e+02 5.120000000000000000e+02 3.750000000000000000e+02
4.880000000000000000e+02 3.840000000000000000e+02 5.120000000000000000e+02 4.420000000000000000e+02
4.910000000000000000e+02 7.800000000000000000e+01 5.120000000000000000e+02 1.140000000000000000e+02
