1.000000000000000000e+00 2.260000000000000000e+02 7.000000000000000000e+00 2.480000000000000000e+02
2.000000000000000000e+00 2.700000000000000000e+01 1.800000000000000000e+01 6.800000000000000000e+01
1.000000000000000000e+01 2.220000000000000000e+02 8.300000000000000000e+01 3.030000000000000000e+02
2.100000000000000000e+01 3.700000000000000000e+01 8.200000000000000000e+01 1.000000000000000000e+02
3.000000000000000000e+01 3.350000000000000000e+02 1.110000000000000000e+02 4.200000000000000000e+02
9.600000000000000000e+01 2.200000000000000000e+01 2.260000000000000000e+02 1.310000000000000000e+02
1.210000000000000000e+02 2.230000000000000000e+02 1.910000000000000000e+02 3.450000000000000000e+02
1.580000000000000000e+02 3.500000000000000000e+02 2.210000000000000000e+02 4.210000000000000000e+02
1.830000000000000000e+02 4.660000000000000000e+02 2.520000000000000000e+02 5.120000000000000000e+02
2.300000000000000000e+02 1.320000000000000000e+02 3.410000000000000000e+02 3.740000000000000000e+02
2.340000000000000000e+02 3.880000000000000000e+02 2.830000000000000000e+02 4.430000000000000000e+02
2.650000000000000000e+02 4.000000000000000000e+01 3.340000000000000000e+02 1.110000000000000000e+02
2.870000000000000000e+02 4.390000000000000000e+02 3.690000000000000000e+02 5.120000000000000000e+02
3.390000000000000000e+02 0.000000000000000000e+00 3.680000000000000000e+02 1.200000000000000000e+01
3.710000000000000000e+02 3.100000000000000000e+01 4.340000000000000000e+02 1.060000000000000000e+02
4.610000000000000000e+02 4.000000000000000000e+01 5.090000000000000000e+02 1.010000000000000000e+02
