0.000000000000000000e+00 6.000000000000000000e+01 4.400000000000000000e+01 1.220000000000000000e+02
0.000000000000000000e+00 2.310000000000000000e+02 5.300000000000000000e+01 3.230000000000000000e+02
0.000000000000000000e+00 4.010000000000000000e+02 2.800000000000000000e+01 4.450000000000000000e+02
1.000000000000000000e+00 4.840000000000000000e+02 4.900000000000000000e+01 5.080000000000000000e+02
6.200000000000000000e+01 2.000000000000000000e+01 1.280000000000000000e+02 8.500000000000000000e+01
6.500000000000000000e+01 3.530000000000000000e+02 1.210000000000000000e+02 4.090000000000000000e+02
9.500000000000000000e+01 0.000000000000000000e+00 1.500000000000000000e+02 2.800000000000000000e+01
1.190000000000000000e+02 2.700000000000000000e+02 1.860000000000000000e+02 3.340000000000000000e+02
1.550000000000000000e+02 7.000000000000000000e+00 2.560000000000000000e+02 1.150000000000000000e+02
1.720000000000000000e+02 1.290000000000000000e+02 2.260000000000000000e+02 1.860000000000000000e+02
2.350000000000000000e+02 8.700000000000000000e+01 2.940000000000000000e+02 1.490000000000000000e+02
2.400000000000000000e+02 2.720000000000000000e+02 2.900000000000000000e+02 3.250000000000000000e+02
3.320000000000000000e+02 1.610000000000000000e+02 3.960000000000000000e+02 2.240000000000000000e+02
