0.000000000000000000e+00 3.000000000000000000e+01 2.700000000000000000e+01 9.300000000000000000e+01
0.000000000000000000e+00 2.640000000000000000e+02 1.130000000000000000e+02 3.540000000000000000e+02
1.000000000000000000e+01 3.970000000000000000e+02 7.400000000000000000e+01 4.540000000000000000e+02
4.100000000000000000e+01 4.900000000000000000e+02 1.070000000000000000e+02 5.120000000000000000e+02
4.500000000000000000e+01 2.500000000000000000e+01 1.250000000000000000e+02 1.090000000000000000e+02
9.700000000000000000e+01 2.100000000000000000e+02 1.790000000000000000e+02 3.110000000000000000e+02
1.090000000000000000e+02 3.730000000000000000e+02 1.910000000000000000e+02 4.540000000000000000e+02
2.010000000000000000e+02 4.470000000000000000e+02 2.550000000000000000e+02 5.090000000000000000e+02
2.480000000000000000e+02 5.020000000000000000e+02 2.860000000000000000e+02 5.120000000000000000e+02
2.510000000000000000e+02 0.000000000000000000e+00 3.370000000000000000e+02 8.000000000000000000e+01
2.840000000000000000e+02 3.650000000000000000e+02 3.620000000000000000e+02 4.410000000000000000e+02
3.070000000000000000e+02 1.160000000000000000e+02 3.710000000000000000e+02 1.870000000000000000e+02
3.570000000000000000e+02 1.570000000000000000e+02 4.290000000000000000e+02 2.360000000000000000e+02
3.840000000000000000e+02 2.410000000000000000e+02 4.520000000000000000e+02 3.100000000000000000e+02
3.850000000000000000e+02 1.000000000000000000e+00 4.510000000000000000e+02 6.600000000000000000e+01
3.950000000000000000e+02 3.430000000000000000e+02 4.580000000000000000e+02 4.060000000000000000e+02
4.600000000000000000e+02 8.800000000000000000e+01 5.120000000000000000e+02 1.480000000000000000e+02
4.900000000000000000e+02 2.580000000000000000e+02 5.120000000000000000e+02 2.930000000000000000e+02
4.920000000000000000e+02 1.910000000000000000e+02 5.120000000000000000e+02 2.540000000000000000e+02
5.000000000000000000e+02 3.000000000000000000e+02 5.120000000000000000e+02 3.370000000000000000e+02
5.100000000000000000e+02 4.250000000000000000e+02 5.120000000000000000e+02 4.290000000000000000e+02
