0.000000000000000000e+00 0.000000000000000000e+00 4.400000000000000000e+01 2.400000000000000000e+01
0.000000000000000000e+00 2.950000000000000000e+02 4.000000000000000000e+00 3.110000000000000000e+02
1.600000000000000000e+01 7.200000000000000000e+01 1.010000000000000000e+02 1.560000000000000000e+02
1.600000000000000000e+01 4.170000000000000000e+02 1.080000000000000000e+02 5.120000000000000000e+02
1.380000000000000000e+02 1.050000000000000000e+02 1.580000000000000000e+02 1.370000000000000000e+02
1.450000000000000000e+02 2.020000000000000000e+02 2.500000000000000000e+02 2.950000000000000000e+02
1.750000000000000000e+02 0.000000000000000000e+00 2.270000000000000000e+02 5.600000000000000000e+01
2.150000000000000000e+02 1.150000000000000000e+02 2.680000000000000000e+02 1.650000000000000000e+02
2.460000000000000000e+02 1.600000000000000000e+02 3.360000000000000000e+02 2.400000000000000000e+02
2.670000000000000000e+02 4.160000000000000000e+02 3.790000000000000000e+02 5.120000000000000000e+02
2.770000000000000000e+02 8.700000000000000000e+01 3.450000000000000000e+02 1.500000000000000000e+02
3.260000000000000000e+02 3.390000000000000000e+02 3.810000000000000000e+02 3.930000000000000000e+02
3.490000000000000000e+02 0.000000000000000000e+00 4.490000000000000000e+02 9.700000000000000000e+01
4.610000000000000000e+02 0.000000000000000000e+00 4.880000000000000000e+02 6.000000000000000000e+00
4.710000000000000000e+02 4.880000000000000000e+02 5.120000000000000000e+02 5.120000000000000000e+02
5.060000000000000000e+02 3.070000000000000000e+02 5.120000000000000000e+02 3.410000000000000000e+02
5.080000000000000000e+02 1.310000000000000000e+02 5.120000000000000000e+02 1.590000000000000000e+02
