1.000000000000000000e+00 1.000000000000000000e+00 7.700000000000000000e+01 5.700000000000000000e+01
1.900000000000000000e+01 2.830000000000000000e+02 1.060000000000000000e+02 3.660000000000000000e+02
8.100000000000000000e+01 1.160000000000000000e+02 1.380000000000000000e+02 1.710000000000000000e+02
1.040000000000000000e+02 1.500000000000000000e+01 1.870000000000000000e+02 9.600000000000000000e+01
1.050000000000000000e+02 4.030000000000000000e+02 1.960000000000000000e+02 5.040000000000000000e+02
2.070000000000000000e+02 3.960000000000000000e+02 2.960000000000000000e+02 4.820000000000000000e+02
3.170000000000000000e+02 1.780000000000000000e+02 4.220000000000000000e+02 2.770000000000000000e+02
3.640000000000000000e+02 2.850000000000000000e+02 4.430000000000000000e+02 3.780000000000000000e+02
3.640000000000000000e+02 4.180000000000000000e+02 4.370000000000000000e+02 4.790000000000000000e+02
4.750000000000000000e+02 2.900000000000000000e+02 5.110000000000000000e+02 3.640000000000000000e+02
4.800000000000000000e+02 1.920000000000000000e+02 5.110000000000000000e+02 2.690000000000000000e+02
