0.000000000000000000e+00 0.000000000000000000e+00 4.800000000000000000e+01 9.000000000000000000e+01
1.000000000000000000e+00 3.050000000000000000e+02 3.200000000000000000e+01 3.860000000000000000e+02
2.200000000000000000e+01 1.530000000000000000e+02 6.700000000000000000e+01 1.980000000000000000e+02
3.300000000000000000e+01 7.400000000000000000e+01 9.200000000000000000e+01 1.330000000000000000e+02
6.100000000000000000e+01 3.010000000000000000e+02 1.360000000000000000e+02 4.080000000000000000e+02
9.300000000000000000e+01 4.370000000000000000e+02 1.380000000000000000e+02 4.880000000000000000e+02
1.200000000000000000e+02 1.200000000000000000e+01 1.490000000000000000e+02 4.700000000000000000e+01
1.660000000000000000e+02 1.670000000000000000e+02 2.150000000000000000e+02 2.340000000000000000e+02
1.880000000000000000e+02 2.610000000000000000e+02 2.410000000000000000e+02 3.140000000000000000e+02
1.940000000000000000e+02 3.320000000000000000e+02 2.370000000000000000e+02 3.710000000000000000e+02
1.960000000000000000e+02 0.000000000000000000e+00 2.420000000000000000e+02 5.000000000000000000e+01
2.510000000000000000e+02 7.300000000000000000e+01 3.000000000000000000e+02 1.400000000000000000e+02
2.770000000000000000e+02 4.680000000000000000e+02 3.450000000000000000e+02 5.120000000000000000e+02
3.050000000000000000e+02 1.000000000000000000e+00 3.690000000000000000e+02 6.900000000000000000e+01
3.360000000000000000e+02 3.520000000000000000e+02 4.130000000000000000e+02 4.450000000000000000e+02
4.250000000000000000e+02 4.860000000000000000e+02 4.950000000000000000e+02 5.110000000000000000e+02
4.780000000000000000e+02 2.840000000000000000e+02 5.110000000000000000e+02 3.400000000000000000e+02
4.940000000000000000e+02 8.500000000000000000e+01 5.120000000000000000e+02 1.310000000000000000e+02
