0.000000000000000000e+00 8.000000000000000000e+00 4.500000000000000000e+01 5.800000000000000000e+01
0.000000000000000000e+00 1.050000000000000000e+02 6.900000000000000000e+01 1.640000000000000000e+02
0.000000000000000000e+00 1.790000000000000000e+02 1.300000000000000000e+01 2.120000000000000000e+02
0.000000000000000000e+00 3.400000000000000000e+02 2.600000000000000000e+01 3.940000000000000000e+02
1.300000000000000000e+01 3.940000000000000000e+02 8.800000000000000000e+01 4.640000000000000000e+02
3.600000000000000000e+01 2.120000000000000000e+02 9.100000000000000000e+01 2.610000000000000000e+02
5.400000000000000000e+01 8.500000000000000000e+01 8.500000000000000000e+01 1.160000000000000000e+02
1.420000000000000000e+02 2.760000000000000000e+02 1.800000000000000000e+02 3.090000000000000000e+02
1.440000000000000000e+02 4.240000000000000000e+02 2.220000000000000000e+02 4.720000000000000000e+02
1.470000000000000000e+02 4.830000000000000000e+02 1.850000000000000000e+02 5.120000000000000000e+02
1.510000000000000000e+02 6.900000000000000000e+01 2.000000000000000000e+02 1.130000000000000000e+02
2.110000000000000000e+02 3.200000000000000000e+01 2.540000000000000000e+02 7.700000000000000000e+01
2.510000000000000000e+02 1.520000000000000000e+02 3.150000000000000000e+02 2.290000000000000000e+02
2.600000000000000000e+02 3.890000000000000000e+02 3.210000000000000000e+02 4.350000000000000000e+02
3.120000000000000000e+02 3.200000000000000000e+02 3.600000000000000000e+02 3.750000000000000000e+02
3.930000000000000000e+02 1.990000000000000000e+02 4.800000000000000000e+02 2.770000000000000000e+02
4.300000000000000000e+02 5.040000000000000000e+02 4.670000000000000000e+02 5.120000000000000000e+02
4.390000000000000000e+02 9.300000000000000000e+01 4.830000000000000000e+02 1.240000000000000000e+02
