4.000000000000000000e+00 4.390000000000000000e+02 4.400000000000000000e+01 5.110000000000000000e+02
1.300000000000000000e+01 2.930000000000000000e+02 8.400000000000000000e+01 3.640000000000000000e+02
7.000000000000000000e+01 2.210000000000000000e+02 1.730000000000000000e+02 3.550000000000000000e+02
8.200000000000000000e+01 4.300000000000000000e+02 1.610000000000000000e+02 4.990000000000000000e+02
1.150000000000000000e+02 1.170000000000000000e+02 1.780000000000000000e+02 1.800000000000000000e+02
1.500000000000000000e+02 2.200000000000000000e+01 2.310000000000000000e+02 8.300000000000000000e+01
1.870000000000000000e+02 1.000000000000000000e+02 2.650000000000000000e+02 1.880000000000000000e+02
2.580000000000000000e+02 2.100000000000000000e+01 3.230000000000000000e+02 9.200000000000000000e+01
2.590000000000000000e+02 2.750000000000000000e+02 3.900000000000000000e+02 4.580000000000000000e+02
3.770000000000000000e+02 2.630000000000000000e+02 4.560000000000000000e+02 3.300000000000000000e+02
3.820000000000000000e+02 4.990000000000000000e+02 4.300000000000000000e+02 5.120000000000000000e+02
3.840000000000000000e+02 1.810000000000000000e+02 4.650000000000000000e+02 2.480000000000000000e+02
3.850000000000000000e+02 1.000000000000000000e+02 4.640000000000000000e+02 1.650000000000000000e+02
4.180000000000000000e+02 2.000000000000000000e+00 4.860000000000000000e+02 5.400000000000000000e+01
4.640000000000000000e+02 5.500000000000000000e+01 5.120000000000000000e+02 1.180000000000000000e+02
4.930000000000000000e+02 2.300000000000000000e+01 5.100000000000000000e+02 4.500000000000000000e+01
4.980000000000000000e+02 2.020000000000000000e+02 5.110000000000000000e+02 2.480000000000000000e+02
