7.000000000000000000e+00 4.970000000000000000e+02 1.800000000000000000e+01 5.120000000000000000e+02
8.000000000000000000e+00 2.350000000000000000e+02 7.300000000000000000e+01 3.060000000000000000e+02
4.200000000000000000e+01 1.000000000000000000e+00 9.400000000000000000e+01 5.500000000000000000e+01
4.600000000000000000e+01 5.000000000000000000e+02 7.100000000000000000e+01 5.120000000000000000e+02
6.300000000000000000e+01 4.800000000000000000e+02 1.090000000000000000e+02 5.120000000000000000e+02
9.900000000000000000e+01 4.400000000000000000e+01 1.340000000000000000e+02 8.400000000000000000e+01
1.210000000000000000e+02 3.670000000000000000e+02 2.060000000000000000e+02 4.410000000000000000e+02
1.530000000000000000e+02 1.600000000000000000e+02 2.050000000000000000e+02 1.900000000000000000e+02
1.810000000000000000e+02 2.100000000000000000e+02 2.250000000000000000e+02 2.590000000000000000e+02
1.890000000000000000e+02 0.000000000000000000e+00 2.160000000000000000e+02 9.000000000000000000e+00
2.170000000000000000e+02 1.570000000000000000e+02 2.790000000000000000e+02 1.890000000000000000e+02
3.320000000000000000e+02 4.810000000000000000e+02 3.870000000000000000e+02 5.120000000000000000e+02
3.390000000000000000e+02 3.940000000000000000e+02 3.770000000000000000e+02 4.320000000000000000e+02
3.690000000000000000e+02 2.720000000000000000e+02 4.060000000000000000e+02 3.140000000000000000e+02
3.770000000000000000e+02 1.750000000000000000e+02 4.220000000000000000e+02 2.150000000000000000e+02
3.880000000000000000e+02 3.380000000000000000e+02 4.510000000000000000e+02 3.940000000000000000e+02
4.310000000000000000e+02 3.660000000000000000e+02 4.750000000000000000e+02 4.460000000000000000e+02
4.680000000000000000e+02 3.980000000000000000e+02 5.120000000000000000e+02 4.570000000000000000e+02
