0.000000000000000000e+00 1.480000000000000000e+02 2.100000000000000000e+01 1.830000000000000000e+02
0.000000000000000000e+00 2.440000000000000000e+02 2.500000000000000000e+01 2.970000000000000000e+02
0.000000000000000000e+00 5.050000000000000000e+02 2.600000000000000000e+01 5.120000000000000000e+02
1.800000000000000000e+01 1.300000000000000000e+01 3.700000000000000000e+01 3.200000000000000000e+01
5.200000000000000000e+01 2.850000000000000000e+02 8.800000000000000000e+01 3.290000000000000000e+02
1.090000000000000000e+02 0.000000000000000000e+00 1.530000000000000000e+02 4.300000000000000000e+01
1.410000000000000000e+02 1.950000000000000000e+02 1.790000000000000000e+02 2.490000000000000000e+02
1.850000000000000000e+02 2.490000000000000000e+02 2.650000000000000000e+02 3.060000000000000000e+02
2.870000000000000000e+02 2.160000000000000000e+02 3.370000000000000000e+02 2.720000000000000000e+02
3.010000000000000000e+02 4.760000000000000000e+02 3.790000000000000000e+02 5.120000000000000000e+02
3.130000000000000000e+02 4.210000000000000000e+02 3.980000000000000000e+02 4.840000000000000000e+02
3.610000000000000000e+02 1.460000000000000000e+02 3.990000000000000000e+02 1.830000000000000000e+02
4.420000000000000000e+02 1.030000000000000000e+02 4.680000000000000000e+02 1.450000000000000000e+02
4.700000000000000000e+02 8.900000000000000000e+01 4.920000000000000000e+02 1.330000000000000000e+02
