0.000000000000000000e+00 4.190000000000000000e+02 5.200000000000000000e+01 4.760000000000000000e+02
0.000000000000000000e+00 4.890000000000000000e+02 3.400000000000000000e+01 5.120000000000000000e+02
3.000000000000000000e+00 2.350000000000000000e+02 4.200000000000000000e+01 2.780000000000000000e+02
5.000000000000000000e+01 2.980000000000000000e+02 9.500000000000000000e+01 3.560000000000000000e+02
9.000000000000000000e+01 1.370000000000000000e+02 1.800000000000000000e+02 2.430000000000000000e+02
1.290000000000000000e+02 2.720000000000000000e+02 1.930000000000000000e+02 3.410000000000000000e+02
1.290000000000000000e+02 4.800000000000000000e+02 1.840000000000000000e+02 5.120000000000000000e+02
2.220000000000000000e+02 0.000000000000000000e+00 2.790000000000000000e+02 3.600000000000000000e+01
2.470000000000000000e+02 4.000000000000000000e+02 2.890000000000000000e+02 4.240000000000000000e+02
3.000000000000000000e+02 0.000000000000000000e+00 3.330000000000000000e+02 1.600000000000000000e+01
3.280000000000000000e+02 2.700000000000000000e+02 3.750000000000000000e+02 3.290000000000000000e+02
3.960000000000000000e+02 4.530000000000000000e+02 4.470000000000000000e+02 5.120000000000000000e+02
4.760000000000000000e+02 0.000000000000000000e+00 5.040000000000000000e+02 6.000000000000000000e+00
4.840000000000000000e+02 4.330000000000000000e+02 5.120000000000000000e+02 4.870000000000000000e+02
