0.000000000000000000e+00 1.800000000000000000e+02 3.800000000000000000e+01 2.550000000000000000e+02
4.600000000000000000e+01 8.300000000000000000e+01 1.110000000000000000e+02 1.570000000000000000e+02
6.900000000000000000e+01 2.300000000000000000e+01 1.180000000000000000e+02 7.800000000000000000e+01
7.200000000000000000e+01 4.160000000000000000e+02 1.280000000000000000e+02 4.670000000000000000e+02
1.570000000000000000e+02 2.410000000000000000e+02 1.950000000000000000e+02 2.870000000000000000e+02
2.650000000000000000e+02 3.460000000000000000e+02 3.140000000000000000e+02 3.900000000000000000e+02
2.880000000000000000e+02 3.960000000000000000e+02 3.320000000000000000e+02 4.330000000000000000e+02
3.810000000000000000e+02 0.000000000000000000e+00 3.940000000000000000e+02 2.000000000000000000e+00
4.060000000000000000e+02 4.320000000000000000e+02 4.500000000000000000e+02 4.810000000000000000e+02
4.170000000000000000e+02 2.390000000000000000e+02 4.720000000000000000e+02 3.210000000000000000e+02
4.350000000000000000e+02 6.100000000000000000e+01 4.950000000000000000e+02 1.410000000000000000e+02
4.620000000000000000e+02 3.230000000000000000e+02 4.970000000000000000e+02 3.510000000000000000e+02
4.870000000000000000e+02 2.980000000000000000e+02 5.030000000000000000e+02 3.170000000000000000e+02
5.010000000000000000e+02 2.120000000000000000e+02 5.120000000000000000e+02 2.470000000000000000e+02
