0.000000000000000000e+00 1.470000000000000000e+02 8.900000000000000000e+01 4.010000000000000000e+02
1.650000000000000000e+02 1.440000000000000000e+02 2.110000000000000000e+02 1.840000000000000000e+02
1.690000000000000000e+02 2.560000000000000000e+02 2.560000000000000000e+02 3.440000000000000000e+02
1.750000000000000000e+02 1.920000000000000000e+02 2.280000000000000000e+02 2.390000000000000000e+02
2.120000000000000000e+02 0.000000000000000000e+00 2.500000000000000000e+02 2.800000000000000000e+01
2.830000000000000000e+02 7.000000000000000000e+01 3.540000000000000000e+02 1.350000000000000000e+02
2.920000000000000000e+02 2.710000000000000000e+02 3.750000000000000000e+02 3.560000000000000000e+02
3.310000000000000000e+02 3.490000000000000000e+02 4.050000000000000000e+02 4.220000000000000000e+02
3.590000000000000000e+02 6.000000000000000000e+00 4.100000000000000000e+02 5.600000000000000000e+01
3.970000000000000000e+02 3.030000000000000000e+02 4.880000000000000000e+02 3.910000000000000000e+02
4.110000000000000000e+02 4.000000000000000000e+01 4.520000000000000000e+02 8.100000000000000000e+01
