1.700000000000000000e+01 3.800000000000000000e+01 7.400000000000000000e+01 9.100000000000000000e+01
3.600000000000000000e+01 4.350000000000000000e+02 1.250000000000000000e+02 5.120000000000000000e+02
9.700000000000000000e+01 3.170000000000000000e+02 1.620000000000000000e+02 3.700000000000000000e+02
1.230000000000000000e+02 2.630000000000000000e+02 1.560000000000000000e+02 3.000000000000000000e+02
1.450000000000000000e+02 1.850000000000000000e+02 1.940000000000000000e+02 2.260000000000000000e+02
1.700000000000000000e+02 1.280000000000000000e+02 2.230000000000000000e+02 1.730000000000000000e+02
1.840000000000000000e+02 4.940000000000000000e+02 2.230000000000000000e+02 5.120000000000000000e+02
1.980000000000000000e+02 7.800000000000000000e+01 2.350000000000000000e+02 1.110000000000000000e+02
2.300000000000000000e+02 4.510000000000000000e+02 3.030000000000000000e+02 5.120000000000000000e+02
2.940000000000000000e+02 1.100000000000000000e+02 4.670000000000000000e+02 2.410000000000000000e+02
3.560000000000000000e+02 0.000000000000000000e+00 4.100000000000000000e+02 1.900000000000000000e+01
3.810000000000000000e+02 2.770000000000000000e+02 4.520000000000000000e+02 3.920000000000000000e+02
4.910000000000000000e+02 4.300000000000000000e+01 5.120000000000000000e+02 9.000000000000000000e+01
