0.000000000000000000e+00 2.700000000000000000e+01 4.400000000000000000e+01 9.800000000000000000e+01
0.000000000000000000e+00 2.760000000000000000e+02 3.800000000000000000e+01 3.540000000000000000e+02
2.800000000000000000e+01 2.070000000000000000e+02 9.300000000000000000e+01 2.730000000000000000e+02
3.500000000000000000e+01 3.180000000000000000e+02 9.400000000000000000e+01 3.810000000000000000e+02
1.180000000000000000e+02 1.090000000000000000e+02 1.940000000000000000e+02 1.800000000000000000e+02
1.230000000000000000e+02 4.200000000000000000e+02 2.010000000000000000e+02 4.850000000000000000e+02
1.730000000000000000e+02 1.560000000000000000e+02 2.210000000000000000e+02 2.030000000000000000e+02
1.790000000000000000e+02 8.400000000000000000e+01 2.250000000000000000e+02 1.330000000000000000e+02
1.830000000000000000e+02 2.200000000000000000e+02 2.490000000000000000e+02 2.850000000000000000e+02
1.990000000000000000e+02 3.490000000000000000e+02 2.740000000000000000e+02 4.300000000000000000e+02
2.220000000000000000e+02 2.760000000000000000e+02 2.850000000000000000e+02 3.390000000000000000e+02
2.530000000000000000e+02 4.170000000000000000e+02 3.900000000000000000e+02 5.120000000000000000e+02
2.790000000000000000e+02 1.000000000000000000e+00 3.580000000000000000e+02 6.500000000000000000e+01
2.980000000000000000e+02 2.010000000000000000e+02 3.780000000000000000e+02 2.900000000000000000e+02
3.150000000000000000e+02 1.570000000000000000e+02 3.470000000000000000e+02 1.940000000000000000e+02
3.390000000000000000e+02 1.200000000000000000e+02 3.970000000000000000e+02 1.790000000000000000e+02
4.910000000000000000e+02 2.300000000000000000e+02 5.120000000000000000e+02 2.940000000000000000e+02
