0.000000000000000000e+00 2.830000000000000000e+02 8.900000000000000000e+01 3.700000000000000000e+02
5.100000000000000000e+01 4.270000000000000000e+02 1.200000000000000000e+02 4.980000000000000000e+02
7.800000000000000000e+01 1.900000000000000000e+02 1.330000000000000000e+02 2.590000000000000000e+02
1.200000000000000000e+02 4.900000000000000000e+02 1.740000000000000000e+02 5.110000000000000000e+02
1.380000000000000000e+02 1.540000000000000000e+02 2.010000000000000000e+02 2.130000000000000000e+02
1.930000000000000000e+02 3.250000000000000000e+02 2.380000000000000000e+02 3.780000000000000000e+02
2.280000000000000000e+02 2.300000000000000000e+01 3.190000000000000000e+02 1.160000000000000000e+02
2.470000000000000000e+02 4.130000000000000000e+02 3.100000000000000000e+02 4.740000000000000000e+02
2.770000000000000000e+02 1.910000000000000000e+02 3.640000000000000000e+02 2.680000000000000000e+02
3.010000000000000000e+02 4.980000000000000000e+02 3.320000000000000000e+02 5.100000000000000000e+02
3.520000000000000000e+02 4.190000000000000000e+02 4.350000000000000000e+02 5.100000000000000000e+02
3.770000000000000000e+02 2.100000000000000000e+01 4.320000000000000000e+02 7.600000000000000000e+01
3.920000000000000000e+02 3.030000000000000000e+02 4.470000000000000000e+02 3.640000000000000000e+02
4.350000000000000000e+02 2.480000000000000000e+02 4.860000000000000000e+02 3.070000000000000000e+02
4.580000000000000000e+02 4.640000000000000000e+02 5.060000000000000000e+02 5.100000000000000000e+02
