0.000000000000000000e+00 4.690000000000000000e+02 3.100000000000000000e+01 5.120000000000000000e+02
1.000000000000000000e+00 2.550000000000000000e+02 3.800000000000000000e+01 3.080000000000000000e+02
1.000000000000000000e+01 4.510000000000000000e+02 5.200000000000000000e+01 4.850000000000000000e+02
2.600000000000000000e+01 0.000000000000000000e+00 6.600000000000000000e+01 2.100000000000000000e+01
3.000000000000000000e+01 3.690000000000000000e+02 8.200000000000000000e+01 4.210000000000000000e+02
4.500000000000000000e+01 7.600000000000000000e+01 9.600000000000000000e+01 1.340000000000000000e+02
4.600000000000000000e+01 4.960000000000000000e+02 8.000000000000000000e+01 5.120000000000000000e+02
6.500000000000000000e+01 2.070000000000000000e+02 9.400000000000000000e+01 2.450000000000000000e+02
8.500000000000000000e+01 2.600000000000000000e+02 1.550000000000000000e+02 3.330000000000000000e+02
1.160000000000000000e+02 3.420000000000000000e+02 1.730000000000000000e+02 3.910000000000000000e+02
1.310000000000000000e+02 8.500000000000000000e+01 1.830000000000000000e+02 1.360000000000000000e+02
1.690000000000000000e+02 3.940000000000000000e+02 2.100000000000000000e+02 4.380000000000000000e+02
1.770000000000000000e+02 5.070000000000000000e+02 1.970000000000000000e+02 5.120000000000000000e+02
1.830000000000000000e+02 2.790000000000000000e+02 2.640000000000000000e+02 3.570000000000000000e+02
1.840000000000000000e+02 4.300000000000000000e+01 2.310000000000000000e+02 9.600000000000000000e+01
2.070000000000000000e+02 4.850000000000000000e+02 2.480000000000000000e+02 5.120000000000000000e+02
2.140000000000000000e+02 1.760000000000000000e+02 2.370000000000000000e+02 2.170000000000000000e+02
2.220000000000000000e+02 1.500000000000000000e+01 2.820000000000000000e+02 9.300000000000000000e+01
2.370000000000000000e+02 2.500000000000000000e+02 2.810000000000000000e+02 2.970000000000000000e+02
2.470000000000000000e+02 4.520000000000000000e+02 2.900000000000000000e+02 5.000000000000000000e+02
2.700000000000000000e+02 3.870000000000000000e+02 3.140000000000000000e+02 4.400000000000000000e+02
2.980000000000000000e+02 2.830000000000000000e+02 3.750000000000000000e+02 3.650000000000000000e+02
3.300000000000000000e+02 4.650000000000000000e+02 4.080000000000000000e+02 5.120000000000000000e+02
3.350000000000000000e+02 1.800000000000000000e+02 4.350000000000000000e+02 2.770000000000000000e+02
3.490000000000000000e+02 2.500000000000000000e+01 4.310000000000000000e+02 1.060000000000000000e+02
3.910000000000000000e+02 2.400000000000000000e+02 5.120000000000000000e+02 3.690000000000000000e+02
3.970000000000000000e+02 4.170000000000000000e+02 4.850000000000000000e+02 5.120000000000000000e+02
