0.000000000000000000e+00 3.800000000000000000e+01 5.600000000000000000e+01 1.390000000000000000e+02
0.000000000000000000e+00 1.820000000000000000e+02 1.400000000000000000e+01 2.340000000000000000e+02
1.700000000000000000e+01 0.000000000000000000e+00 5.500000000000000000e+01 2.000000000000000000e+01
4.700000000000000000e+01 3.930000000000000000e+02 1.450000000000000000e+02 4.990000000000000000e+02
1.800000000000000000e+02 1.100000000000000000e+02 2.240000000000000000e+02 1.550000000000000000e+02
1.940000000000000000e+02 4.600000000000000000e+02 2.130000000000000000e+02 4.740000000000000000e+02
2.700000000000000000e+02 3.150000000000000000e+02 3.200000000000000000e+02 3.750000000000000000e+02
2.900000000000000000e+02 1.610000000000000000e+02 3.180000000000000000e+02 1.920000000000000000e+02
3.230000000000000000e+02 1.270000000000000000e+02 4.010000000000000000e+02 2.250000000000000000e+02
3.850000000000000000e+02 5.300000000000000000e+01 4.620000000000000000e+02 1.390000000000000000e+02
4.040000000000000000e+02 3.610000000000000000e+02 4.630000000000000000e+02 4.200000000000000000e+02
4.730000000000000000e+02 2.370000000000000000e+02 5.120000000000000000e+02 2.820000000000000000e+02
5.000000000000000000e+02 4.220000000000000000e+02 5.120000000000000000e+02 4.590000000000000000e+02
