0.000000000000000000e+00 0.000000000000000000e+00 7.100000000000000000e+01 7.800000000000000000e+01
0.000000000000000000e+00 2.810000000000000000e+02 8.700000000000000000e+01 3.690000000000000000e+02
0.000000000000000000e+00 3.810000000000000000e+02 3.600000000000000000e+01 4.450000000000000000e+02
3.900000000000000000e+01 9.300000000000000000e+01 1.380000000000000000e+02 1.990000000000000000e+02
1.390000000000000000e+02 3.970000000000000000e+02 2.160000000000000000e+02 4.670000000000000000e+02
1.430000000000000000e+02 2.770000000000000000e+02 2.130000000000000000e+02 3.230000000000000000e+02
1.580000000000000000e+02 3.180000000000000000e+02 2.130000000000000000e+02 3.840000000000000000e+02
2.050000000000000000e+02 0.000000000000000000e+00 2.660000000000000000e+02 7.200000000000000000e+01
2.200000000000000000e+02 2.800000000000000000e+02 3.150000000000000000e+02 3.730000000000000000e+02
2.330000000000000000e+02 1.990000000000000000e+02 2.930000000000000000e+02 2.560000000000000000e+02
2.500000000000000000e+02 9.600000000000000000e+01 3.230000000000000000e+02 1.700000000000000000e+02
2.950000000000000000e+02 0.000000000000000000e+00 3.450000000000000000e+02 7.600000000000000000e+01
3.240000000000000000e+02 1.470000000000000000e+02 3.830000000000000000e+02 2.070000000000000000e+02
3.710000000000000000e+02 2.720000000000000000e+02 5.120000000000000000e+02 4.900000000000000000e+02
4.210000000000000000e+02 9.000000000000000000e+00 4.750000000000000000e+02 6.500000000000000000e+01
4.810000000000000000e+02 1.720000000000000000e+02 5.120000000000000000e+02 2.580000000000000000e+02
