0.000000000000000000e+00 2.830000000000000000e+02 7.700000000000000000e+01 3.620000000000000000e+02
2.000000000000000000e+00 8.500000000000000000e+01 5.800000000000000000e+01 1.510000000000000000e+02
2.300000000000000000e+01 4.440000000000000000e+02 8.600000000000000000e+01 4.940000000000000000e+02
7.900000000000000000e+01 4.150000000000000000e+02 1.280000000000000000e+02 4.640000000000000000e+02
8.400000000000000000e+01 1.990000000000000000e+02 1.720000000000000000e+02 2.740000000000000000e+02
9.200000000000000000e+01 2.820000000000000000e+02 1.390000000000000000e+02 3.250000000000000000e+02
1.150000000000000000e+02 3.400000000000000000e+01 2.080000000000000000e+02 1.190000000000000000e+02
1.500000000000000000e+02 4.780000000000000000e+02 1.990000000000000000e+02 5.120000000000000000e+02
2.730000000000000000e+02 4.500000000000000000e+01 3.340000000000000000e+02 1.080000000000000000e+02
2.800000000000000000e+02 4.250000000000000000e+02 3.610000000000000000e+02 5.120000000000000000e+02
3.290000000000000000e+02 2.840000000000000000e+02 3.820000000000000000e+02 3.210000000000000000e+02
3.840000000000000000e+02 0.000000000000000000e+00 4.560000000000000000e+02 3.000000000000000000e+01
4.070000000000000000e+02 2.860000000000000000e+02 4.760000000000000000e+02 3.590000000000000000e+02
4.150000000000000000e+02 4.240000000000000000e+02 4.760000000000000000e+02 4.910000000000000000e+02
4.440000000000000000e+02 2.280000000000000000e+02 4.790000000000000000e+02 2.710000000000000000e+02
