0.000000000000000000e+00 0.000000000000000000e+00 8.000000000000000000e+00 2.200000000000000000e+01
0.000000000000000000e+00 4.500000000000000000e+01 2.600000000000000000e+01 1.080000000000000000e+02
4.000000000000000000e+00 4.670000000000000000e+02 5.700000000000000000e+01 5.120000000000000000e+02
6.000000000000000000e+00 3.320000000000000000e+02 8.800000000000000000e+01 4.160000000000000000e+02
5.300000000000000000e+01 2.730000000000000000e+02 1.290000000000000000e+02 3.390000000000000000e+02
6.900000000000000000e+01 1.270000000000000000e+02 1.480000000000000000e+02 2.060000000000000000e+02
1.700000000000000000e+02 4.240000000000000000e+02 2.310000000000000000e+02 4.950000000000000000e+02
1.770000000000000000e+02 4.910000000000000000e+02 2.200000000000000000e+02 5.120000000000000000e+02
1.910000000000000000e+02 0.000000000000000000e+00 2.220000000000000000e+02 1.000000000000000000e+01
1.950000000000000000e+02 3.890000000000000000e+02 2.670000000000000000e+02 4.590000000000000000e+02
2.070000000000000000e+02 2.840000000000000000e+02 2.970000000000000000e+02 3.710000000000000000e+02
2.330000000000000000e+02 6.000000000000000000e+00 2.820000000000000000e+02 6.300000000000000000e+01
2.910000000000000000e+02 1.890000000000000000e+02 3.730000000000000000e+02 2.750000000000000000e+02
3.040000000000000000e+02 4.470000000000000000e+02 3.620000000000000000e+02 5.060000000000000000e+02
3.440000000000000000e+02 3.570000000000000000e+02 3.990000000000000000e+02 4.110000000000000000e+02
3.460000000000000000e+02 0.000000000000000000e+00 4.380000000000000000e+02 8.800000000000000000e+01
4.060000000000000000e+02 4.460000000000000000e+02 4.840000000000000000e+02 5.120000000000000000e+02
4.260000000000000000e+02 3.130000000000000000e+02 5.120000000000000000e+02 3.900000000000000000e+02
