0.000000000000000000e+00 2.530000000000000000e+02 8.200000000000000000e+01 4.160000000000000000e+02
1.000000000000000000e+00 1.480000000000000000e+02 5.100000000000000000e+01 2.500000000000000000e+02
6.300000000000000000e+01 0.000000000000000000e+00 1.300000000000000000e+02 2.900000000000000000e+01
1.380000000000000000e+02 3.350000000000000000e+02 2.040000000000000000e+02 4.010000000000000000e+02
1.730000000000000000e+02 2.690000000000000000e+02 2.410000000000000000e+02 3.310000000000000000e+02
1.870000000000000000e+02 3.980000000000000000e+02 3.180000000000000000e+02 5.120000000000000000e+02
1.960000000000000000e+02 0.000000000000000000e+00 2.580000000000000000e+02 6.900000000000000000e+01
2.450000000000000000e+02 0.000000000000000000e+00 3.150000000000000000e+02 6.000000000000000000e+01
2.660000000000000000e+02 3.230000000000000000e+02 3.270000000000000000e+02 3.810000000000000000e+02
2.680000000000000000e+02 1.110000000000000000e+02 3.300000000000000000e+02 1.750000000000000000e+02
3.010000000000000000e+02 1.770000000000000000e+02 3.860000000000000000e+02 2.690000000000000000e+02
3.320000000000000000e+02 3.000000000000000000e+01 3.960000000000000000e+02 7.700000000000000000e+01
3.910000000000000000e+02 4.270000000000000000e+02 4.690000000000000000e+02 5.010000000000000000e+02
3.970000000000000000e+02 0.000000000000000000e+00 5.060000000000000000e+02 1.090000000000000000e+02
4.840000000000000000e+02 7.000000000000000000e+01 5.120000000000000000e+02 1.310000000000000000e+02
