0.000000000000000000e+00 3.100000000000000000e+01 1.000000000000000000e+01 5.600000000000000000e+01
0.000000000000000000e+00 3.020000000000000000e+02 3.000000000000000000e+01 3.630000000000000000e+02
0.000000000000000000e+00 4.230000000000000000e+02 5.200000000000000000e+01 5.070000000000000000e+02
4.600000000000000000e+01 3.330000000000000000e+02 1.230000000000000000e+02 4.200000000000000000e+02
6.900000000000000000e+01 4.000000000000000000e+00 1.450000000000000000e+02 8.500000000000000000e+01
6.900000000000000000e+01 1.820000000000000000e+02 1.310000000000000000e+02 2.490000000000000000e+02
1.420000000000000000e+02 7.900000000000000000e+01 2.280000000000000000e+02 1.640000000000000000e+02
2.200000000000000000e+02 3.560000000000000000e+02 2.750000000000000000e+02 4.110000000000000000e+02
2.290000000000000000e+02 8.000000000000000000e+00 3.050000000000000000e+02 8.400000000000000000e+01
2.460000000000000000e+02 2.020000000000000000e+02 3.050000000000000000e+02 2.690000000000000000e+02
2.990000000000000000e+02 1.730000000000000000e+02 4.020000000000000000e+02 3.390000000000000000e+02
3.190000000000000000e+02 2.300000000000000000e+01 3.840000000000000000e+02 8.900000000000000000e+01
3.530000000000000000e+02 1.000000000000000000e+02 3.930000000000000000e+02 1.350000000000000000e+02
3.570000000000000000e+02 3.900000000000000000e+02 4.830000000000000000e+02 4.950000000000000000e+02
3.660000000000000000e+02 2.950000000000000000e+02 4.490000000000000000e+02 3.650000000000000000e+02
3.860000000000000000e+02 1.330000000000000000e+02 4.570000000000000000e+02 2.000000000000000000e+02
3.910000000000000000e+02 5.800000000000000000e+01 4.530000000000000000e+02 1.150000000000000000e+02
3.990000000000000000e+02 2.680000000000000000e+02 4.330000000000000000e+02 2.900000000000000000e+02
4.030000000000000000e+02 4.890000000000000000e+02 4.510000000000000000e+02 5.120000000000000000e+02
4.310000000000000000e+02 1.000000000000000000e+01 4.670000000000000000e+02 3.900000000000000000e+01
4.760000000000000000e+02 5.800000000000000000e+01 5.120000000000000000e+02 1.270000000000000000e+02
