0.000000000000000000e+00 1.140000000000000000e+02 3.900000000000000000e+01 1.830000000000000000e+02
8.900000000000000000e+01 2.530000000000000000e+02 2.480000000000000000e+02 4.350000000000000000e+02
9.600000000000000000e+01 4.430000000000000000e+02 1.890000000000000000e+02 5.120000000000000000e+02
1.250000000000000000e+02 9.600000000000000000e+01 2.230000000000000000e+02 2.060000000000000000e+02
1.650000000000000000e+02 3.430000000000000000e+02 2.000000000000000000e+02 3.780000000000000000e+02
2.020000000000000000e+02 3.100000000000000000e+01 3.010000000000000000e+02 9.800000000000000000e+01
2.360000000000000000e+02 0.000000000000000000e+00 2.730000000000000000e+02 1.300000000000000000e+01
2.360000000000000000e+02 1.290000000000000000e+02 3.120000000000000000e+02 2.260000000000000000e+02
2.510000000000000000e+02 3.560000000000000000e+02 2.820000000000000000e+02 3.870000000000000000e+02
2.660000000000000000e+02 4.790000000000000000e+02 3.290000000000000000e+02 5.120000000000000000e+02
2.930000000000000000e+02 7.300000000000000000e+01 3.500000000000000000e+02 1.300000000000000000e+02
3.150000000000000000e+02 5.000000000000000000e+02 3.450000000000000000e+02 5.120000000000000000e+02
3.450000000000000000e+02 3.490000000000000000e+02 4.020000000000000000e+02 4.060000000000000000e+02
3.660000000000000000e+02 2.330000000000000000e+02 4.500000000000000000e+02 3.090000000000000000e+02
3.690000000000000000e+02 8.100000000000000000e+01 4.380000000000000000e+02 1.520000000000000000e+02
4.460000000000000000e+02 1.980000000000000000e+02 5.120000000000000000e+02 2.710000000000000000e+02
4.760000000000000000e+02 1.540000000000000000e+02 5.120000000000000000e+02 2.010000000000000000e+02
4.980000000000000000e+02 3.040000000000000000e+02 5.120000000000000000e+02 3.480000000000000000e+02
