1.000000000000000000e+00 1.650000000000000000e+02 3.000000000000000000e+01 2.140000000000000000e+02
2.800000000000000000e+01 0.000000000000000000e+00 9.100000000000000000e+01 4.600000000000000000e+01
3.000000000000000000e+01 3.220000000000000000e+02 8.300000000000000000e+01 3.730000000000000000e+02
6.000000000000000000e+01 4.900000000000000000e+01 1.280000000000000000e+02 1.180000000000000000e+02
1.750000000000000000e+02 2.020000000000000000e+02 2.560000000000000000e+02 2.750000000000000000e+02
2.560000000000000000e+02 2.990000000000000000e+02 3.240000000000000000e+02 3.600000000000000000e+02
2.600000000000000000e+02 3.400000000000000000e+01 3.170000000000000000e+02 1.340000000000000000e+02
2.740000000000000000e+02 3.670000000000000000e+02 3.560000000000000000e+02 4.560000000000000000e+02
3.300000000000000000e+02 2.240000000000000000e+02 3.730000000000000000e+02 2.650000000000000000e+02
3.560000000000000000e+02 5.000000000000000000e+02 4.010000000000000000e+02 5.120000000000000000e+02
3.980000000000000000e+02 3.320000000000000000e+02 4.960000000000000000e+02 4.360000000000000000e+02
4.440000000000000000e+02 2.130000000000000000e+02 5.080000000000000000e+02 2.910000000000000000e+02
4.550000000000000000e+02 9.500000000000000000e+01 5.090000000000000000e+02 1.680000000000000000e+02
