0.000000000000000000e+00 1.220000000000000000e+02 1.600000000000000000e+01 1.810000000000000000e+02
2.700000000000000000e+01 3.440000000000000000e+02 1.150000000000000000e+02 4.130000000000000000e+02
4.300000000000000000e+01 1.280000000000000000e+02 9.700000000000000000e+01 1.800000000000000000e+02
4.800000000000000000e+01 3.080000000000000000e+02 9.500000000000000000e+01 3.460000000000000000e+02
5.000000000000000000e+01 2.800000000000000000e+02 1.080000000000000000e+02 3.140000000000000000e+02
6.800000000000000000e+01 2.080000000000000000e+02 1.380000000000000000e+02 2.870000000000000000e+02
7.300000000000000000e+01 0.000000000000000000e+00 1.340000000000000000e+02 4.200000000000000000e+01
1.010000000000000000e+02 4.260000000000000000e+02 1.460000000000000000e+02 4.750000000000000000e+02
1.620000000000000000e+02 4.960000000000000000e+02 2.410000000000000000e+02 5.120000000000000000e+02
1.970000000000000000e+02 1.970000000000000000e+02 2.210000000000000000e+02 2.410000000000000000e+02
2.400000000000000000e+02 9.700000000000000000e+01 2.850000000000000000e+02 1.540000000000000000e+02
2.810000000000000000e+02 4.500000000000000000e+01 3.090000000000000000e+02 9.600000000000000000e+01
3.460000000000000000e+02 2.730000000000000000e+02 4.260000000000000000e+02 3.460000000000000000e+02
3.780000000000000000e+02 2.000000000000000000e+00 4.290000000000000000e+02 5.900000000000000000e+01
4.310000000000000000e+02 1.620000000000000000e+02 5.120000000000000000e+02 2.450000000000000000e+02
5.000000000000000000e+02 5.600000000000000000e+01 5.120000000000000000e+02 1.060000000000000000e+02
5.090000000000000000e+02 2.690000000000000000e+02 5.120000000000000000e+02 2.840000000000000000e+02
