2.000000000000000000e+00 9.500000000000000000e+01 2.500000000000000000e+01 1.490000000000000000e+02
4.300000000000000000e+01 9.100000000000000000e+01 1.140000000000000000e+02 1.560000000000000000e+02
7.400000000000000000e+01 3.600000000000000000e+02 1.230000000000000000e+02 4.050000000000000000e+02
8.800000000000000000e+01 1.000000000000000000e+00 1.900000000000000000e+02 6.000000000000000000e+01
1.040000000000000000e+02 4.740000000000000000e+02 1.490000000000000000e+02 5.110000000000000000e+02
1.480000000000000000e+02 2.590000000000000000e+02 2.090000000000000000e+02 3.200000000000000000e+02
1.630000000000000000e+02 3.720000000000000000e+02 2.080000000000000000e+02 4.170000000000000000e+02
2.370000000000000000e+02 3.770000000000000000e+02 2.900000000000000000e+02 4.280000000000000000e+02
2.520000000000000000e+02 1.650000000000000000e+02 3.230000000000000000e+02 2.360000000000000000e+02
2.700000000000000000e+02 2.700000000000000000e+01 3.330000000000000000e+02 9.000000000000000000e+01
2.810000000000000000e+02 1.100000000000000000e+02 3.380000000000000000e+02 1.630000000000000000e+02
3.270000000000000000e+02 3.530000000000000000e+02 5.020000000000000000e+02 4.620000000000000000e+02
3.580000000000000000e+02 2.760000000000000000e+02 4.010000000000000000e+02 3.130000000000000000e+02
3.650000000000000000e+02 4.700000000000000000e+01 4.590000000000000000e+02 1.230000000000000000e+02
3.810000000000000000e+02 2.130000000000000000e+02 4.280000000000000000e+02 2.580000000000000000e+02
3.980000000000000000e+02 1.580000000000000000e+02 4.590000000000000000e+02 2.210000000000000000e+02
4.180000000000000000e+02 4.650000000000000000e+02 4.710000000000000000e+02 5.110000000000000000e+02
4.210000000000000000e+02 0.000000000000000000e+00 4.650000000000000000e+02 1.900000000000000000e+01
4.790000000000000000e+02 2.060000000000000000e+02 5.120000000000000000e+02 2.790000000000000000e+02
4.850000000000000000e+02 2.960000000000000000e+02 5.120000000000000000e+02 3.610000000000000000e+02
4.970000000000000000e+02 2.000000000000000000e+00 5.120000000000000000e+02 2.300000000000000000e+01
