0.000000000000000000e+00 9.500000000000000000e+01 3.500000000000000000e+01 1.570000000000000000e+02
0.000000000000000000e+00 2.650000000000000000e+02 8.100000000000000000e+01 3.430000000000000000e+02
3.000000000000000000e+00 4.260000000000000000e+02 1.270000000000000000e+02 5.110000000000000000e+02
1.300000000000000000e+01 0.000000000000000000e+00 6.100000000000000000e+01 1.700000000000000000e+01
1.600000000000000000e+01 1.730000000000000000e+02 8.100000000000000000e+01 2.480000000000000000e+02
9.800000000000000000e+01 3.600000000000000000e+02 1.610000000000000000e+02 4.170000000000000000e+02
1.470000000000000000e+02 9.100000000000000000e+01 1.980000000000000000e+02 1.620000000000000000e+02
1.780000000000000000e+02 3.630000000000000000e+02 2.230000000000000000e+02 4.160000000000000000e+02
1.870000000000000000e+02 2.020000000000000000e+02 2.700000000000000000e+02 2.930000000000000000e+02
2.340000000000000000e+02 2.500000000000000000e+01 2.850000000000000000e+02 6.800000000000000000e+01
3.030000000000000000e+02 9.800000000000000000e+01 3.500000000000000000e+02 1.450000000000000000e+02
3.270000000000000000e+02 0.000000000000000000e+00 3.820000000000000000e+02 6.300000000000000000e+01
3.960000000000000000e+02 4.710000000000000000e+02 4.370000000000000000e+02 5.120000000000000000e+02
3.970000000000000000e+02 2.700000000000000000e+01 4.440000000000000000e+02 8.200000000000000000e+01
4.100000000000000000e+02 8.900000000000000000e+01 4.610000000000000000e+02 1.500000000000000000e+02
4.270000000000000000e+02 2.260000000000000000e+02 4.680000000000000000e+02 2.770000000000000000e+02
4.800000000000000000e+02 2.580000000000000000e+02 5.120000000000000000e+02 3.280000000000000000e+02
4.910000000000000000e+02 4.020000000000000000e+02 5.120000000000000000e+02 4.580000000000000000e+02
