0.000000000000000000e+00 2.760000000000000000e+02 4.400000000000000000e+01 3.390000000000000000e+02
0.000000000000000000e+00 3.440000000000000000e+02 3.300000000000000000e+01 3.790000000000000000e+02
0.000000000000000000e+00 4.940000000000000000e+02 3.400000000000000000e+01 5.120000000000000000e+02
4.600000000000000000e+01 1.290000000000000000e+02 9.900000000000000000e+01 1.940000000000000000e+02
6.300000000000000000e+01 2.910000000000000000e+02 1.040000000000000000e+02 3.400000000000000000e+02
7.400000000000000000e+01 3.540000000000000000e+02 1.860000000000000000e+02 4.850000000000000000e+02
1.330000000000000000e+02 1.990000000000000000e+02 1.620000000000000000e+02 2.340000000000000000e+02
1.730000000000000000e+02 2.040000000000000000e+02 2.690000000000000000e+02 4.050000000000000000e+02
2.220000000000000000e+02 1.040000000000000000e+02 2.970000000000000000e+02 1.650000000000000000e+02
2.260000000000000000e+02 4.430000000000000000e+02 2.710000000000000000e+02 4.960000000000000000e+02
2.780000000000000000e+02 4.010000000000000000e+02 3.430000000000000000e+02 4.620000000000000000e+02
3.510000000000000000e+02 3.320000000000000000e+02 4.000000000000000000e+02 3.810000000000000000e+02
3.610000000000000000e+02 1.000000000000000000e+01 4.460000000000000000e+02 9.700000000000000000e+01
3.740000000000000000e+02 2.180000000000000000e+02 4.070000000000000000e+02 2.550000000000000000e+02
3.750000000000000000e+02 4.900000000000000000e+02 4.100000000000000000e+02 5.120000000000000000e+02
4.670000000000000000e+02 0.000000000000000000e+00 5.120000000000000000e+02 2.800000000000000000e+01
4.830000000000000000e+02 2.350000000000000000e+02 5.120000000000000000e+02 2.660000000000000000e+02
4.900000000000000000e+02 4.280000000000000000e+02 5.120000000000000000e+02 4.870000000000000000e+02
