0.000000000000000000e+00 1.440000000000000000e+02 2.300000000000000000e+01 2.620000000000000000e+02
2.800000000000000000e+01 2.600000000000000000e+02 8.100000000000000000e+01 3.090000000000000000e+02
8.700000000000000000e+01 2.890000000000000000e+02 1.250000000000000000e+02 3.270000000000000000e+02
2.300000000000000000e+02 0.000000000000000000e+00 2.860000000000000000e+02 5.700000000000000000e+01
2.480000000000000000e+02 3.030000000000000000e+02 2.990000000000000000e+02 3.510000000000000000e+02
2.510000000000000000e+02 5.080000000000000000e+02 2.670000000000000000e+02 5.120000000000000000e+02
2.580000000000000000e+02 1.540000000000000000e+02 3.610000000000000000e+02 3.100000000000000000e+02
3.510000000000000000e+02 3.170000000000000000e+02 4.450000000000000000e+02 4.090000000000000000e+02
3.750000000000000000e+02 9.200000000000000000e+01 4.130000000000000000e+02 1.300000000000000000e+02
3.890000000000000000e+02 1.790000000000000000e+02 4.370000000000000000e+02 2.290000000000000000e+02
4.120000000000000000e+02 4.430000000000000000e+02 4.830000000000000000e+02 5.120000000000000000e+02
4.190000000000000000e+02 0.000000000000000000e+00 4.940000000000000000e+02 2.800000000000000000e+01
5.100000000000000000e+02 2.970000000000000000e+02 5.120000000000000000e+02 3.060000000000000000e+02
