0.000000000000000000e+00 1.570000000000000000e+02 5.300000000000000000e+01 2.040000000000000000e+02
0.000000000000000000e+00 1.870000000000000000e+02 3.400000000000000000e+01 2.350000000000000000e+02
0.000000000000000000e+00 2.340000000000000000e+02 1.200000000000000000e+01 2.570000000000000000e+02
0.000000000000000000e+00 2.710000000000000000e+02 8.500000000000000000e+01 3.500000000000000000e+02
0.000000000000000000e+00 3.970000000000000000e+02 6.100000000000000000e+01 4.710000000000000000e+02
4.700000000000000000e+01 2.160000000000000000e+02 1.030000000000000000e+02 2.710000000000000000e+02
9.700000000000000000e+01 3.440000000000000000e+02 1.870000000000000000e+02 4.160000000000000000e+02
1.030000000000000000e+02 9.900000000000000000e+01 1.580000000000000000e+02 1.610000000000000000e+02
1.140000000000000000e+02 1.510000000000000000e+02 1.910000000000000000e+02 2.040000000000000000e+02
1.660000000000000000e+02 2.220000000000000000e+02 2.390000000000000000e+02 2.930000000000000000e+02
1.730000000000000000e+02 3.470000000000000000e+02 2.080000000000000000e+02 3.780000000000000000e+02
1.810000000000000000e+02 2.000000000000000000e+01 2.620000000000000000e+02 1.020000000000000000e+02
2.100000000000000000e+02 3.750000000000000000e+02 2.610000000000000000e+02 4.290000000000000000e+02
2.320000000000000000e+02 4.680000000000000000e+02 2.920000000000000000e+02 5.120000000000000000e+02
2.470000000000000000e+02 3.540000000000000000e+02 2.900000000000000000e+02 4.010000000000000000e+02
2.690000000000000000e+02 2.570000000000000000e+02 3.190000000000000000e+02 3.090000000000000000e+02
3.670000000000000000e+02 4.720000000000000000e+02 4.440000000000000000e+02 5.120000000000000000e+02
4.040000000000000000e+02 4.070000000000000000e+02 4.570000000000000000e+02 4.580000000000000000e+02
4.230000000000000000e+02 1.370000000000000000e+02 5.060000000000000000e+02 2.130000000000000000e+02
4.280000000000000000e+02 0.000000000000000000e+00 5.000000000000000000e+02 6.700000000000000000e+01
4.960000000000000000e+02 7.400000000000000000e+01 5.120000000000000000e+02 1.130000000000000000e+02
