0.000000000000000000e+00 4.070000000000000000e+02 1.400000000000000000e+01 4.520000000000000000e+02
7.200000000000000000e+01 4.420000000000000000e+02 1.350000000000000000e+02 5.020000000000000000e+02
1.000000000000000000e+02 1.950000000000000000e+02 1.500000000000000000e+02 2.310000000000000000e+02
1.040000000000000000e+02 2.820000000000000000e+02 1.650000000000000000e+02 3.420000000000000000e+02
1.560000000000000000e+02 1.420000000000000000e+02 2.070000000000000000e+02 1.990000000000000000e+02
2.020000000000000000e+02 2.050000000000000000e+02 2.330000000000000000e+02 2.400000000000000000e+02
2.530000000000000000e+02 2.370000000000000000e+02 3.030000000000000000e+02 2.890000000000000000e+02
2.850000000000000000e+02 1.310000000000000000e+02 3.430000000000000000e+02 1.960000000000000000e+02
2.870000000000000000e+02 2.610000000000000000e+02 3.310000000000000000e+02 3.140000000000000000e+02
2.990000000000000000e+02 3.230000000000000000e+02 3.540000000000000000e+02 3.850000000000000000e+02
3.420000000000000000e+02 0.000000000000000000e+00 3.920000000000000000e+02 3.100000000000000000e+01
3.610000000000000000e+02 1.030000000000000000e+02 3.760000000000000000e+02 1.250000000000000000e+02
3.670000000000000000e+02 4.440000000000000000e+02 4.020000000000000000e+02 4.920000000000000000e+02
3.730000000000000000e+02 2.180000000000000000e+02 4.240000000000000000e+02 2.880000000000000000e+02
4.260000000000000000e+02 4.840000000000000000e+02 4.790000000000000000e+02 5.120000000000000000e+02
4.930000000000000000e+02 1.210000000000000000e+02 5.120000000000000000e+02 1.660000000000000000e+02
4.990000000000000000e+02 2.000000000000000000e+02 5.120000000000000000e+02 2.390000000000000000e+02
