0.000000000000000000e+00 1.870000000000000000e+02 4.300000000000000000e+01 2.360000000000000000e+02
0.000000000000000000e+00 4.960000000000000000e+02 8.000000000000000000e+00 5.120000000000000000e+02
7.700000000000000000e+01 3.090000000000000000e+02 1.520000000000000000e+02 3.910000000000000000e+02
8.600000000000000000e+01 8.800000000000000000e+01 1.590000000000000000e+02 1.600000000000000000e+02
1.280000000000000000e+02 0.000000000000000000e+00 1.960000000000000000e+02 4.000000000000000000e+01
1.610000000000000000e+02 7.400000000000000000e+01 2.200000000000000000e+02 1.830000000000000000e+02
1.630000000000000000e+02 2.700000000000000000e+02 2.080000000000000000e+02 3.110000000000000000e+02
2.000000000000000000e+02 4.170000000000000000e+02 2.470000000000000000e+02 4.640000000000000000e+02
2.070000000000000000e+02 2.980000000000000000e+02 2.680000000000000000e+02 3.580000000000000000e+02
2.080000000000000000e+02 1.400000000000000000e+01 2.980000000000000000e+02 9.800000000000000000e+01
2.450000000000000000e+02 3.810000000000000000e+02 3.290000000000000000e+02 4.510000000000000000e+02
2.700000000000000000e+02 2.560000000000000000e+02 3.550000000000000000e+02 3.430000000000000000e+02
3.590000000000000000e+02 6.200000000000000000e+01 4.560000000000000000e+02 1.500000000000000000e+02
4.360000000000000000e+02 3.640000000000000000e+02 4.950000000000000000e+02 4.210000000000000000e+02
4.520000000000000000e+02 1.990000000000000000e+02 5.050000000000000000e+02 2.520000000000000000e+02
