0.000000000000000000e+00 4.600000000000000000e+01 9.100000000000000000e+01 1.950000000000000000e+02
0.000000000000000000e+00 3.060000000000000000e+02 5.400000000000000000e+01 3.810000000000000000e+02
0.000000000000000000e+00 4.860000000000000000e+02 4.200000000000000000e+01 5.120000000000000000e+02
2.150000000000000000e+02 4.440000000000000000e+02 2.740000000000000000e+02 5.120000000000000000e+02
2.350000000000000000e+02 2.570000000000000000e+02 3.100000000000000000e+02 3.420000000000000000e+02
2.400000000000000000e+02 6.600000000000000000e+01 2.910000000000000000e+02 1.230000000000000000e+02
3.120000000000000000e+02 0.000000000000000000e+00 3.560000000000000000e+02 1.600000000000000000e+01
3.130000000000000000e+02 1.360000000000000000e+02 3.810000000000000000e+02 2.120000000000000000e+02
3.790000000000000000e+02 2.840000000000000000e+02 5.120000000000000000e+02 4.020000000000000000e+02
4.240000000000000000e+02 4.290000000000000000e+02 5.120000000000000000e+02 5.120000000000000000e+02
4.840000000000000000e+02 2.220000000000000000e+02 5.120000000000000000e+02 2.750000000000000000e+02
