0.000000000000000000e+00 1.790000000000000000e+02 5.100000000000000000e+01 2.300000000000000000e+02
9.200000000000000000e+01 2.250000000000000000e+02 1.930000000000000000e+02 3.100000000000000000e+02
1.160000000000000000e+02 4.050000000000000000e+02 1.530000000000000000e+02 4.540000000000000000e+02
1.510000000000000000e+02 1.590000000000000000e+02 1.990000000000000000e+02 2.100000000000000000e+02
1.720000000000000000e+02 1.160000000000000000e+02 2.460000000000000000e+02 1.750000000000000000e+02
1.870000000000000000e+02 4.800000000000000000e+01 2.450000000000000000e+02 1.070000000000000000e+02
2.010000000000000000e+02 4.270000000000000000e+02 2.400000000000000000e+02 4.730000000000000000e+02
2.380000000000000000e+02 5.000000000000000000e+00 3.260000000000000000e+02 5.500000000000000000e+01
2.590000000000000000e+02 2.840000000000000000e+02 2.980000000000000000e+02 3.220000000000000000e+02
3.160000000000000000e+02 4.440000000000000000e+02 3.710000000000000000e+02 4.900000000000000000e+02
3.720000000000000000e+02 4.450000000000000000e+02 4.280000000000000000e+02 5.120000000000000000e+02
4.280000000000000000e+02 3.530000000000000000e+02 4.880000000000000000e+02 4.080000000000000000e+02
4.400000000000000000e+02 5.060000000000000000e+02 4.550000000000000000e+02 5.120000000000000000e+02
4.460000000000000000e+02 1.190000000000000000e+02 4.950000000000000000e+02 1.630000000000000000e+02
4.670000000000000000e+02 1.540000000000000000e+02 5.120000000000000000e+02 2.090000000000000000e+02
