7.000000000000000000e+00 3.810000000000000000e+02 6.200000000000000000e+01 4.310000000000000000e+02
7.000000000000000000e+00 4.870000000000000000e+02 2.000000000000000000e+01 5.120000000000000000e+02
1.490000000000000000e+02 4.620000000000000000e+02 2.380000000000000000e+02 5.120000000000000000e+02
1.550000000000000000e+02 1.000000000000000000e+00 2.110000000000000000e+02 2.500000000000000000e+01
2.270000000000000000e+02 5.900000000000000000e+01 3.350000000000000000e+02 1.660000000000000000e+02
3.090000000000000000e+02 1.380000000000000000e+02 3.640000000000000000e+02 1.910000000000000000e+02
3.190000000000000000e+02 0.000000000000000000e+00 3.740000000000000000e+02 3.800000000000000000e+01
3.820000000000000000e+02 2.250000000000000000e+02 5.110000000000000000e+02 3.630000000000000000e+02
4.090000000000000000e+02 4.840000000000000000e+02 4.820000000000000000e+02 5.120000000000000000e+02
4.890000000000000000e+02 1.000000000000000000e+00 5.110000000000000000e+02 1.900000000000000000e+01
