0.000000000000000000e+00 2.340000000000000000e+02 8.000000000000000000e+00 2.810000000000000000e+02
3.700000000000000000e+01 2.020000000000000000e+02 9.600000000000000000e+01 2.930000000000000000e+02
7.600000000000000000e+01 2.990000000000000000e+02 1.300000000000000000e+02 3.470000000000000000e+02
7.800000000000000000e+01 3.680000000000000000e+02 1.500000000000000000e+02 4.420000000000000000e+02
9.500000000000000000e+01 1.330000000000000000e+02 2.000000000000000000e+02 2.190000000000000000e+02
1.130000000000000000e+02 0.000000000000000000e+00 1.730000000000000000e+02 3.600000000000000000e+01
1.250000000000000000e+02 2.620000000000000000e+02 1.600000000000000000e+02 3.170000000000000000e+02
1.520000000000000000e+02 4.760000000000000000e+02 2.030000000000000000e+02 5.120000000000000000e+02
1.580000000000000000e+02 2.400000000000000000e+02 2.020000000000000000e+02 3.030000000000000000e+02
1.930000000000000000e+02 2.620000000000000000e+02 2.300000000000000000e+02 3.090000000000000000e+02
1.980000000000000000e+02 4.460000000000000000e+02 2.760000000000000000e+02 5.120000000000000000e+02
2.300000000000000000e+02 3.710000000000000000e+02 3.080000000000000000e+02 4.480000000000000000e+02
2.520000000000000000e+02 1.920000000000000000e+02 3.080000000000000000e+02 2.510000000000000000e+02
2.580000000000000000e+02 1.060000000000000000e+02 3.520000000000000000e+02 1.920000000000000000e+02
3.040000000000000000e+02 4.970000000000000000e+02 3.460000000000000000e+02 5.120000000000000000e+02
3.420000000000000000e+02 1.740000000000000000e+02 3.820000000000000000e+02 2.070000000000000000e+02
3.530000000000000000e+02 1.300000000000000000e+02 3.960000000000000000e+02 1.700000000000000000e+02
3.540000000000000000e+02 2.470000000000000000e+02 3.800000000000000000e+02 2.820000000000000000e+02
3.540000000000000000e+02 3.460000000000000000e+02 4.050000000000000000e+02 4.060000000000000000e+02
3.770000000000000000e+02 9.400000000000000000e+01 4.330000000000000000e+02 1.450000000000000000e+02
4.400000000000000000e+02 1.410000000000000000e+02 5.070000000000000000e+02 1.830000000000000000e+02
4.600000000000000000e+02 9.500000000000000000e+01 5.030000000000000000e+02 1.320000000000000000e+02
4.750000000000000000e+02 2.730000000000000000e+02 5.120000000000000000e+02 3.340000000000000000e+02
5.050000000000000000e+02 3.260000000000000000e+02 5.120000000000000000e+02 3.450000000000000000e+02
5.070000000000000000e+02 1.270000000000000000e+02 5.120000000000000000e+02 1.400000000000000000e+02
5.110000000000000000e+02 6.700000000000000000e+01 5.120000000000000000e+02 6.900000000000000000e+01
