0.000000000000000000e+00 1.020000000000000000e+02 7.600000000000000000e+01 1.770000000000000000e+02
0.000000000000000000e+00 3.320000000000000000e+02 5.800000000000000000e+01 4.260000000000000000e+02
6.000000000000000000e+00 2.130000000000000000e+02 7.700000000000000000e+01 2.800000000000000000e+02
4.900000000000000000e+01 4.310000000000000000e+02 1.140000000000000000e+02 4.920000000000000000e+02
9.400000000000000000e+01 2.560000000000000000e+02 2.690000000000000000e+02 4.220000000000000000e+02
1.140000000000000000e+02 3.100000000000000000e+01 1.750000000000000000e+02 8.200000000000000000e+01
2.550000000000000000e+02 7.100000000000000000e+01 3.180000000000000000e+02 1.280000000000000000e+02
3.260000000000000000e+02 1.860000000000000000e+02 3.790000000000000000e+02 2.430000000000000000e+02
3.300000000000000000e+02 7.000000000000000000e+00 4.270000000000000000e+02 7.600000000000000000e+01
3.470000000000000000e+02 4.330000000000000000e+02 4.440000000000000000e+02 4.980000000000000000e+02
4.070000000000000000e+02 1.300000000000000000e+02 4.880000000000000000e+02 2.010000000000000000e+02
4.640000000000000000e+02 3.560000000000000000e+02 5.040000000000000000e+02 4.400000000000000000e+02
