0.000000000000000000e+00 9.300000000000000000e+01 1.300000000000000000e+01 1.360000000000000000e+02
0.000000000000000000e+00 2.170000000000000000e+02 5.100000000000000000e+01 2.660000000000000000e+02
0.000000000000000000e+00 4.390000000000000000e+02 5.800000000000000000e+01 4.760000000000000000e+02
0.000000000000000000e+00 4.770000000000000000e+02 6.000000000000000000e+00 4.960000000000000000e+02
8.500000000000000000e+01 0.000000000000000000e+00 1.160000000000000000e+02 1.000000000000000000e+01
1.010000000000000000e+02 3.330000000000000000e+02 1.210000000000000000e+02 3.830000000000000000e+02
1.070000000000000000e+02 2.420000000000000000e+02 1.160000000000000000e+02 2.510000000000000000e+02
1.140000000000000000e+02 2.730000000000000000e+02 1.600000000000000000e+02 3.070000000000000000e+02
1.160000000000000000e+02 4.700000000000000000e+01 1.810000000000000000e+02 1.100000000000000000e+02
1.240000000000000000e+02 3.000000000000000000e+02 1.720000000000000000e+02 3.430000000000000000e+02
1.320000000000000000e+02 1.610000000000000000e+02 2.050000000000000000e+02 2.290000000000000000e+02
1.570000000000000000e+02 4.890000000000000000e+02 2.170000000000000000e+02 5.120000000000000000e+02
1.710000000000000000e+02 3.070000000000000000e+02 1.950000000000000000e+02 3.360000000000000000e+02
1.880000000000000000e+02 3.390000000000000000e+02 2.330000000000000000e+02 3.650000000000000000e+02
1.980000000000000000e+02 2.840000000000000000e+02 2.700000000000000000e+02 3.440000000000000000e+02
2.760000000000000000e+02 2.670000000000000000e+02 3.070000000000000000e+02 3.140000000000000000e+02
3.800000000000000000e+02 4.000000000000000000e+01 4.250000000000000000e+02 8.200000000000000000e+01
3.890000000000000000e+02 2.570000000000000000e+02 4.800000000000000000e+02 3.560000000000000000e+02
4.410000000000000000e+02 3.670000000000000000e+02 5.120000000000000000e+02 4.220000000000000000e+02
4.450000000000000000e+02 5.400000000000000000e+01 4.800000000000000000e+02 8.300000000000000000e+01
