0.000000000000000000e+00 4.780000000000000000e+02 5.300000000000000000e+01 5.120000000000000000e+02
1.300000000000000000e+01 5.400000000000000000e+01 1.010000000000000000e+02 1.180000000000000000e+02
6.700000000000000000e+01 2.950000000000000000e+02 1.340000000000000000e+02 3.770000000000000000e+02
7.400000000000000000e+01 1.010000000000000000e+02 1.070000000000000000e+02 1.290000000000000000e+02
9.900000000000000000e+01 3.930000000000000000e+02 1.760000000000000000e+02 4.700000000000000000e+02
1.230000000000000000e+02 1.200000000000000000e+01 2.200000000000000000e+02 8.100000000000000000e+01
1.310000000000000000e+02 3.260000000000000000e+02 2.020000000000000000e+02 3.830000000000000000e+02
2.240000000000000000e+02 2.080000000000000000e+02 2.990000000000000000e+02 2.800000000000000000e+02
2.710000000000000000e+02 1.110000000000000000e+02 3.440000000000000000e+02 2.080000000000000000e+02
3.630000000000000000e+02 4.230000000000000000e+02 4.770000000000000000e+02 4.970000000000000000e+02
3.790000000000000000e+02 2.330000000000000000e+02 3.960000000000000000e+02 2.680000000000000000e+02
3.860000000000000000e+02 3.740000000000000000e+02 4.300000000000000000e+02 4.210000000000000000e+02
4.020000000000000000e+02 1.810000000000000000e+02 4.930000000000000000e+02 3.050000000000000000e+02
4.700000000000000000e+02 4.920000000000000000e+02 5.030000000000000000e+02 5.120000000000000000e+02
4.910000000000000000e+02 2.980000000000000000e+02 5.120000000000000000e+02 3.520000000000000000e+02
5.110000000000000000e+02 2.960000000000000000e+02 5.120000000000000000e+02 2.970000000000000000e+02
