0.000000000000000000e+00 0.000000000000000000e+00 3.800000000000000000e+01 2.100000000000000000e+01
0.000000000000000000e+00 3.020000000000000000e+02 6.000000000000000000e+00 3.220000000000000000e+02
4.800000000000000000e+01 4.660000000000000000e+02 1.090000000000000000e+02 5.120000000000000000e+02
6.100000000000000000e+01 3.970000000000000000e+02 1.550000000000000000e+02 4.750000000000000000e+02
6.600000000000000000e+01 2.240000000000000000e+02 1.160000000000000000e+02 2.820000000000000000e+02
1.150000000000000000e+02 1.030000000000000000e+02 1.780000000000000000e+02 1.820000000000000000e+02
1.230000000000000000e+02 3.350000000000000000e+02 2.600000000000000000e+02 4.610000000000000000e+02
1.410000000000000000e+02 4.500000000000000000e+02 2.020000000000000000e+02 5.120000000000000000e+02
1.780000000000000000e+02 0.000000000000000000e+00 2.740000000000000000e+02 7.600000000000000000e+01
2.070000000000000000e+02 5.110000000000000000e+02 2.120000000000000000e+02 5.120000000000000000e+02
2.080000000000000000e+02 1.460000000000000000e+02 2.620000000000000000e+02 1.960000000000000000e+02
2.620000000000000000e+02 4.400000000000000000e+02 3.440000000000000000e+02 5.120000000000000000e+02
2.820000000000000000e+02 1.770000000000000000e+02 4.020000000000000000e+02 2.650000000000000000e+02
2.900000000000000000e+02 6.000000000000000000e+01 3.270000000000000000e+02 9.700000000000000000e+01
3.010000000000000000e+02 3.690000000000000000e+02 3.650000000000000000e+02 4.290000000000000000e+02
4.150000000000000000e+02 3.700000000000000000e+02 4.980000000000000000e+02 4.690000000000000000e+02
4.400000000000000000e+02 0.000000000000000000e+00 4.660000000000000000e+02 5.000000000000000000e+00
4.440000000000000000e+02 2.400000000000000000e+02 5.120000000000000000e+02 3.200000000000000000e+02
4.520000000000000000e+02 4.900000000000000000e+02 5.120000000000000000e+02 5.120000000000000000e+02
