0.000000000000000000e+00 4.570000000000000000e+02 2.000000000000000000e+01 4.950000000000000000e+02
3.800000000000000000e+01 4.560000000000000000e+02 1.390000000000000000e+02 5.120000000000000000e+02
5.300000000000000000e+01 5.000000000000000000e+01 1.390000000000000000e+02 1.270000000000000000e+02
1.100000000000000000e+02 2.880000000000000000e+02 1.550000000000000000e+02 3.320000000000000000e+02
1.270000000000000000e+02 1.110000000000000000e+02 2.250000000000000000e+02 1.890000000000000000e+02
1.610000000000000000e+02 1.940000000000000000e+02 1.920000000000000000e+02 2.220000000000000000e+02
1.820000000000000000e+02 4.980000000000000000e+02 2.340000000000000000e+02 5.120000000000000000e+02
2.370000000000000000e+02 0.000000000000000000e+00 2.820000000000000000e+02 3.900000000000000000e+01
3.150000000000000000e+02 1.920000000000000000e+02 3.750000000000000000e+02 2.420000000000000000e+02
3.610000000000000000e+02 4.900000000000000000e+01 4.200000000000000000e+02 1.080000000000000000e+02
3.930000000000000000e+02 3.670000000000000000e+02 4.990000000000000000e+02 4.650000000000000000e+02
4.220000000000000000e+02 0.000000000000000000e+00 4.590000000000000000e+02 1.200000000000000000e+01
4.600000000000000000e+02 2.990000000000000000e+02 4.740000000000000000e+02 3.180000000000000000e+02
