0.000000000000000000e+00 0.000000000000000000e+00 2.300000000000000000e+01 2.700000000000000000e+01
0.000000000000000000e+00 1.510000000000000000e+02 4.200000000000000000e+01 2.170000000000000000e+02
0.000000000000000000e+00 2.360000000000000000e+02 3.900000000000000000e+01 3.060000000000000000e+02
0.000000000000000000e+00 4.840000000000000000e+02 4.300000000000000000e+01 5.120000000000000000e+02
3.600000000000000000e+01 0.000000000000000000e+00 9.400000000000000000e+01 3.800000000000000000e+01
4.600000000000000000e+01 3.950000000000000000e+02 1.370000000000000000e+02 4.450000000000000000e+02
9.300000000000000000e+01 2.500000000000000000e+01 1.650000000000000000e+02 9.200000000000000000e+01
9.600000000000000000e+01 2.760000000000000000e+02 1.370000000000000000e+02 3.170000000000000000e+02
9.800000000000000000e+01 3.300000000000000000e+02 1.480000000000000000e+02 3.820000000000000000e+02
1.080000000000000000e+02 4.520000000000000000e+02 1.770000000000000000e+02 5.120000000000000000e+02
1.580000000000000000e+02 3.200000000000000000e+01 2.180000000000000000e+02 1.370000000000000000e+02
1.630000000000000000e+02 2.350000000000000000e+02 2.260000000000000000e+02 3.010000000000000000e+02
2.010000000000000000e+02 3.290000000000000000e+02 2.470000000000000000e+02 3.730000000000000000e+02
2.420000000000000000e+02 2.650000000000000000e+02 3.590000000000000000e+02 3.710000000000000000e+02
2.480000000000000000e+02 4.520000000000000000e+02 3.130000000000000000e+02 4.960000000000000000e+02
2.540000000000000000e+02 3.820000000000000000e+02 3.320000000000000000e+02 4.650000000000000000e+02
2.610000000000000000e+02 5.060000000000000000e+02 2.940000000000000000e+02 5.120000000000000000e+02
2.710000000000000000e+02 1.850000000000000000e+02 3.180000000000000000e+02 2.290000000000000000e+02
3.210000000000000000e+02 3.700000000000000000e+02 3.770000000000000000e+02 4.250000000000000000e+02
3.660000000000000000e+02 9.900000000000000000e+01 4.100000000000000000e+02 1.490000000000000000e+02
3.780000000000000000e+02 4.490000000000000000e+02 4.440000000000000000e+02 5.080000000000000000e+02
4.020000000000000000e+02 2.280000000000000000e+02 4.500000000000000000e+02 2.860000000000000000e+02
4.210000000000000000e+02 3.310000000000000000e+02 4.730000000000000000e+02 3.790000000000000000e+02
4.290000000000000000e+02 3.800000000000000000e+02 5.060000000000000000e+02 4.690000000000000000e+02
4.410000000000000000e+02 0.000000000000000000e+00 5.120000000000000000e+02 6.500000000000000000e+01
4.530000000000000000e+02 2.320000000000000000e+02 5.120000000000000000e+02 2.940000000000000000e+02
4.990000000000000000e+02 3.120000000000000000e+02 5.120000000000000000e+02 3.600000000000000000e+02
5.100000000000000000e+02 1.800000000000000000e+02 5.120000000000000000e+02 1.940000000000000000e+02
