0.000000000000000000e+00 1.650000000000000000e+02 5.000000000000000000e+00 1.860000000000000000e+02
1.300000000000000000e+01 2.340000000000000000e+02 7.500000000000000000e+01 3.170000000000000000e+02
3.400000000000000000e+01 6.200000000000000000e+01 7.200000000000000000e+01 1.150000000000000000e+02
5.300000000000000000e+01 2.180000000000000000e+02 1.010000000000000000e+02 2.940000000000000000e+02
8.300000000000000000e+01 3.400000000000000000e+01 1.130000000000000000e+02 7.600000000000000000e+01
1.220000000000000000e+02 1.570000000000000000e+02 1.730000000000000000e+02 2.050000000000000000e+02
1.390000000000000000e+02 4.050000000000000000e+02 1.820000000000000000e+02 4.560000000000000000e+02
1.940000000000000000e+02 4.780000000000000000e+02 2.330000000000000000e+02 5.120000000000000000e+02
2.440000000000000000e+02 4.650000000000000000e+02 3.010000000000000000e+02 4.960000000000000000e+02
2.570000000000000000e+02 0.000000000000000000e+00 2.990000000000000000e+02 1.300000000000000000e+01
2.720000000000000000e+02 4.310000000000000000e+02 3.020000000000000000e+02 4.640000000000000000e+02
2.790000000000000000e+02 2.750000000000000000e+02 3.250000000000000000e+02 3.260000000000000000e+02
2.800000000000000000e+02 0.000000000000000000e+00 3.310000000000000000e+02 4.500000000000000000e+01
2.920000000000000000e+02 4.090000000000000000e+02 3.420000000000000000e+02 4.470000000000000000e+02
3.870000000000000000e+02 4.800000000000000000e+02 4.100000000000000000e+02 4.960000000000000000e+02
4.530000000000000000e+02 3.660000000000000000e+02 4.990000000000000000e+02 4.100000000000000000e+02
5.000000000000000000e+02 3.100000000000000000e+02 5.120000000000000000e+02 3.250000000000000000e+02
