1.000000000000000000e+00 3.250000000000000000e+02 8.200000000000000000e+01 4.080000000000000000e+02
3.900000000000000000e+01 1.080000000000000000e+02 1.300000000000000000e+02 2.030000000000000000e+02
9.300000000000000000e+01 2.450000000000000000e+02 1.420000000000000000e+02 2.960000000000000000e+02
9.500000000000000000e+01 3.030000000000000000e+02 1.700000000000000000e+02 3.920000000000000000e+02
1.200000000000000000e+02 9.000000000000000000e+00 1.840000000000000000e+02 4.000000000000000000e+01
2.550000000000000000e+02 2.030000000000000000e+02 3.240000000000000000e+02 2.780000000000000000e+02
3.420000000000000000e+02 1.320000000000000000e+02 3.970000000000000000e+02 2.030000000000000000e+02
3.480000000000000000e+02 4.110000000000000000e+02 4.490000000000000000e+02 5.000000000000000000e+02
3.830000000000000000e+02 9.000000000000000000e+00 4.400000000000000000e+02 5.200000000000000000e+01
4.540000000000000000e+02 1.350000000000000000e+02 5.110000000000000000e+02 2.080000000000000000e+02
