1.000000000000000000e+00 3.270000000000000000e+02 3.100000000000000000e+01 3.920000000000000000e+02
5.600000000000000000e+01 2.410000000000000000e+02 1.510000000000000000e+02 3.140000000000000000e+02
5.700000000000000000e+01 4.180000000000000000e+02 1.380000000000000000e+02 4.930000000000000000e+02
1.000000000000000000e+02 0.000000000000000000e+00 1.980000000000000000e+02 6.600000000000000000e+01
1.330000000000000000e+02 3.790000000000000000e+02 2.080000000000000000e+02 4.460000000000000000e+02
1.600000000000000000e+02 1.400000000000000000e+02 2.390000000000000000e+02 2.070000000000000000e+02
1.980000000000000000e+02 8.500000000000000000e+01 2.770000000000000000e+02 1.520000000000000000e+02
2.310000000000000000e+02 3.660000000000000000e+02 3.000000000000000000e+02 4.390000000000000000e+02
2.880000000000000000e+02 2.490000000000000000e+02 3.550000000000000000e+02 3.220000000000000000e+02
3.200000000000000000e+02 4.030000000000000000e+02 4.190000000000000000e+02 4.920000000000000000e+02
