0.000000000000000000e+00 1.340000000000000000e+02 1.100000000000000000e+01 1.570000000000000000e+02
0.000000000000000000e+00 2.110000000000000000e+02 7.200000000000000000e+01 2.950000000000000000e+02
1.600000000000000000e+01 1.000000000000000000e+00 8.600000000000000000e+01 3.900000000000000000e+01
2.900000000000000000e+01 2.990000000000000000e+02 9.000000000000000000e+01 3.580000000000000000e+02
4.600000000000000000e+01 4.670000000000000000e+02 1.120000000000000000e+02 5.120000000000000000e+02
1.320000000000000000e+02 2.150000000000000000e+02 2.080000000000000000e+02 3.260000000000000000e+02
1.500000000000000000e+02 3.920000000000000000e+02 2.620000000000000000e+02 4.960000000000000000e+02
1.930000000000000000e+02 2.760000000000000000e+02 2.860000000000000000e+02 3.760000000000000000e+02
2.320000000000000000e+02 3.400000000000000000e+01 3.390000000000000000e+02 1.690000000000000000e+02
2.990000000000000000e+02 4.520000000000000000e+02 3.620000000000000000e+02 5.120000000000000000e+02
3.000000000000000000e+02 3.220000000000000000e+02 3.990000000000000000e+02 4.450000000000000000e+02
3.300000000000000000e+02 4.740000000000000000e+02 4.210000000000000000e+02 5.120000000000000000e+02
3.930000000000000000e+02 1.000000000000000000e+00 4.510000000000000000e+02 2.600000000000000000e+01
4.120000000000000000e+02 1.580000000000000000e+02 4.750000000000000000e+02 2.200000000000000000e+02
4.150000000000000000e+02 3.040000000000000000e+02 4.820000000000000000e+02 3.690000000000000000e+02
4.210000000000000000e+02 4.900000000000000000e+01 5.120000000000000000e+02 1.180000000000000000e+02
4.240000000000000000e+02 3.940000000000000000e+02 5.050000000000000000e+02 4.670000000000000000e+02
4.900000000000000000e+02 1.000000000000000000e+00 5.110000000000000000e+02 2.800000000000000000e+01
