2.000000000000000000e+00 3.000000000000000000e+00 5.000000000000000000e+01 3.200000000000000000e+01
3.000000000000000000e+00 4.700000000000000000e+01 2.500000000000000000e+01 1.180000000000000000e+02
6.200000000000000000e+01 2.940000000000000000e+02 1.250000000000000000e+02 3.570000000000000000e+02
1.170000000000000000e+02 3.430000000000000000e+02 1.810000000000000000e+02 4.440000000000000000e+02
1.180000000000000000e+02 1.000000000000000000e+00 1.930000000000000000e+02 3.000000000000000000e+01
1.320000000000000000e+02 2.580000000000000000e+02 2.010000000000000000e+02 3.210000000000000000e+02
1.380000000000000000e+02 4.400000000000000000e+01 2.730000000000000000e+02 1.790000000000000000e+02
1.860000000000000000e+02 2.850000000000000000e+02 2.450000000000000000e+02 3.420000000000000000e+02
1.990000000000000000e+02 4.020000000000000000e+02 2.760000000000000000e+02 4.710000000000000000e+02
2.440000000000000000e+02 3.290000000000000000e+02 3.010000000000000000e+02 3.780000000000000000e+02
2.810000000000000000e+02 2.090000000000000000e+02 3.550000000000000000e+02 2.900000000000000000e+02
2.890000000000000000e+02 4.650000000000000000e+02 3.510000000000000000e+02 5.100000000000000000e+02
2.990000000000000000e+02 1.190000000000000000e+02 3.680000000000000000e+02 1.880000000000000000e+02
3.370000000000000000e+02 3.400000000000000000e+01 3.920000000000000000e+02 8.900000000000000000e+01
3.740000000000000000e+02 2.470000000000000000e+02 4.250000000000000000e+02 2.960000000000000000e+02
3.810000000000000000e+02 1.000000000000000000e+00 4.760000000000000000e+02 4.800000000000000000e+01
4.020000000000000000e+02 4.460000000000000000e+02 4.710000000000000000e+02 5.090000000000000000e+02
4.390000000000000000e+02 3.430000000000000000e+02 5.100000000000000000e+02 4.160000000000000000e+02
4.680000000000000000e+02 1.470000000000000000e+02 5.100000000000000000e+02 2.380000000000000000e+02
4.720000000000000000e+02 2.540000000000000000e+02 5.100000000000000000e+02 3.340000000000000000e+02
