0.000000000000000000e+00 3.450000000000000000e+02 1.700000000000000000e+01 4.060000000000000000e+02
2.000000000000000000e+01 9.600000000000000000e+01 9.200000000000000000e+01 1.710000000000000000e+02
8.600000000000000000e+01 2.060000000000000000e+02 1.610000000000000000e+02 2.820000000000000000e+02
9.100000000000000000e+01 5.900000000000000000e+01 1.680000000000000000e+02 1.390000000000000000e+02
1.290000000000000000e+02 3.550000000000000000e+02 2.050000000000000000e+02 4.350000000000000000e+02
1.440000000000000000e+02 0.000000000000000000e+00 2.110000000000000000e+02 6.000000000000000000e+01
1.940000000000000000e+02 3.720000000000000000e+02 2.670000000000000000e+02 4.490000000000000000e+02
1.950000000000000000e+02 4.630000000000000000e+02 2.680000000000000000e+02 5.120000000000000000e+02
2.580000000000000000e+02 0.000000000000000000e+00 3.410000000000000000e+02 2.600000000000000000e+01
2.640000000000000000e+02 1.390000000000000000e+02 3.530000000000000000e+02 2.810000000000000000e+02
3.260000000000000000e+02 5.020000000000000000e+02 3.530000000000000000e+02 5.120000000000000000e+02
3.670000000000000000e+02 3.480000000000000000e+02 4.430000000000000000e+02 4.200000000000000000e+02
3.800000000000000000e+02 3.900000000000000000e+01 4.590000000000000000e+02 1.200000000000000000e+02
4.770000000000000000e+02 3.700000000000000000e+01 5.120000000000000000e+02 1.040000000000000000e+02
