2.000000000000000000e+01 3.790000000000000000e+02 4.200000000000000000e+01 4.230000000000000000e+02
4.400000000000000000e+01 3.670000000000000000e+02 7.000000000000000000e+01 4.090000000000000000e+02
1.130000000000000000e+02 3.290000000000000000e+02 1.510000000000000000e+02 3.660000000000000000e+02
1.140000000000000000e+02 2.800000000000000000e+01 1.990000000000000000e+02 9.100000000000000000e+01
1.330000000000000000e+02 0.000000000000000000e+00 2.110000000000000000e+02 3.600000000000000000e+01
1.750000000000000000e+02 2.400000000000000000e+02 2.250000000000000000e+02 2.960000000000000000e+02
2.470000000000000000e+02 2.060000000000000000e+02 3.270000000000000000e+02 2.630000000000000000e+02
3.330000000000000000e+02 2.630000000000000000e+02 3.710000000000000000e+02 3.170000000000000000e+02
3.590000000000000000e+02 4.690000000000000000e+02 4.030000000000000000e+02 5.120000000000000000e+02
4.240000000000000000e+02 1.830000000000000000e+02 4.600000000000000000e+02 2.270000000000000000e+02
4.750000000000000000e+02 4.800000000000000000e+02 4.940000000000000000e+02 4.990000000000000000e+02
4.860000000000000000e+02 0.000000000000000000e+00 5.120000000000000000e+02 7.000000000000000000e+00
4.870000000000000000e+02 2.150000000000000000e+02 5.120000000000000000e+02 2.680000000000000000e+02
4.910000000000000000e+02 3.290000000000000000e+02 5.120000000000000000e+02 3.640000000000000000e+02
