0.000000000000000000e+00 1.870000000000000000e+02 1.200000000000000000e+01 2.020000000000000000e+02
1.300000000000000000e+01 1.020000000000000000e+02 5.900000000000000000e+01 1.460000000000000000e+02
1.020000000000000000e+02 1.600000000000000000e+01 1.250000000000000000e+02 3.200000000000000000e+01
1.700000000000000000e+02 6.500000000000000000e+01 2.200000000000000000e+02 1.030000000000000000e+02
1.810000000000000000e+02 4.670000000000000000e+02 2.320000000000000000e+02 5.120000000000000000e+02
1.870000000000000000e+02 1.860000000000000000e+02 2.330000000000000000e+02 2.370000000000000000e+02
2.100000000000000000e+02 4.800000000000000000e+01 2.400000000000000000e+02 8.100000000000000000e+01
2.110000000000000000e+02 1.600000000000000000e+01 2.680000000000000000e+02 4.700000000000000000e+01
2.130000000000000000e+02 4.990000000000000000e+02 2.550000000000000000e+02 5.120000000000000000e+02
2.790000000000000000e+02 0.000000000000000000e+00 3.180000000000000000e+02 3.400000000000000000e+01
3.300000000000000000e+02 5.600000000000000000e+01 3.730000000000000000e+02 1.070000000000000000e+02
3.390000000000000000e+02 3.070000000000000000e+02 3.900000000000000000e+02 3.550000000000000000e+02
3.990000000000000000e+02 4.360000000000000000e+02 4.290000000000000000e+02 4.780000000000000000e+02
4.110000000000000000e+02 2.180000000000000000e+02 4.590000000000000000e+02 2.940000000000000000e+02
4.370000000000000000e+02 1.950000000000000000e+02 4.990000000000000000e+02 2.780000000000000000e+02
4.400000000000000000e+02 3.970000000000000000e+02 4.780000000000000000e+02 4.500000000000000000e+02
5.070000000000000000e+02 3.260000000000000000e+02 5.120000000000000000e+02 3.470000000000000000e+02
