0.000000000000000000e+00 3.650000000000000000e+02 3.500000000000000000e+01 4.430000000000000000e+02
0.000000000000000000e+00 4.820000000000000000e+02 4.600000000000000000e+01 5.120000000000000000e+02
1.500000000000000000e+01 2.680000000000000000e+02 8.800000000000000000e+01 3.430000000000000000e+02
3.200000000000000000e+01 1.030000000000000000e+02 6.700000000000000000e+01 1.640000000000000000e+02
4.500000000000000000e+01 0.000000000000000000e+00 9.600000000000000000e+01 4.700000000000000000e+01
7.300000000000000000e+01 1.360000000000000000e+02 1.380000000000000000e+02 2.150000000000000000e+02
9.600000000000000000e+01 4.950000000000000000e+02 1.380000000000000000e+02 5.120000000000000000e+02
1.170000000000000000e+02 3.930000000000000000e+02 1.970000000000000000e+02 4.900000000000000000e+02
2.010000000000000000e+02 2.040000000000000000e+02 2.480000000000000000e+02 2.650000000000000000e+02
2.020000000000000000e+02 3.010000000000000000e+02 2.610000000000000000e+02 3.600000000000000000e+02
2.800000000000000000e+02 3.110000000000000000e+02 3.370000000000000000e+02 3.820000000000000000e+02
3.460000000000000000e+02 3.200000000000000000e+02 4.130000000000000000e+02 4.170000000000000000e+02
3.520000000000000000e+02 1.690000000000000000e+02 4.130000000000000000e+02 2.340000000000000000e+02
4.100000000000000000e+02 1.330000000000000000e+02 4.610000000000000000e+02 1.940000000000000000e+02
4.440000000000000000e+02 2.600000000000000000e+01 5.120000000000000000e+02 1.220000000000000000e+02
4.740000000000000000e+02 1.970000000000000000e+02 5.120000000000000000e+02 2.650000000000000000e+02
4.990000000000000000e+02 4.130000000000000000e+02 5.120000000000000000e+02 4.620000000000000000e+02
