1.000000000000000000e+00 0.000000000000000000e+00 7.600000000000000000e+01 7.400000000000000000e+01
1.600000000000000000e+01 3.110000000000000000e+02 9.500000000000000000e+01 3.900000000000000000e+02
4.600000000000000000e+01 1.480000000000000000e+02 1.280000000000000000e+02 2.010000000000000000e+02
9.100000000000000000e+01 0.000000000000000000e+00 1.520000000000000000e+02 5.500000000000000000e+01
1.250000000000000000e+02 4.940000000000000000e+02 1.730000000000000000e+02 5.120000000000000000e+02
1.440000000000000000e+02 1.390000000000000000e+02 2.250000000000000000e+02 2.580000000000000000e+02
1.820000000000000000e+02 2.870000000000000000e+02 2.810000000000000000e+02 3.520000000000000000e+02
1.960000000000000000e+02 7.100000000000000000e+01 2.310000000000000000e+02 1.060000000000000000e+02
2.900000000000000000e+02 1.450000000000000000e+02 3.310000000000000000e+02 2.060000000000000000e+02
2.980000000000000000e+02 2.000000000000000000e+01 4.580000000000000000e+02 1.120000000000000000e+02
3.260000000000000000e+02 3.960000000000000000e+02 4.010000000000000000e+02 4.850000000000000000e+02
3.800000000000000000e+02 2.550000000000000000e+02 4.630000000000000000e+02 3.080000000000000000e+02
4.750000000000000000e+02 4.500000000000000000e+01 5.120000000000000000e+02 8.600000000000000000e+01
