0.000000000000000000e+00 9.000000000000000000e+01 6.200000000000000000e+01 1.650000000000000000e+02
0.000000000000000000e+00 1.470000000000000000e+02 2.900000000000000000e+01 2.090000000000000000e+02
0.000000000000000000e+00 3.610000000000000000e+02 1.300000000000000000e+01 4.050000000000000000e+02
2.200000000000000000e+01 2.250000000000000000e+02 1.280000000000000000e+02 2.870000000000000000e+02
1.190000000000000000e+02 5.000000000000000000e+01 1.630000000000000000e+02 8.400000000000000000e+01
1.540000000000000000e+02 3.930000000000000000e+02 2.210000000000000000e+02 4.630000000000000000e+02
2.000000000000000000e+02 2.710000000000000000e+02 2.390000000000000000e+02 3.120000000000000000e+02
2.950000000000000000e+02 2.190000000000000000e+02 3.550000000000000000e+02 2.610000000000000000e+02
3.060000000000000000e+02 3.000000000000000000e+01 3.630000000000000000e+02 6.400000000000000000e+01
3.140000000000000000e+02 6.700000000000000000e+01 3.690000000000000000e+02 1.390000000000000000e+02
3.870000000000000000e+02 2.370000000000000000e+02 4.300000000000000000e+02 2.650000000000000000e+02
4.100000000000000000e+02 2.830000000000000000e+02 4.510000000000000000e+02 3.010000000000000000e+02
4.660000000000000000e+02 1.600000000000000000e+01 5.120000000000000000e+02 1.110000000000000000e+02
