0.000000000000000000e+00 2.630000000000000000e+02 1.300000000000000000e+01 2.930000000000000000e+02
1.600000000000000000e+01 3.680000000000000000e+02 8.700000000000000000e+01 4.570000000000000000e+02
4.600000000000000000e+01 6.300000000000000000e+01 1.320000000000000000e+02 1.910000000000000000e+02
1.360000000000000000e+02 0.000000000000000000e+00 2.110000000000000000e+02 6.800000000000000000e+01
1.540000000000000000e+02 3.460000000000000000e+02 2.190000000000000000e+02 4.070000000000000000e+02
1.560000000000000000e+02 2.060000000000000000e+02 2.270000000000000000e+02 2.930000000000000000e+02
2.700000000000000000e+02 4.210000000000000000e+02 3.170000000000000000e+02 4.640000000000000000e+02
2.830000000000000000e+02 3.050000000000000000e+02 3.320000000000000000e+02 3.740000000000000000e+02
3.010000000000000000e+02 5.200000000000000000e+01 3.970000000000000000e+02 1.470000000000000000e+02
3.760000000000000000e+02 4.080000000000000000e+02 4.130000000000000000e+02 4.590000000000000000e+02
4.090000000000000000e+02 2.030000000000000000e+02 4.680000000000000000e+02 2.740000000000000000e+02
4.260000000000000000e+02 3.620000000000000000e+02 4.570000000000000000e+02 3.890000000000000000e+02
4.340000000000000000e+02 1.270000000000000000e+02 4.810000000000000000e+02 1.780000000000000000e+02
4.840000000000000000e+02 3.590000000000000000e+02 5.120000000000000000e+02 4.050000000000000000e+02
