0.000000000000000000e+00 1.630000000000000000e+02 7.500000000000000000e+01 2.500000000000000000e+02
6.000000000000000000e+00 2.920000000000000000e+02 6.900000000000000000e+01 3.570000000000000000e+02
4.900000000000000000e+01 3.700000000000000000e+02 1.340000000000000000e+02 4.550000000000000000e+02
8.300000000000000000e+01 0.000000000000000000e+00 1.670000000000000000e+02 3.900000000000000000e+01
9.700000000000000000e+01 9.600000000000000000e+01 2.180000000000000000e+02 1.860000000000000000e+02
1.070000000000000000e+02 2.890000000000000000e+02 1.880000000000000000e+02 3.720000000000000000e+02
1.530000000000000000e+02 4.380000000000000000e+02 2.300000000000000000e+02 5.110000000000000000e+02
2.390000000000000000e+02 4.700000000000000000e+02 3.020000000000000000e+02 5.110000000000000000e+02
2.450000000000000000e+02 1.440000000000000000e+02 3.100000000000000000e+02 2.090000000000000000e+02
3.110000000000000000e+02 2.950000000000000000e+02 3.920000000000000000e+02 3.820000000000000000e+02
4.740000000000000000e+02 3.850000000000000000e+02 5.110000000000000000e+02 4.640000000000000000e+02
