0.000000000000000000e+00 2.450000000000000000e+02 6.000000000000000000e+00 2.650000000000000000e+02
0.000000000000000000e+00 4.490000000000000000e+02 2.000000000000000000e+00 4.570000000000000000e+02
0.000000000000000000e+00 4.870000000000000000e+02 4.900000000000000000e+01 5.120000000000000000e+02
4.400000000000000000e+01 1.710000000000000000e+02 1.010000000000000000e+02 2.270000000000000000e+02
1.220000000000000000e+02 2.850000000000000000e+02 1.700000000000000000e+02 3.280000000000000000e+02
1.510000000000000000e+02 9.000000000000000000e+01 2.010000000000000000e+02 1.420000000000000000e+02
1.640000000000000000e+02 4.240000000000000000e+02 2.180000000000000000e+02 4.720000000000000000e+02
2.270000000000000000e+02 0.000000000000000000e+00 2.980000000000000000e+02 5.800000000000000000e+01
2.380000000000000000e+02 5.110000000000000000e+02 2.400000000000000000e+02 5.120000000000000000e+02
2.450000000000000000e+02 1.690000000000000000e+02 3.170000000000000000e+02 2.410000000000000000e+02
3.680000000000000000e+02 1.500000000000000000e+01 4.230000000000000000e+02 6.600000000000000000e+01
3.680000000000000000e+02 1.470000000000000000e+02 4.200000000000000000e+02 1.930000000000000000e+02
4.170000000000000000e+02 2.860000000000000000e+02 4.670000000000000000e+02 3.260000000000000000e+02
4.900000000000000000e+02 2.810000000000000000e+02 5.120000000000000000e+02 3.070000000000000000e+02
4.920000000000000000e+02 3.340000000000000000e+02 5.120000000000000000e+02 3.920000000000000000e+02
