1.000000000000000000e+00 2.540000000000000000e+02 6.000000000000000000e+01 3.110000000000000000e+02
8.900000000000000000e+01 3.690000000000000000e+02 2.110000000000000000e+02 4.970000000000000000e+02
1.240000000000000000e+02 1.120000000000000000e+02 2.250000000000000000e+02 1.950000000000000000e+02
1.300000000000000000e+02 2.200000000000000000e+02 2.130000000000000000e+02 3.090000000000000000e+02
1.520000000000000000e+02 1.400000000000000000e+01 2.530000000000000000e+02 1.150000000000000000e+02
3.040000000000000000e+02 2.630000000000000000e+02 3.690000000000000000e+02 3.220000000000000000e+02
3.180000000000000000e+02 5.100000000000000000e+01 3.750000000000000000e+02 1.080000000000000000e+02
3.290000000000000000e+02 1.120000000000000000e+02 4.020000000000000000e+02 1.830000000000000000e+02
4.740000000000000000e+02 3.980000000000000000e+02 5.090000000000000000e+02 4.770000000000000000e+02
4.840000000000000000e+02 2.340000000000000000e+02 5.120000000000000000e+02 3.390000000000000000e+02
4.920000000000000000e+02 5.900000000000000000e+01 5.120000000000000000e+02 9.900000000000000000e+01
