7.000000000000000000e+00 1.780000000000000000e+02 3.400000000000000000e+01 2.490000000000000000e+02
3.600000000000000000e+01 2.550000000000000000e+02 9.800000000000000000e+01 3.210000000000000000e+02
6.800000000000000000e+01 1.280000000000000000e+02 1.300000000000000000e+02 1.830000000000000000e+02
8.500000000000000000e+01 2.050000000000000000e+02 1.330000000000000000e+02 2.350000000000000000e+02
1.000000000000000000e+02 0.000000000000000000e+00 1.520000000000000000e+02 4.600000000000000000e+01
1.030000000000000000e+02 3.350000000000000000e+02 1.670000000000000000e+02 4.190000000000000000e+02
1.320000000000000000e+02 4.540000000000000000e+02 1.930000000000000000e+02 5.070000000000000000e+02
1.450000000000000000e+02 1.790000000000000000e+02 1.830000000000000000e+02 2.230000000000000000e+02
1.490000000000000000e+02 8.200000000000000000e+01 2.080000000000000000e+02 1.440000000000000000e+02
1.930000000000000000e+02 3.590000000000000000e+02 2.230000000000000000e+02 4.060000000000000000e+02
1.970000000000000000e+02 4.640000000000000000e+02 2.310000000000000000e+02 5.120000000000000000e+02
2.400000000000000000e+02 4.770000000000000000e+02 2.990000000000000000e+02 5.120000000000000000e+02
2.720000000000000000e+02 3.610000000000000000e+02 3.260000000000000000e+02 4.160000000000000000e+02
2.770000000000000000e+02 0.000000000000000000e+00 3.370000000000000000e+02 2.800000000000000000e+01
2.890000000000000000e+02 5.500000000000000000e+01 3.430000000000000000e+02 9.000000000000000000e+01
3.810000000000000000e+02 1.340000000000000000e+02 4.350000000000000000e+02 1.910000000000000000e+02
4.300000000000000000e+02 3.800000000000000000e+02 5.110000000000000000e+02 4.670000000000000000e+02
4.540000000000000000e+02 7.600000000000000000e+01 5.070000000000000000e+02 1.210000000000000000e+02
