0.000000000000000000e+00 4.330000000000000000e+02 6.900000000000000000e+01 5.120000000000000000e+02
1.500000000000000000e+01 1.170000000000000000e+02 8.800000000000000000e+01 2.020000000000000000e+02
7.200000000000000000e+01 3.250000000000000000e+02 1.220000000000000000e+02 3.630000000000000000e+02
8.800000000000000000e+01 4.550000000000000000e+02 1.420000000000000000e+02 5.120000000000000000e+02
1.220000000000000000e+02 0.000000000000000000e+00 1.670000000000000000e+02 1.700000000000000000e+01
1.460000000000000000e+02 3.040000000000000000e+02 2.070000000000000000e+02 3.620000000000000000e+02
1.510000000000000000e+02 2.480000000000000000e+02 1.860000000000000000e+02 3.000000000000000000e+02
1.890000000000000000e+02 4.150000000000000000e+02 2.180000000000000000e+02 4.380000000000000000e+02
1.910000000000000000e+02 1.550000000000000000e+02 2.740000000000000000e+02 2.170000000000000000e+02
2.850000000000000000e+02 3.080000000000000000e+02 3.270000000000000000e+02 3.610000000000000000e+02
2.980000000000000000e+02 4.080000000000000000e+02 3.810000000000000000e+02 4.780000000000000000e+02
3.330000000000000000e+02 2.200000000000000000e+01 4.010000000000000000e+02 1.160000000000000000e+02
3.850000000000000000e+02 1.980000000000000000e+02 4.540000000000000000e+02 2.520000000000000000e+02
3.980000000000000000e+02 4.230000000000000000e+02 4.530000000000000000e+02 4.810000000000000000e+02
4.240000000000000000e+02 5.010000000000000000e+02 4.730000000000000000e+02 5.120000000000000000e+02
4.750000000000000000e+02 4.190000000000000000e+02 5.120000000000000000e+02 4.590000000000000000e+02
5.010000000000000000e+02 3.740000000000000000e+02 5.120000000000000000e+02 4.140000000000000000e+02
