0.000000000000000000e+00 4.530000000000000000e+02 1.300000000000000000e+01 5.090000000000000000e+02
6.000000000000000000e+00 1.380000000000000000e+02 5.900000000000000000e+01 1.870000000000000000e+02
2.000000000000000000e+01 2.280000000000000000e+02 7.300000000000000000e+01 2.790000000000000000e+02
3.500000000000000000e+01 6.800000000000000000e+01 7.800000000000000000e+01 1.070000000000000000e+02
9.300000000000000000e+01 5.500000000000000000e+01 1.510000000000000000e+02 9.800000000000000000e+01
9.400000000000000000e+01 3.130000000000000000e+02 1.690000000000000000e+02 3.760000000000000000e+02
1.020000000000000000e+02 1.670000000000000000e+02 1.470000000000000000e+02 2.060000000000000000e+02
1.060000000000000000e+02 4.830000000000000000e+02 1.530000000000000000e+02 5.120000000000000000e+02
1.740000000000000000e+02 4.290000000000000000e+02 2.490000000000000000e+02 4.980000000000000000e+02
2.030000000000000000e+02 2.430000000000000000e+02 2.960000000000000000e+02 3.270000000000000000e+02
2.310000000000000000e+02 4.200000000000000000e+01 2.760000000000000000e+02 8.300000000000000000e+01
2.620000000000000000e+02 0.000000000000000000e+00 3.200000000000000000e+02 3.100000000000000000e+01
2.710000000000000000e+02 4.300000000000000000e+02 3.430000000000000000e+02 5.120000000000000000e+02
3.600000000000000000e+02 3.560000000000000000e+02 4.260000000000000000e+02 4.140000000000000000e+02
3.670000000000000000e+02 2.920000000000000000e+02 4.190000000000000000e+02 3.330000000000000000e+02
4.170000000000000000e+02 0.000000000000000000e+00 4.670000000000000000e+02 1.600000000000000000e+01
4.430000000000000000e+02 3.810000000000000000e+02 5.080000000000000000e+02 4.460000000000000000e+02
4.720000000000000000e+02 4.270000000000000000e+02 5.120000000000000000e+02 4.810000000000000000e+02
4.760000000000000000e+02 7.500000000000000000e+01 5.120000000000000000e+02 1.140000000000000000e+02
4.980000000000000000e+02 4.890000000000000000e+02 5.120000000000000000e+02 5.100000000000000000e+02
