7.000000000000000000e+00 0.000000000000000000e+00 5.700000000000000000e+01 4.100000000000000000e+01
3.800000000000000000e+01 1.800000000000000000e+02 8.400000000000000000e+01 2.300000000000000000e+02
5.000000000000000000e+01 3.130000000000000000e+02 1.360000000000000000e+02 3.980000000000000000e+02
9.700000000000000000e+01 7.200000000000000000e+01 1.570000000000000000e+02 1.540000000000000000e+02
1.460000000000000000e+02 1.010000000000000000e+02 2.070000000000000000e+02 1.640000000000000000e+02
1.830000000000000000e+02 3.530000000000000000e+02 2.460000000000000000e+02 4.180000000000000000e+02
2.380000000000000000e+02 1.250000000000000000e+02 2.930000000000000000e+02 1.680000000000000000e+02
2.480000000000000000e+02 0.000000000000000000e+00 2.850000000000000000e+02 1.400000000000000000e+01
2.640000000000000000e+02 4.400000000000000000e+01 3.250000000000000000e+02 1.010000000000000000e+02
2.810000000000000000e+02 4.950000000000000000e+02 3.080000000000000000e+02 5.120000000000000000e+02
3.340000000000000000e+02 4.520000000000000000e+02 4.000000000000000000e+02 5.120000000000000000e+02
3.390000000000000000e+02 1.590000000000000000e+02 3.550000000000000000e+02 1.720000000000000000e+02
3.760000000000000000e+02 0.000000000000000000e+00 4.370000000000000000e+02 4.700000000000000000e+01
4.900000000000000000e+02 3.610000000000000000e+02 5.120000000000000000e+02 4.020000000000000000e+02
5.050000000000000000e+02 1.880000000000000000e+02 5.120000000000000000e+02 2.270000000000000000e+02
