0.000000000000000000e+00 0.000000000000000000e+00 2.800000000000000000e+01 2.200000000000000000e+01
0.000000000000000000e+00 4.300000000000000000e+01 2.100000000000000000e+01 1.010000000000000000e+02
0.000000000000000000e+00 1.570000000000000000e+02 1.320000000000000000e+02 2.690000000000000000e+02
1.140000000000000000e+02 2.310000000000000000e+02 1.680000000000000000e+02 2.860000000000000000e+02
1.260000000000000000e+02 5.030000000000000000e+02 1.530000000000000000e+02 5.120000000000000000e+02
1.970000000000000000e+02 4.080000000000000000e+02 2.850000000000000000e+02 4.980000000000000000e+02
2.000000000000000000e+02 2.000000000000000000e+01 2.630000000000000000e+02 8.900000000000000000e+01
2.300000000000000000e+02 0.000000000000000000e+00 2.920000000000000000e+02 1.600000000000000000e+01
2.640000000000000000e+02 3.280000000000000000e+02 3.530000000000000000e+02 4.090000000000000000e+02
2.910000000000000000e+02 3.060000000000000000e+02 3.250000000000000000e+02 3.260000000000000000e+02
3.520000000000000000e+02 4.470000000000000000e+02 4.070000000000000000e+02 5.020000000000000000e+02
3.860000000000000000e+02 2.380000000000000000e+02 4.720000000000000000e+02 3.150000000000000000e+02
4.020000000000000000e+02 3.750000000000000000e+02 5.120000000000000000e+02 5.120000000000000000e+02
