0.000000000000000000e+00 4.230000000000000000e+02 8.000000000000000000e+00 4.560000000000000000e+02
3.600000000000000000e+01 4.400000000000000000e+01 1.230000000000000000e+02 1.310000000000000000e+02
6.500000000000000000e+01 4.470000000000000000e+02 1.550000000000000000e+02 5.120000000000000000e+02
1.260000000000000000e+02 0.000000000000000000e+00 1.460000000000000000e+02 7.000000000000000000e+00
1.260000000000000000e+02 3.450000000000000000e+02 2.240000000000000000e+02 4.370000000000000000e+02
2.010000000000000000e+02 2.740000000000000000e+02 2.830000000000000000e+02 3.570000000000000000e+02
2.090000000000000000e+02 5.020000000000000000e+02 2.530000000000000000e+02 5.120000000000000000e+02
2.190000000000000000e+02 0.000000000000000000e+00 2.930000000000000000e+02 5.900000000000000000e+01
2.250000000000000000e+02 1.580000000000000000e+02 3.240000000000000000e+02 2.530000000000000000e+02
2.630000000000000000e+02 4.010000000000000000e+02 3.980000000000000000e+02 5.120000000000000000e+02
2.770000000000000000e+02 2.200000000000000000e+01 3.430000000000000000e+02 8.900000000000000000e+01
3.510000000000000000e+02 0.000000000000000000e+00 3.970000000000000000e+02 1.800000000000000000e+01
3.690000000000000000e+02 5.400000000000000000e+01 4.390000000000000000e+02 1.690000000000000000e+02
4.490000000000000000e+02 3.670000000000000000e+02 5.120000000000000000e+02 4.510000000000000000e+02
4.820000000000000000e+02 8.000000000000000000e+01 5.120000000000000000e+02 1.250000000000000000e+02
5.050000000000000000e+02 3.340000000000000000e+02 5.120000000000000000e+02 3.540000000000000000e+02
