0.000000000000000000e+00 2.180000000000000000e+02 2.100000000000000000e+01 2.820000000000000000e+02
1.150000000000000000e+02 3.330000000000000000e+02 1.730000000000000000e+02 3.920000000000000000e+02
1.220000000000000000e+02 0.000000000000000000e+00 2.590000000000000000e+02 9.500000000000000000e+01
1.340000000000000000e+02 2.220000000000000000e+02 2.140000000000000000e+02 3.110000000000000000e+02
1.540000000000000000e+02 4.470000000000000000e+02 2.330000000000000000e+02 5.110000000000000000e+02
1.650000000000000000e+02 3.180000000000000000e+02 1.970000000000000000e+02 3.550000000000000000e+02
2.270000000000000000e+02 1.730000000000000000e+02 2.900000000000000000e+02 2.360000000000000000e+02
2.380000000000000000e+02 8.200000000000000000e+01 3.130000000000000000e+02 1.630000000000000000e+02
2.630000000000000000e+02 2.270000000000000000e+02 3.290000000000000000e+02 2.920000000000000000e+02
2.870000000000000000e+02 3.790000000000000000e+02 3.330000000000000000e+02 4.280000000000000000e+02
2.910000000000000000e+02 3.090000000000000000e+02 3.390000000000000000e+02 3.560000000000000000e+02
3.110000000000000000e+02 2.700000000000000000e+01 3.890000000000000000e+02 9.200000000000000000e+01
3.180000000000000000e+02 3.320000000000000000e+02 3.940000000000000000e+02 4.030000000000000000e+02
4.180000000000000000e+02 1.310000000000000000e+02 4.770000000000000000e+02 1.940000000000000000e+02
4.190000000000000000e+02 2.390000000000000000e+02 4.840000000000000000e+02 3.050000000000000000e+02
4.680000000000000000e+02 4.140000000000000000e+02 5.120000000000000000e+02 4.850000000000000000e+02
4.740000000000000000e+02 1.580000000000000000e+02 5.120000000000000000e+02 2.360000000000000000e+02
