0.000000000000000000e+00 1.710000000000000000e+02 2.000000000000000000e+00 1.820000000000000000e+02
0.000000000000000000e+00 4.780000000000000000e+02 2.800000000000000000e+01 5.120000000000000000e+02
3.000000000000000000e+00 2.050000000000000000e+02 4.600000000000000000e+01 2.610000000000000000e+02
7.700000000000000000e+01 4.280000000000000000e+02 1.170000000000000000e+02 4.710000000000000000e+02
8.100000000000000000e+01 3.290000000000000000e+02 1.320000000000000000e+02 3.890000000000000000e+02
1.470000000000000000e+02 2.530000000000000000e+02 1.760000000000000000e+02 3.000000000000000000e+02
1.760000000000000000e+02 2.800000000000000000e+01 2.220000000000000000e+02 6.200000000000000000e+01
2.200000000000000000e+02 3.260000000000000000e+02 2.770000000000000000e+02 3.880000000000000000e+02
2.590000000000000000e+02 1.400000000000000000e+01 3.410000000000000000e+02 9.600000000000000000e+01
3.000000000000000000e+02 4.740000000000000000e+02 3.800000000000000000e+02 5.120000000000000000e+02
3.320000000000000000e+02 3.510000000000000000e+02 3.890000000000000000e+02 4.070000000000000000e+02
3.390000000000000000e+02 1.550000000000000000e+02 3.930000000000000000e+02 2.130000000000000000e+02
3.520000000000000000e+02 5.000000000000000000e+01 4.030000000000000000e+02 1.100000000000000000e+02
4.130000000000000000e+02 3.010000000000000000e+02 4.560000000000000000e+02 3.490000000000000000e+02
4.820000000000000000e+02 4.220000000000000000e+02 5.120000000000000000e+02 4.770000000000000000e+02
