1.000000000000000000e+00 1.540000000000000000e+02 4.000000000000000000e+01 2.140000000000000000e+02
1.900000000000000000e+01 4.750000000000000000e+02 7.800000000000000000e+01 5.100000000000000000e+02
2.700000000000000000e+01 3.720000000000000000e+02 8.000000000000000000e+01 4.250000000000000000e+02
7.700000000000000000e+01 4.600000000000000000e+01 1.180000000000000000e+02 7.700000000000000000e+01
1.070000000000000000e+02 1.330000000000000000e+02 1.890000000000000000e+02 1.860000000000000000e+02
2.550000000000000000e+02 1.560000000000000000e+02 2.980000000000000000e+02 2.170000000000000000e+02
2.780000000000000000e+02 2.920000000000000000e+02 3.450000000000000000e+02 3.610000000000000000e+02
3.440000000000000000e+02 4.150000000000000000e+02 3.910000000000000000e+02 4.820000000000000000e+02
4.400000000000000000e+02 2.110000000000000000e+02 4.790000000000000000e+02 2.660000000000000000e+02
4.470000000000000000e+02 4.110000000000000000e+02 5.100000000000000000e+02 4.880000000000000000e+02
4.660000000000000000e+02 6.300000000000000000e+01 5.120000000000000000e+02 1.300000000000000000e+02
