0.000000000000000000e+00 2.860000000000000000e+02 1.600000000000000000e+01 3.150000000000000000e+02
0.000000000000000000e+00 4.570000000000000000e+02 6.600000000000000000e+01 5.120000000000000000e+02
3.200000000000000000e+01 0.000000000000000000e+00 8.700000000000000000e+01 1.500000000000000000e+01
5.900000000000000000e+01 4.600000000000000000e+01 1.400000000000000000e+02 1.550000000000000000e+02
1.390000000000000000e+02 5.000000000000000000e+02 1.700000000000000000e+02 5.120000000000000000e+02
1.880000000000000000e+02 3.930000000000000000e+02 2.590000000000000000e+02 4.620000000000000000e+02
2.330000000000000000e+02 0.000000000000000000e+00 3.080000000000000000e+02 5.100000000000000000e+01
2.390000000000000000e+02 1.350000000000000000e+02 3.700000000000000000e+02 3.710000000000000000e+02
3.120000000000000000e+02 4.690000000000000000e+02 3.700000000000000000e+02 5.110000000000000000e+02
3.670000000000000000e+02 2.880000000000000000e+02 4.320000000000000000e+02 3.620000000000000000e+02
3.710000000000000000e+02 5.700000000000000000e+01 4.140000000000000000e+02 1.060000000000000000e+02
3.840000000000000000e+02 2.000000000000000000e+00 4.580000000000000000e+02 3.900000000000000000e+01
4.130000000000000000e+02 1.820000000000000000e+02 5.080000000000000000e+02 3.060000000000000000e+02
