0.000000000000000000e+00 1.980000000000000000e+02 1.010000000000000000e+02 3.290000000000000000e+02
0.000000000000000000e+00 4.420000000000000000e+02 4.000000000000000000e+00 4.550000000000000000e+02
6.500000000000000000e+01 4.730000000000000000e+02 1.240000000000000000e+02 5.120000000000000000e+02
9.800000000000000000e+01 1.520000000000000000e+02 1.370000000000000000e+02 1.990000000000000000e+02
1.000000000000000000e+02 4.020000000000000000e+02 1.430000000000000000e+02 4.430000000000000000e+02
1.410000000000000000e+02 0.000000000000000000e+00 2.100000000000000000e+02 4.500000000000000000e+01
1.410000000000000000e+02 1.460000000000000000e+02 2.780000000000000000e+02 3.740000000000000000e+02
1.970000000000000000e+02 4.540000000000000000e+02 2.970000000000000000e+02 5.120000000000000000e+02
2.510000000000000000e+02 5.200000000000000000e+01 3.260000000000000000e+02 1.180000000000000000e+02
3.360000000000000000e+02 0.000000000000000000e+00 3.790000000000000000e+02 1.800000000000000000e+01
3.670000000000000000e+02 3.580000000000000000e+02 4.610000000000000000e+02 4.660000000000000000e+02
4.260000000000000000e+02 4.920000000000000000e+02 4.840000000000000000e+02 5.120000000000000000e+02
4.380000000000000000e+02 0.000000000000000000e+00 5.120000000000000000e+02 6.300000000000000000e+01
4.890000000000000000e+02 1.890000000000000000e+02 5.120000000000000000e+02 2.360000000000000000e+02
