8.400000000000000000e+01 1.850000000000000000e+02 1.500000000000000000e+02 2.480000000000000000e+02
1.280000000000000000e+02 5.100000000000000000e+02 1.450000000000000000e+02 5.120000000000000000e+02
1.710000000000000000e+02 3.940000000000000000e+02 2.430000000000000000e+02 4.540000000000000000e+02
1.840000000000000000e+02 2.680000000000000000e+02 2.410000000000000000e+02 3.250000000000000000e+02
1.910000000000000000e+02 1.880000000000000000e+02 2.250000000000000000e+02 2.240000000000000000e+02
2.690000000000000000e+02 7.600000000000000000e+01 3.240000000000000000e+02 1.070000000000000000e+02
2.770000000000000000e+02 4.840000000000000000e+02 3.340000000000000000e+02 5.120000000000000000e+02
3.330000000000000000e+02 5.600000000000000000e+01 3.690000000000000000e+02 8.700000000000000000e+01
4.200000000000000000e+02 1.340000000000000000e+02 4.810000000000000000e+02 2.040000000000000000e+02
4.300000000000000000e+02 2.530000000000000000e+02 4.740000000000000000e+02 2.970000000000000000e+02
4.770000000000000000e+02 4.210000000000000000e+02 5.120000000000000000e+02 4.880000000000000000e+02
