0.000000000000000000e+00 7.700000000000000000e+01 5.600000000000000000e+01 1.400000000000000000e+02
1.400000000000000000e+01 2.080000000000000000e+02 1.070000000000000000e+02 3.050000000000000000e+02
1.040000000000000000e+02 1.430000000000000000e+02 1.770000000000000000e+02 2.080000000000000000e+02
1.390000000000000000e+02 3.010000000000000000e+02 2.380000000000000000e+02 4.000000000000000000e+02
2.600000000000000000e+02 1.440000000000000000e+02 3.410000000000000000e+02 2.720000000000000000e+02
2.780000000000000000e+02 3.900000000000000000e+01 3.870000000000000000e+02 1.300000000000000000e+02
2.890000000000000000e+02 3.760000000000000000e+02 3.500000000000000000e+02 4.390000000000000000e+02
3.440000000000000000e+02 4.910000000000000000e+02 3.870000000000000000e+02 5.090000000000000000e+02
3.850000000000000000e+02 1.940000000000000000e+02 4.320000000000000000e+02 2.410000000000000000e+02
3.880000000000000000e+02 3.750000000000000000e+02 4.700000000000000000e+02 4.600000000000000000e+02
4.360000000000000000e+02 3.050000000000000000e+02 4.950000000000000000e+02 3.640000000000000000e+02
4.540000000000000000e+02 7.400000000000000000e+01 5.120000000000000000e+02 1.430000000000000000e+02
4.830000000000000000e+02 2.250000000000000000e+02 5.120000000000000000e+02 2.960000000000000000e+02
