1.000000000000000000e+00 2.010000000000000000e+02 6.000000000000000000e+01 2.580000000000000000e+02
8.900000000000000000e+01 1.500000000000000000e+01 2.110000000000000000e+02 1.430000000000000000e+02
1.240000000000000000e+02 3.170000000000000000e+02 2.250000000000000000e+02 4.000000000000000000e+02
1.300000000000000000e+02 2.030000000000000000e+02 2.130000000000000000e+02 2.920000000000000000e+02
1.520000000000000000e+02 3.970000000000000000e+02 2.530000000000000000e+02 4.980000000000000000e+02
3.040000000000000000e+02 1.900000000000000000e+02 3.690000000000000000e+02 2.490000000000000000e+02
3.180000000000000000e+02 4.040000000000000000e+02 3.750000000000000000e+02 4.610000000000000000e+02
3.290000000000000000e+02 3.290000000000000000e+02 4.020000000000000000e+02 4.000000000000000000e+02
4.740000000000000000e+02 3.500000000000000000e+01 5.090000000000000000e+02 1.140000000000000000e+02
4.840000000000000000e+02 1.730000000000000000e+02 5.120000000000000000e+02 2.780000000000000000e+02
4.920000000000000000e+02 4.130000000000000000e+02 5.120000000000000000e+02 4.530000000000000000e+02
