0.000000000000000000e+00 3.720000000000000000e+02 6.700000000000000000e+01 4.280000000000000000e+02
0.000000000000000000e+00 4.400000000000000000e+02 6.000000000000000000e+00 4.550000000000000000e+02
2.200000000000000000e+01 3.160000000000000000e+02 6.800000000000000000e+01 3.710000000000000000e+02
3.900000000000000000e+01 2.010000000000000000e+02 8.500000000000000000e+01 2.400000000000000000e+02
5.800000000000000000e+01 1.160000000000000000e+02 1.070000000000000000e+02 1.530000000000000000e+02
1.040000000000000000e+02 4.280000000000000000e+02 1.590000000000000000e+02 4.880000000000000000e+02
1.900000000000000000e+02 2.590000000000000000e+02 2.280000000000000000e+02 2.980000000000000000e+02
2.020000000000000000e+02 9.200000000000000000e+01 2.870000000000000000e+02 1.930000000000000000e+02
2.820000000000000000e+02 0.000000000000000000e+00 3.330000000000000000e+02 5.100000000000000000e+01
3.020000000000000000e+02 1.510000000000000000e+02 3.530000000000000000e+02 1.990000000000000000e+02
3.030000000000000000e+02 4.670000000000000000e+02 3.580000000000000000e+02 5.120000000000000000e+02
3.370000000000000000e+02 1.720000000000000000e+02 3.960000000000000000e+02 2.460000000000000000e+02
3.490000000000000000e+02 4.460000000000000000e+02 3.930000000000000000e+02 4.950000000000000000e+02
4.050000000000000000e+02 1.870000000000000000e+02 4.640000000000000000e+02 2.450000000000000000e+02
4.570000000000000000e+02 2.380000000000000000e+02 5.070000000000000000e+02 3.260000000000000000e+02
