0.000000000000000000e+00 3.000000000000000000e+00 4.600000000000000000e+01 7.400000000000000000e+01
0.000000000000000000e+00 1.960000000000000000e+02 6.500000000000000000e+01 2.690000000000000000e+02
0.000000000000000000e+00 3.470000000000000000e+02 4.500000000000000000e+01 4.060000000000000000e+02
1.000000000000000000e+00 4.060000000000000000e+02 3.200000000000000000e+01 4.600000000000000000e+02
3.900000000000000000e+01 2.000000000000000000e+00 1.260000000000000000e+02 5.600000000000000000e+01
7.700000000000000000e+01 6.200000000000000000e+01 2.460000000000000000e+02 2.200000000000000000e+02
1.040000000000000000e+02 2.370000000000000000e+02 1.850000000000000000e+02 3.160000000000000000e+02
1.160000000000000000e+02 4.250000000000000000e+02 2.190000000000000000e+02 5.080000000000000000e+02
1.390000000000000000e+02 3.400000000000000000e+02 2.040000000000000000e+02 4.150000000000000000e+02
1.940000000000000000e+02 4.000000000000000000e+00 2.690000000000000000e+02 7.900000000000000000e+01
2.180000000000000000e+02 4.660000000000000000e+02 2.920000000000000000e+02 5.060000000000000000e+02
2.190000000000000000e+02 2.540000000000000000e+02 2.880000000000000000e+02 3.270000000000000000e+02
2.440000000000000000e+02 3.910000000000000000e+02 2.870000000000000000e+02 4.420000000000000000e+02
2.870000000000000000e+02 8.900000000000000000e+01 3.480000000000000000e+02 1.700000000000000000e+02
3.210000000000000000e+02 2.000000000000000000e+02 4.180000000000000000e+02 2.930000000000000000e+02
3.830000000000000000e+02 4.160000000000000000e+02 4.620000000000000000e+02 4.850000000000000000e+02
3.980000000000000000e+02 9.800000000000000000e+01 4.870000000000000000e+02 1.750000000000000000e+02
4.240000000000000000e+02 3.530000000000000000e+02 4.950000000000000000e+02 4.160000000000000000e+02
4.480000000000000000e+02 4.690000000000000000e+02 5.090000000000000000e+02 5.050000000000000000e+02
4.830000000000000000e+02 2.880000000000000000e+02 5.100000000000000000e+02 3.560000000000000000e+02
