0.000000000000000000e+00 2.290000000000000000e+02 1.600000000000000000e+01 2.730000000000000000e+02
2.000000000000000000e+01 1.870000000000000000e+02 1.550000000000000000e+02 2.960000000000000000e+02
2.500000000000000000e+01 1.870000000000000000e+02 6.600000000000000000e+01 2.260000000000000000e+02
1.600000000000000000e+02 1.940000000000000000e+02 2.190000000000000000e+02 2.650000000000000000e+02
2.210000000000000000e+02 1.060000000000000000e+02 4.260000000000000000e+02 2.500000000000000000e+02
2.850000000000000000e+02 4.800000000000000000e+01 3.400000000000000000e+02 1.030000000000000000e+02
3.030000000000000000e+02 3.100000000000000000e+02 3.700000000000000000e+02 3.850000000000000000e+02
3.950000000000000000e+02 1.660000000000000000e+02 4.830000000000000000e+02 2.480000000000000000e+02
4.050000000000000000e+02 0.000000000000000000e+00 4.820000000000000000e+02 3.800000000000000000e+01
4.080000000000000000e+02 4.390000000000000000e+02 4.860000000000000000e+02 5.100000000000000000e+02
4.910000000000000000e+02 1.310000000000000000e+02 5.120000000000000000e+02 1.900000000000000000e+02
