0.000000000000000000e+00 4.600000000000000000e+01 7.100000000000000000e+01 1.240000000000000000e+02
0.000000000000000000e+00 4.430000000000000000e+02 2.100000000000000000e+01 5.040000000000000000e+02
3.800000000000000000e+01 1.890000000000000000e+02 1.060000000000000000e+02 2.610000000000000000e+02
6.100000000000000000e+01 3.920000000000000000e+02 1.350000000000000000e+02 4.600000000000000000e+02
7.300000000000000000e+01 0.000000000000000000e+00 1.450000000000000000e+02 4.100000000000000000e+01
1.240000000000000000e+02 1.820000000000000000e+02 2.000000000000000000e+02 2.510000000000000000e+02
1.580000000000000000e+02 1.010000000000000000e+02 2.430000000000000000e+02 1.840000000000000000e+02
1.710000000000000000e+02 0.000000000000000000e+00 2.070000000000000000e+02 8.000000000000000000e+00
1.750000000000000000e+02 4.320000000000000000e+02 2.350000000000000000e+02 4.970000000000000000e+02
2.030000000000000000e+02 2.150000000000000000e+02 2.680000000000000000e+02 2.710000000000000000e+02
2.390000000000000000e+02 3.300000000000000000e+02 3.110000000000000000e+02 4.190000000000000000e+02
3.130000000000000000e+02 7.000000000000000000e+01 3.650000000000000000e+02 1.120000000000000000e+02
3.190000000000000000e+02 2.300000000000000000e+02 4.030000000000000000e+02 3.100000000000000000e+02
3.620000000000000000e+02 1.100000000000000000e+01 4.500000000000000000e+02 8.100000000000000000e+01
3.730000000000000000e+02 1.540000000000000000e+02 4.390000000000000000e+02 2.170000000000000000e+02
4.780000000000000000e+02 4.800000000000000000e+01 5.120000000000000000e+02 9.900000000000000000e+01
