0.000000000000000000e+00 4.200000000000000000e+02 3.200000000000000000e+01 4.830000000000000000e+02
3.000000000000000000e+00 1.010000000000000000e+02 5.700000000000000000e+01 1.470000000000000000e+02
3.800000000000000000e+01 6.000000000000000000e+00 8.300000000000000000e+01 2.700000000000000000e+01
7.100000000000000000e+01 1.650000000000000000e+02 1.280000000000000000e+02 2.180000000000000000e+02
8.100000000000000000e+01 2.400000000000000000e+01 1.300000000000000000e+02 6.300000000000000000e+01
1.120000000000000000e+02 3.960000000000000000e+02 1.560000000000000000e+02 4.380000000000000000e+02
1.390000000000000000e+02 1.800000000000000000e+02 2.000000000000000000e+02 2.360000000000000000e+02
1.530000000000000000e+02 4.600000000000000000e+02 2.420000000000000000e+02 5.120000000000000000e+02
2.520000000000000000e+02 6.000000000000000000e+01 3.400000000000000000e+02 1.500000000000000000e+02
2.680000000000000000e+02 3.280000000000000000e+02 3.580000000000000000e+02 4.230000000000000000e+02
3.160000000000000000e+02 1.940000000000000000e+02 3.760000000000000000e+02 2.560000000000000000e+02
4.700000000000000000e+02 4.820000000000000000e+02 5.120000000000000000e+02 5.120000000000000000e+02
5.080000000000000000e+02 1.150000000000000000e+02 5.120000000000000000e+02 1.330000000000000000e+02
