0.000000000000000000e+00 3.700000000000000000e+01 2.100000000000000000e+01 8.600000000000000000e+01
1.000000000000000000e+00 4.670000000000000000e+02 2.700000000000000000e+01 5.120000000000000000e+02
9.000000000000000000e+00 2.220000000000000000e+02 1.130000000000000000e+02 3.370000000000000000e+02
1.200000000000000000e+01 3.480000000000000000e+02 1.070000000000000000e+02 4.320000000000000000e+02
3.700000000000000000e+01 1.580000000000000000e+02 1.040000000000000000e+02 2.150000000000000000e+02
1.540000000000000000e+02 0.000000000000000000e+00 2.240000000000000000e+02 4.900000000000000000e+01
2.290000000000000000e+02 1.630000000000000000e+02 2.750000000000000000e+02 2.090000000000000000e+02
2.560000000000000000e+02 1.080000000000000000e+02 3.170000000000000000e+02 1.770000000000000000e+02
2.780000000000000000e+02 1.680000000000000000e+02 3.380000000000000000e+02 2.350000000000000000e+02
3.430000000000000000e+02 1.200000000000000000e+02 4.280000000000000000e+02 2.220000000000000000e+02
3.480000000000000000e+02 2.360000000000000000e+02 4.400000000000000000e+02 3.270000000000000000e+02
3.600000000000000000e+02 1.300000000000000000e+01 4.360000000000000000e+02 8.800000000000000000e+01
3.700000000000000000e+02 3.360000000000000000e+02 4.490000000000000000e+02 4.110000000000000000e+02
3.720000000000000000e+02 4.400000000000000000e+02 4.410000000000000000e+02 5.120000000000000000e+02
