0.000000000000000000e+00 1.500000000000000000e+01 1.230000000000000000e+02 1.670000000000000000e+02
4.500000000000000000e+01 1.800000000000000000e+02 1.200000000000000000e+02 2.650000000000000000e+02
1.300000000000000000e+02 8.500000000000000000e+01 1.890000000000000000e+02 1.480000000000000000e+02
1.470000000000000000e+02 4.540000000000000000e+02 2.280000000000000000e+02 5.070000000000000000e+02
1.620000000000000000e+02 0.000000000000000000e+00 2.690000000000000000e+02 7.500000000000000000e+01
2.320000000000000000e+02 3.110000000000000000e+02 2.830000000000000000e+02 3.540000000000000000e+02
2.360000000000000000e+02 1.370000000000000000e+02 2.830000000000000000e+02 1.720000000000000000e+02
3.530000000000000000e+02 4.600000000000000000e+01 3.980000000000000000e+02 8.700000000000000000e+01
3.970000000000000000e+02 2.980000000000000000e+02 4.620000000000000000e+02 3.490000000000000000e+02
4.100000000000000000e+02 3.860000000000000000e+02 4.870000000000000000e+02 4.490000000000000000e+02
4.600000000000000000e+02 0.000000000000000000e+00 5.120000000000000000e+02 4.000000000000000000e+01
4.720000000000000000e+02 4.900000000000000000e+02 5.120000000000000000e+02 5.120000000000000000e+02
