0.000000000000000000e+00 0.000000000000000000e+00 8.100000000000000000e+01 1.250000000000000000e+02
0.000000000000000000e+00 2.360000000000000000e+02 4.000000000000000000e+01 2.720000000000000000e+02
0.000000000000000000e+00 3.310000000000000000e+02 1.500000000000000000e+01 3.740000000000000000e+02
5.000000000000000000e+00 3.470000000000000000e+02 4.200000000000000000e+01 3.920000000000000000e+02
3.400000000000000000e+01 3.570000000000000000e+02 6.700000000000000000e+01 4.030000000000000000e+02
8.000000000000000000e+01 9.900000000000000000e+01 1.900000000000000000e+02 2.060000000000000000e+02
8.900000000000000000e+01 1.000000000000000000e+00 1.610000000000000000e+02 6.300000000000000000e+01
1.080000000000000000e+02 3.610000000000000000e+02 1.590000000000000000e+02 4.120000000000000000e+02
1.640000000000000000e+02 2.180000000000000000e+02 2.340000000000000000e+02 2.900000000000000000e+02
2.320000000000000000e+02 4.080000000000000000e+02 2.850000000000000000e+02 4.660000000000000000e+02
2.370000000000000000e+02 3.120000000000000000e+02 3.050000000000000000e+02 3.740000000000000000e+02
2.720000000000000000e+02 2.600000000000000000e+01 3.510000000000000000e+02 9.800000000000000000e+01
3.030000000000000000e+02 1.190000000000000000e+02 3.520000000000000000e+02 1.690000000000000000e+02
3.390000000000000000e+02 1.790000000000000000e+02 4.190000000000000000e+02 2.610000000000000000e+02
3.550000000000000000e+02 3.950000000000000000e+02 3.910000000000000000e+02 4.320000000000000000e+02
3.720000000000000000e+02 2.870000000000000000e+02 5.120000000000000000e+02 3.910000000000000000e+02
4.560000000000000000e+02 0.000000000000000000e+00 5.020000000000000000e+02 3.600000000000000000e+01
4.870000000000000000e+02 6.800000000000000000e+01 5.120000000000000000e+02 1.240000000000000000e+02
