2.000000000000000000e+00 2.620000000000000000e+02 1.500000000000000000e+01 3.100000000000000000e+02
3.000000000000000000e+01 4.110000000000000000e+02 8.100000000000000000e+01 4.620000000000000000e+02
4.800000000000000000e+01 6.600000000000000000e+01 1.030000000000000000e+02 1.350000000000000000e+02
8.000000000000000000e+01 2.630000000000000000e+02 1.780000000000000000e+02 3.360000000000000000e+02
1.540000000000000000e+02 4.500000000000000000e+02 2.010000000000000000e+02 4.990000000000000000e+02
2.180000000000000000e+02 1.570000000000000000e+02 2.770000000000000000e+02 2.020000000000000000e+02
2.530000000000000000e+02 4.900000000000000000e+02 3.100000000000000000e+02 5.100000000000000000e+02
2.600000000000000000e+02 0.000000000000000000e+00 3.420000000000000000e+02 4.000000000000000000e+01
3.560000000000000000e+02 5.000000000000000000e+01 4.940000000000000000e+02 1.240000000000000000e+02
3.720000000000000000e+02 4.330000000000000000e+02 4.530000000000000000e+02 4.980000000000000000e+02
