0.000000000000000000e+00 4.300000000000000000e+01 1.150000000000000000e+02 1.330000000000000000e+02
0.000000000000000000e+00 2.130000000000000000e+02 7.600000000000000000e+01 3.030000000000000000e+02
0.000000000000000000e+00 3.420000000000000000e+02 1.000000000000000000e+01 3.760000000000000000e+02
4.900000000000000000e+01 3.820000000000000000e+02 1.230000000000000000e+02 4.600000000000000000e+02
1.040000000000000000e+02 7.400000000000000000e+01 1.760000000000000000e+02 1.500000000000000000e+02
1.500000000000000000e+02 4.420000000000000000e+02 2.160000000000000000e+02 5.070000000000000000e+02
1.960000000000000000e+02 3.750000000000000000e+02 2.610000000000000000e+02 4.380000000000000000e+02
2.000000000000000000e+02 1.130000000000000000e+02 2.600000000000000000e+02 1.720000000000000000e+02
2.070000000000000000e+02 4.940000000000000000e+02 2.610000000000000000e+02 5.120000000000000000e+02
2.250000000000000000e+02 2.190000000000000000e+02 2.930000000000000000e+02 2.840000000000000000e+02
2.580000000000000000e+02 1.500000000000000000e+02 3.240000000000000000e+02 2.060000000000000000e+02
3.010000000000000000e+02 4.200000000000000000e+02 3.840000000000000000e+02 5.120000000000000000e+02
3.170000000000000000e+02 1.230000000000000000e+02 3.610000000000000000e+02 1.790000000000000000e+02
3.390000000000000000e+02 0.000000000000000000e+00 3.850000000000000000e+02 1.700000000000000000e+01
4.010000000000000000e+02 1.490000000000000000e+02 5.120000000000000000e+02 2.780000000000000000e+02
4.010000000000000000e+02 4.330000000000000000e+02 5.120000000000000000e+02 4.970000000000000000e+02
4.740000000000000000e+02 2.300000000000000000e+01 5.120000000000000000e+02 9.100000000000000000e+01
