0.000000000000000000e+00 1.060000000000000000e+02 1.700000000000000000e+01 1.670000000000000000e+02
2.000000000000000000e+01 3.410000000000000000e+02 9.200000000000000000e+01 4.160000000000000000e+02
8.600000000000000000e+01 2.300000000000000000e+02 1.610000000000000000e+02 3.060000000000000000e+02
9.100000000000000000e+01 3.730000000000000000e+02 1.680000000000000000e+02 4.530000000000000000e+02
1.290000000000000000e+02 7.700000000000000000e+01 2.050000000000000000e+02 1.570000000000000000e+02
1.440000000000000000e+02 4.520000000000000000e+02 2.110000000000000000e+02 5.120000000000000000e+02
1.940000000000000000e+02 6.300000000000000000e+01 2.670000000000000000e+02 1.400000000000000000e+02
1.950000000000000000e+02 0.000000000000000000e+00 2.680000000000000000e+02 4.900000000000000000e+01
2.580000000000000000e+02 4.860000000000000000e+02 3.410000000000000000e+02 5.120000000000000000e+02
2.640000000000000000e+02 2.310000000000000000e+02 3.530000000000000000e+02 3.730000000000000000e+02
3.260000000000000000e+02 0.000000000000000000e+00 3.530000000000000000e+02 1.000000000000000000e+01
3.670000000000000000e+02 9.200000000000000000e+01 4.430000000000000000e+02 1.640000000000000000e+02
3.800000000000000000e+02 3.920000000000000000e+02 4.590000000000000000e+02 4.730000000000000000e+02
4.770000000000000000e+02 4.080000000000000000e+02 5.120000000000000000e+02 4.750000000000000000e+02
