0.000000000000000000e+00 0.000000000000000000e+00 1.900000000000000000e+01 3.200000000000000000e+01
0.000000000000000000e+00 1.670000000000000000e+02 3.800000000000000000e+01 2.240000000000000000e+02
0.000000000000000000e+00 4.460000000000000000e+02 1.600000000000000000e+01 4.970000000000000000e+02
1.200000000000000000e+01 4.790000000000000000e+02 6.400000000000000000e+01 5.120000000000000000e+02
2.100000000000000000e+01 1.380000000000000000e+02 1.500000000000000000e+02 2.630000000000000000e+02
2.600000000000000000e+01 2.960000000000000000e+02 7.000000000000000000e+01 3.330000000000000000e+02
5.600000000000000000e+01 0.000000000000000000e+00 1.100000000000000000e+02 2.400000000000000000e+01
9.000000000000000000e+01 3.090000000000000000e+02 1.520000000000000000e+02 3.600000000000000000e+02
1.690000000000000000e+02 3.060000000000000000e+02 2.400000000000000000e+02 3.730000000000000000e+02
1.800000000000000000e+02 0.000000000000000000e+00 2.600000000000000000e+02 7.100000000000000000e+01
1.880000000000000000e+02 4.190000000000000000e+02 2.510000000000000000e+02 4.760000000000000000e+02
1.890000000000000000e+02 4.920000000000000000e+02 2.410000000000000000e+02 5.120000000000000000e+02
2.150000000000000000e+02 3.220000000000000000e+02 3.280000000000000000e+02 4.150000000000000000e+02
3.130000000000000000e+02 1.040000000000000000e+02 3.940000000000000000e+02 1.780000000000000000e+02
3.530000000000000000e+02 2.120000000000000000e+02 4.200000000000000000e+02 2.800000000000000000e+02
3.670000000000000000e+02 3.590000000000000000e+02 4.480000000000000000e+02 4.470000000000000000e+02
4.160000000000000000e+02 2.790000000000000000e+02 4.780000000000000000e+02 3.440000000000000000e+02
4.390000000000000000e+02 3.700000000000000000e+01 5.120000000000000000e+02 1.120000000000000000e+02
4.570000000000000000e+02 2.380000000000000000e+02 5.120000000000000000e+02 2.960000000000000000e+02
4.750000000000000000e+02 4.080000000000000000e+02 5.120000000000000000e+02 4.670000000000000000e+02
