0.000000000000000000e+00 2.100000000000000000e+02 7.300000000000000000e+01 2.770000000000000000e+02
2.000000000000000000e+01 6.300000000000000000e+01 9.500000000000000000e+01 1.380000000000000000e+02
7.800000000000000000e+01 4.060000000000000000e+02 1.850000000000000000e+02 5.010000000000000000e+02
8.300000000000000000e+01 1.300000000000000000e+01 1.460000000000000000e+02 8.000000000000000000e+01
1.560000000000000000e+02 3.410000000000000000e+02 2.310000000000000000e+02 4.020000000000000000e+02
1.640000000000000000e+02 7.800000000000000000e+01 2.470000000000000000e+02 1.780000000000000000e+02
1.850000000000000000e+02 0.000000000000000000e+00 2.540000000000000000e+02 4.500000000000000000e+01
2.110000000000000000e+02 2.750000000000000000e+02 3.240000000000000000e+02 3.620000000000000000e+02
2.450000000000000000e+02 3.790000000000000000e+02 3.220000000000000000e+02 4.560000000000000000e+02
2.750000000000000000e+02 1.900000000000000000e+02 3.460000000000000000e+02 2.760000000000000000e+02
2.900000000000000000e+02 1.180000000000000000e+02 3.530000000000000000e+02 1.710000000000000000e+02
3.430000000000000000e+02 6.300000000000000000e+01 3.940000000000000000e+02 1.120000000000000000e+02
3.950000000000000000e+02 4.810000000000000000e+02 4.600000000000000000e+02 5.120000000000000000e+02
4.060000000000000000e+02 0.000000000000000000e+00 4.940000000000000000e+02 5.000000000000000000e+01
4.180000000000000000e+02 2.790000000000000000e+02 4.750000000000000000e+02 3.340000000000000000e+02
4.440000000000000000e+02 3.260000000000000000e+02 5.110000000000000000e+02 4.160000000000000000e+02
4.560000000000000000e+02 2.090000000000000000e+02 5.090000000000000000e+02 2.710000000000000000e+02
4.890000000000000000e+02 7.600000000000000000e+01 5.100000000000000000e+02 1.440000000000000000e+02
