0.000000000000000000e+00 4.900000000000000000e+01 9.100000000000000000e+01 1.180000000000000000e+02
1.000000000000000000e+00 1.000000000000000000e+00 2.200000000000000000e+01 2.800000000000000000e+01
7.000000000000000000e+00 3.940000000000000000e+02 8.800000000000000000e+01 4.670000000000000000e+02
3.000000000000000000e+01 3.040000000000000000e+02 9.700000000000000000e+01 3.690000000000000000e+02
3.700000000000000000e+01 1.580000000000000000e+02 1.000000000000000000e+02 2.200000000000000000e+02
6.100000000000000000e+01 1.000000000000000000e+00 1.190000000000000000e+02 2.600000000000000000e+01
9.100000000000000000e+01 4.740000000000000000e+02 1.820000000000000000e+02 5.120000000000000000e+02
1.130000000000000000e+02 3.220000000000000000e+02 2.120000000000000000e+02 4.450000000000000000e+02
1.500000000000000000e+02 4.520000000000000000e+02 2.130000000000000000e+02 5.120000000000000000e+02
1.730000000000000000e+02 3.400000000000000000e+01 2.800000000000000000e+02 1.690000000000000000e+02
2.260000000000000000e+02 2.760000000000000000e+02 3.190000000000000000e+02 3.760000000000000000e+02
2.500000000000000000e+02 3.920000000000000000e+02 3.620000000000000000e+02 4.960000000000000000e+02
3.040000000000000000e+02 2.150000000000000000e+02 3.800000000000000000e+02 3.260000000000000000e+02
4.000000000000000000e+02 4.670000000000000000e+02 4.660000000000000000e+02 5.120000000000000000e+02
4.220000000000000000e+02 2.990000000000000000e+02 4.830000000000000000e+02 3.580000000000000000e+02
4.260000000000000000e+02 1.000000000000000000e+00 4.960000000000000000e+02 3.900000000000000000e+01
4.400000000000000000e+02 2.110000000000000000e+02 5.120000000000000000e+02 2.950000000000000000e+02
5.010000000000000000e+02 1.340000000000000000e+02 5.120000000000000000e+02 1.570000000000000000e+02
