0.000000000000000000e+00 1.320000000000000000e+02 6.900000000000000000e+01 1.890000000000000000e+02
0.000000000000000000e+00 4.510000000000000000e+02 5.300000000000000000e+01 5.110000000000000000e+02
1.200000000000000000e+01 0.000000000000000000e+00 6.900000000000000000e+01 3.800000000000000000e+01
6.100000000000000000e+01 1.770000000000000000e+02 1.200000000000000000e+02 2.240000000000000000e+02
1.410000000000000000e+02 3.120000000000000000e+02 2.580000000000000000e+02 3.920000000000000000e+02
1.540000000000000000e+02 1.600000000000000000e+01 2.170000000000000000e+02 6.500000000000000000e+01
2.420000000000000000e+02 4.500000000000000000e+02 3.030000000000000000e+02 5.120000000000000000e+02
2.770000000000000000e+02 1.920000000000000000e+02 3.460000000000000000e+02 2.730000000000000000e+02
3.230000000000000000e+02 3.570000000000000000e+02 3.700000000000000000e+02 3.980000000000000000e+02
3.800000000000000000e+02 3.720000000000000000e+02 4.430000000000000000e+02 4.270000000000000000e+02
3.890000000000000000e+02 1.200000000000000000e+02 4.540000000000000000e+02 1.790000000000000000e+02
4.290000000000000000e+02 7.300000000000000000e+01 4.820000000000000000e+02 1.180000000000000000e+02
4.440000000000000000e+02 1.000000000000000000e+01 5.010000000000000000e+02 6.100000000000000000e+01
4.530000000000000000e+02 2.070000000000000000e+02 5.120000000000000000e+02 2.880000000000000000e+02
4.630000000000000000e+02 4.570000000000000000e+02 5.120000000000000000e+02 5.110000000000000000e+02
4.820000000000000000e+02 3.290000000000000000e+02 5.120000000000000000e+02 3.840000000000000000e+02
