0.000000000000000000e+00 1.290000000000000000e+02 5.800000000000000000e+01 1.850000000000000000e+02
4.000000000000000000e+00 3.310000000000000000e+02 7.300000000000000000e+01 4.000000000000000000e+02
3.100000000000000000e+01 4.360000000000000000e+02 1.080000000000000000e+02 5.080000000000000000e+02
4.300000000000000000e+01 2.140000000000000000e+02 8.600000000000000000e+01 2.600000000000000000e+02
9.600000000000000000e+01 1.740000000000000000e+02 1.590000000000000000e+02 2.360000000000000000e+02
1.330000000000000000e+02 3.790000000000000000e+02 1.880000000000000000e+02 4.390000000000000000e+02
2.080000000000000000e+02 9.300000000000000000e+01 2.570000000000000000e+02 1.420000000000000000e+02
2.460000000000000000e+02 2.200000000000000000e+02 3.360000000000000000e+02 3.030000000000000000e+02
3.140000000000000000e+02 3.400000000000000000e+02 3.760000000000000000e+02 4.020000000000000000e+02
3.320000000000000000e+02 0.000000000000000000e+00 4.530000000000000000e+02 4.800000000000000000e+01
3.360000000000000000e+02 2.010000000000000000e+02 4.390000000000000000e+02 3.610000000000000000e+02
3.830000000000000000e+02 4.950000000000000000e+02 4.220000000000000000e+02 5.080000000000000000e+02
4.100000000000000000e+02 4.160000000000000000e+02 4.580000000000000000e+02 4.650000000000000000e+02
4.920000000000000000e+02 2.730000000000000000e+02 5.120000000000000000e+02 3.130000000000000000e+02
