2.000000000000000000e+00 1.100000000000000000e+01 7.300000000000000000e+01 8.000000000000000000e+01
1.600000000000000000e+01 2.470000000000000000e+02 1.030000000000000000e+02 3.360000000000000000e+02
7.100000000000000000e+01 0.000000000000000000e+00 1.140000000000000000e+02 2.100000000000000000e+01
1.010000000000000000e+02 3.140000000000000000e+02 2.060000000000000000e+02 4.080000000000000000e+02
1.360000000000000000e+02 0.000000000000000000e+00 2.150000000000000000e+02 8.900000000000000000e+01
1.560000000000000000e+02 4.590000000000000000e+02 2.510000000000000000e+02 5.120000000000000000e+02
2.080000000000000000e+02 2.700000000000000000e+02 3.390000000000000000e+02 3.960000000000000000e+02
2.170000000000000000e+02 4.060000000000000000e+02 2.720000000000000000e+02 4.610000000000000000e+02
2.550000000000000000e+02 1.900000000000000000e+02 3.080000000000000000e+02 2.450000000000000000e+02
2.690000000000000000e+02 4.290000000000000000e+02 3.440000000000000000e+02 5.110000000000000000e+02
3.460000000000000000e+02 3.080000000000000000e+02 4.170000000000000000e+02 4.090000000000000000e+02
3.480000000000000000e+02 2.230000000000000000e+02 4.320000000000000000e+02 3.020000000000000000e+02
3.900000000000000000e+02 4.540000000000000000e+02 4.720000000000000000e+02 5.100000000000000000e+02
4.060000000000000000e+02 5.500000000000000000e+01 4.610000000000000000e+02 1.100000000000000000e+02
4.600000000000000000e+02 2.180000000000000000e+02 5.090000000000000000e+02 2.880000000000000000e+02
4.670000000000000000e+02 6.600000000000000000e+01 5.090000000000000000e+02 1.510000000000000000e+02
