0.000000000000000000e+00 3.870000000000000000e+02 3.400000000000000000e+01 4.510000000000000000e+02
2.800000000000000000e+01 1.040000000000000000e+02 1.290000000000000000e+02 2.070000000000000000e+02
5.100000000000000000e+01 2.780000000000000000e+02 1.090000000000000000e+02 3.350000000000000000e+02
8.900000000000000000e+01 0.000000000000000000e+00 1.510000000000000000e+02 5.600000000000000000e+01
1.980000000000000000e+02 8.100000000000000000e+01 2.730000000000000000e+02 1.630000000000000000e+02
2.330000000000000000e+02 4.480000000000000000e+02 2.660000000000000000e+02 4.690000000000000000e+02
2.820000000000000000e+02 9.500000000000000000e+01 3.240000000000000000e+02 1.380000000000000000e+02
2.830000000000000000e+02 0.000000000000000000e+00 3.740000000000000000e+02 7.600000000000000000e+01
2.850000000000000000e+02 3.280000000000000000e+02 3.200000000000000000e+02 3.730000000000000000e+02
2.920000000000000000e+02 4.100000000000000000e+02 3.540000000000000000e+02 4.690000000000000000e+02
3.810000000000000000e+02 5.080000000000000000e+02 4.020000000000000000e+02 5.120000000000000000e+02
4.190000000000000000e+02 8.200000000000000000e+01 4.640000000000000000e+02 1.230000000000000000e+02
4.210000000000000000e+02 2.790000000000000000e+02 5.120000000000000000e+02 4.760000000000000000e+02
4.470000000000000000e+02 3.000000000000000000e+01 4.920000000000000000e+02 7.600000000000000000e+01
4.810000000000000000e+02 1.540000000000000000e+02 5.120000000000000000e+02 2.000000000000000000e+02
