0.000000000000000000e+00 1.590000000000000000e+02 1.040000000000000000e+02 2.500000000000000000e+02
0.000000000000000000e+00 4.240000000000000000e+02 3.200000000000000000e+01 4.830000000000000000e+02
1.300000000000000000e+01 5.500000000000000000e+01 6.600000000000000000e+01 1.080000000000000000e+02
4.500000000000000000e+01 4.040000000000000000e+02 1.300000000000000000e+02 4.890000000000000000e+02
4.700000000000000000e+01 0.000000000000000000e+00 1.060000000000000000e+02 2.300000000000000000e+01
1.040000000000000000e+02 1.990000000000000000e+02 1.830000000000000000e+02 2.980000000000000000e+02
1.140000000000000000e+02 6.100000000000000000e+01 1.890000000000000000e+02 1.360000000000000000e+02
2.000000000000000000e+02 7.000000000000000000e+00 2.510000000000000000e+02 6.000000000000000000e+01
2.490000000000000000e+02 1.000000000000000000e+00 2.810000000000000000e+02 1.400000000000000000e+01
2.510000000000000000e+02 4.350000000000000000e+02 3.380000000000000000e+02 5.120000000000000000e+02
2.810000000000000000e+02 6.600000000000000000e+01 3.640000000000000000e+02 1.450000000000000000e+02
3.070000000000000000e+02 3.290000000000000000e+02 3.740000000000000000e+02 3.920000000000000000e+02
3.530000000000000000e+02 2.730000000000000000e+02 4.360000000000000000e+02 3.540000000000000000e+02
3.850000000000000000e+02 2.070000000000000000e+02 4.500000000000000000e+02 2.700000000000000000e+02
3.880000000000000000e+02 4.550000000000000000e+02 4.510000000000000000e+02 5.120000000000000000e+02
3.960000000000000000e+02 1.050000000000000000e+02 4.610000000000000000e+02 1.660000000000000000e+02
4.600000000000000000e+02 3.600000000000000000e+02 5.120000000000000000e+02 4.250000000000000000e+02
4.910000000000000000e+02 2.260000000000000000e+02 5.120000000000000000e+02 2.640000000000000000e+02
4.930000000000000000e+02 2.790000000000000000e+02 5.120000000000000000e+02 3.130000000000000000e+02
5.000000000000000000e+02 1.790000000000000000e+02 5.120000000000000000e+02 2.080000000000000000e+02
