0.000000000000000000e+00 1.810000000000000000e+02 3.200000000000000000e+01 2.540000000000000000e+02
1.000000000000000000e+00 4.100000000000000000e+01 4.000000000000000000e+01 8.400000000000000000e+01
3.400000000000000000e+01 0.000000000000000000e+00 7.400000000000000000e+01 5.300000000000000000e+01
5.100000000000000000e+01 1.760000000000000000e+02 1.220000000000000000e+02 2.670000000000000000e+02
8.400000000000000000e+01 2.840000000000000000e+02 1.410000000000000000e+02 3.510000000000000000e+02
1.610000000000000000e+02 4.390000000000000000e+02 2.210000000000000000e+02 5.110000000000000000e+02
2.630000000000000000e+02 0.000000000000000000e+00 3.030000000000000000e+02 1.900000000000000000e+01
2.630000000000000000e+02 1.400000000000000000e+02 3.390000000000000000e+02 2.770000000000000000e+02
3.340000000000000000e+02 2.470000000000000000e+02 4.210000000000000000e+02 3.340000000000000000e+02
3.370000000000000000e+02 1.000000000000000000e+00 3.850000000000000000e+02 2.600000000000000000e+01
4.280000000000000000e+02 1.000000000000000000e+00 4.730000000000000000e+02 2.200000000000000000e+01
4.360000000000000000e+02 2.770000000000000000e+02 4.610000000000000000e+02 3.100000000000000000e+02
