0.000000000000000000e+00 1.510000000000000000e+02 4.900000000000000000e+01 2.220000000000000000e+02
0.000000000000000000e+00 2.500000000000000000e+02 3.300000000000000000e+01 3.150000000000000000e+02
5.300000000000000000e+01 8.400000000000000000e+01 1.480000000000000000e+02 2.080000000000000000e+02
8.700000000000000000e+01 4.310000000000000000e+02 1.560000000000000000e+02 5.040000000000000000e+02
9.900000000000000000e+01 3.320000000000000000e+02 1.580000000000000000e+02 3.910000000000000000e+02
1.670000000000000000e+02 0.000000000000000000e+00 2.240000000000000000e+02 3.500000000000000000e+01
1.690000000000000000e+02 1.010000000000000000e+02 2.280000000000000000e+02 1.760000000000000000e+02
1.710000000000000000e+02 3.230000000000000000e+02 2.360000000000000000e+02 3.900000000000000000e+02
1.880000000000000000e+02 1.030000000000000000e+02 3.050000000000000000e+02 2.550000000000000000e+02
2.110000000000000000e+02 2.400000000000000000e+01 2.720000000000000000e+02 1.010000000000000000e+02
2.580000000000000000e+02 4.640000000000000000e+02 3.190000000000000000e+02 5.120000000000000000e+02
2.620000000000000000e+02 2.410000000000000000e+02 3.390000000000000000e+02 3.180000000000000000e+02
2.780000000000000000e+02 3.100000000000000000e+02 4.050000000000000000e+02 4.570000000000000000e+02
2.960000000000000000e+02 1.000000000000000000e+00 4.000000000000000000e+02 5.700000000000000000e+01
3.350000000000000000e+02 4.970000000000000000e+02 3.670000000000000000e+02 5.100000000000000000e+02
3.900000000000000000e+02 1.810000000000000000e+02 4.750000000000000000e+02 2.600000000000000000e+02
4.710000000000000000e+02 4.430000000000000000e+02 5.120000000000000000e+02 5.040000000000000000e+02
5.010000000000000000e+02 5.900000000000000000e+01 5.110000000000000000e+02 8.600000000000000000e+01
