0.000000000000000000e+00 1.170000000000000000e+02 3.200000000000000000e+01 1.800000000000000000e+02
1.010000000000000000e+02 1.260000000000000000e+02 1.420000000000000000e+02 1.530000000000000000e+02
1.110000000000000000e+02 0.000000000000000000e+00 1.730000000000000000e+02 2.200000000000000000e+01
1.220000000000000000e+02 1.650000000000000000e+02 1.950000000000000000e+02 2.280000000000000000e+02
1.390000000000000000e+02 2.990000000000000000e+02 2.020000000000000000e+02 3.620000000000000000e+02
1.950000000000000000e+02 3.680000000000000000e+02 2.340000000000000000e+02 4.150000000000000000e+02
1.990000000000000000e+02 2.740000000000000000e+02 2.380000000000000000e+02 3.130000000000000000e+02
2.000000000000000000e+02 0.000000000000000000e+00 2.410000000000000000e+02 1.400000000000000000e+01
2.140000000000000000e+02 8.200000000000000000e+01 2.890000000000000000e+02 1.450000000000000000e+02
2.380000000000000000e+02 1.870000000000000000e+02 3.150000000000000000e+02 2.740000000000000000e+02
2.770000000000000000e+02 3.460000000000000000e+02 3.460000000000000000e+02 4.150000000000000000e+02
3.240000000000000000e+02 1.550000000000000000e+02 3.930000000000000000e+02 2.160000000000000000e+02
4.030000000000000000e+02 4.920000000000000000e+02 4.520000000000000000e+02 5.120000000000000000e+02
4.430000000000000000e+02 1.080000000000000000e+02 4.900000000000000000e+02 1.510000000000000000e+02
4.450000000000000000e+02 3.780000000000000000e+02 5.120000000000000000e+02 4.430000000000000000e+02
4.870000000000000000e+02 3.400000000000000000e+01 5.120000000000000000e+02 9.300000000000000000e+01
