0.000000000000000000e+00 2.240000000000000000e+02 4.000000000000000000e+00 2.540000000000000000e+02
1.900000000000000000e+01 5.800000000000000000e+01 8.400000000000000000e+01 1.390000000000000000e+02
4.200000000000000000e+01 3.780000000000000000e+02 1.300000000000000000e+02 4.380000000000000000e+02
5.300000000000000000e+01 3.220000000000000000e+02 1.010000000000000000e+02 3.980000000000000000e+02
1.340000000000000000e+02 4.520000000000000000e+02 1.960000000000000000e+02 5.040000000000000000e+02
1.480000000000000000e+02 0.000000000000000000e+00 1.660000000000000000e+02 4.000000000000000000e+00
1.560000000000000000e+02 1.070000000000000000e+02 2.100000000000000000e+02 1.640000000000000000e+02
1.580000000000000000e+02 2.280000000000000000e+02 2.230000000000000000e+02 3.040000000000000000e+02
2.780000000000000000e+02 6.200000000000000000e+01 3.150000000000000000e+02 8.400000000000000000e+01
2.910000000000000000e+02 1.490000000000000000e+02 3.300000000000000000e+02 2.040000000000000000e+02
3.000000000000000000e+02 4.130000000000000000e+02 3.450000000000000000e+02 4.630000000000000000e+02
3.360000000000000000e+02 3.700000000000000000e+02 3.980000000000000000e+02 4.400000000000000000e+02
3.670000000000000000e+02 0.000000000000000000e+00 3.800000000000000000e+02 1.200000000000000000e+01
3.830000000000000000e+02 6.300000000000000000e+01 4.090000000000000000e+02 1.050000000000000000e+02
4.100000000000000000e+02 2.500000000000000000e+02 4.590000000000000000e+02 3.070000000000000000e+02
4.270000000000000000e+02 1.290000000000000000e+02 4.590000000000000000e+02 1.530000000000000000e+02
4.330000000000000000e+02 3.320000000000000000e+02 4.810000000000000000e+02 3.820000000000000000e+02
4.870000000000000000e+02 1.050000000000000000e+02 5.120000000000000000e+02 1.570000000000000000e+02
