2.000000000000000000e+00 2.200000000000000000e+01 3.200000000000000000e+01 8.500000000000000000e+01
2.000000000000000000e+00 3.290000000000000000e+02 2.700000000000000000e+01 3.810000000000000000e+02
4.600000000000000000e+01 4.110000000000000000e+02 1.650000000000000000e+02 5.030000000000000000e+02
8.900000000000000000e+01 1.690000000000000000e+02 1.500000000000000000e+02 2.240000000000000000e+02
9.400000000000000000e+01 4.300000000000000000e+01 1.690000000000000000e+02 1.080000000000000000e+02
2.040000000000000000e+02 0.000000000000000000e+00 2.570000000000000000e+02 2.600000000000000000e+01
2.400000000000000000e+02 1.570000000000000000e+02 2.850000000000000000e+02 2.000000000000000000e+02
2.770000000000000000e+02 2.050000000000000000e+02 3.840000000000000000e+02 2.860000000000000000e+02
2.840000000000000000e+02 4.450000000000000000e+02 3.350000000000000000e+02 4.840000000000000000e+02
2.940000000000000000e+02 4.920000000000000000e+02 3.370000000000000000e+02 5.110000000000000000e+02
3.540000000000000000e+02 4.320000000000000000e+02 4.270000000000000000e+02 5.010000000000000000e+02
3.700000000000000000e+02 4.500000000000000000e+01 4.690000000000000000e+02 1.420000000000000000e+02
3.890000000000000000e+02 2.730000000000000000e+02 4.460000000000000000e+02 3.220000000000000000e+02
4.150000000000000000e+02 1.460000000000000000e+02 4.720000000000000000e+02 1.950000000000000000e+02
