0.000000000000000000e+00 5.600000000000000000e+01 5.100000000000000000e+01 1.240000000000000000e+02
1.230000000000000000e+02 5.000000000000000000e+02 1.570000000000000000e+02 5.120000000000000000e+02
1.460000000000000000e+02 2.690000000000000000e+02 1.920000000000000000e+02 3.180000000000000000e+02
1.540000000000000000e+02 4.080000000000000000e+02 2.060000000000000000e+02 4.590000000000000000e+02
2.240000000000000000e+02 3.400000000000000000e+02 2.660000000000000000e+02 3.850000000000000000e+02
2.630000000000000000e+02 1.660000000000000000e+02 3.010000000000000000e+02 2.330000000000000000e+02
3.070000000000000000e+02 1.950000000000000000e+02 3.530000000000000000e+02 2.400000000000000000e+02
3.070000000000000000e+02 4.520000000000000000e+02 3.610000000000000000e+02 5.010000000000000000e+02
3.290000000000000000e+02 2.950000000000000000e+02 3.650000000000000000e+02 3.280000000000000000e+02
3.460000000000000000e+02 1.820000000000000000e+02 3.890000000000000000e+02 2.240000000000000000e+02
3.490000000000000000e+02 2.740000000000000000e+02 3.790000000000000000e+02 3.000000000000000000e+02
3.770000000000000000e+02 8.200000000000000000e+01 4.310000000000000000e+02 1.480000000000000000e+02
3.840000000000000000e+02 2.550000000000000000e+02 4.140000000000000000e+02 2.960000000000000000e+02
4.400000000000000000e+02 4.960000000000000000e+02 4.870000000000000000e+02 5.120000000000000000e+02
4.800000000000000000e+02 1.290000000000000000e+02 5.120000000000000000e+02 1.650000000000000000e+02
4.910000000000000000e+02 7.300000000000000000e+01 5.120000000000000000e+02 1.220000000000000000e+02
4.940000000000000000e+02 2.790000000000000000e+02 5.120000000000000000e+02 3.350000000000000000e+02
