7.000000000000000000e+00 4.540000000000000000e+02 5.900000000000000000e+01 5.060000000000000000e+02
2.200000000000000000e+01 1.050000000000000000e+02 1.430000000000000000e+02 2.060000000000000000e+02
5.200000000000000000e+01 3.640000000000000000e+02 1.120000000000000000e+02 4.210000000000000000e+02
7.500000000000000000e+01 2.920000000000000000e+02 1.280000000000000000e+02 3.430000000000000000e+02
1.260000000000000000e+02 0.000000000000000000e+00 1.710000000000000000e+02 2.900000000000000000e+01
2.110000000000000000e+02 1.390000000000000000e+02 3.110000000000000000e+02 2.440000000000000000e+02
2.120000000000000000e+02 2.700000000000000000e+01 2.700000000000000000e+02 8.300000000000000000e+01
3.320000000000000000e+02 4.280000000000000000e+02 4.110000000000000000e+02 5.120000000000000000e+02
3.610000000000000000e+02 2.440000000000000000e+02 4.020000000000000000e+02 2.880000000000000000e+02
3.680000000000000000e+02 3.670000000000000000e+02 4.180000000000000000e+02 4.150000000000000000e+02
3.820000000000000000e+02 3.800000000000000000e+01 4.180000000000000000e+02 7.900000000000000000e+01
4.030000000000000000e+02 1.250000000000000000e+02 4.590000000000000000e+02 1.750000000000000000e+02
4.910000000000000000e+02 1.570000000000000000e+02 5.120000000000000000e+02 2.010000000000000000e+02
5.110000000000000000e+02 3.010000000000000000e+02 5.120000000000000000e+02 3.070000000000000000e+02
