0.000000000000000000e+00 2.710000000000000000e+02 1.600000000000000000e+01 3.500000000000000000e+02
3.700000000000000000e+01 3.660000000000000000e+02 8.600000000000000000e+01 4.110000000000000000e+02
9.900000000000000000e+01 3.970000000000000000e+02 1.680000000000000000e+02 4.850000000000000000e+02
1.660000000000000000e+02 8.600000000000000000e+01 2.390000000000000000e+02 1.660000000000000000e+02
1.660000000000000000e+02 4.170000000000000000e+02 2.040000000000000000e+02 4.640000000000000000e+02
1.980000000000000000e+02 4.040000000000000000e+02 2.320000000000000000e+02 4.620000000000000000e+02
2.250000000000000000e+02 3.740000000000000000e+02 3.040000000000000000e+02 4.440000000000000000e+02
2.280000000000000000e+02 0.000000000000000000e+00 2.430000000000000000e+02 3.000000000000000000e+00
2.670000000000000000e+02 0.000000000000000000e+00 3.500000000000000000e+02 8.100000000000000000e+01
2.710000000000000000e+02 2.910000000000000000e+02 3.150000000000000000e+02 3.150000000000000000e+02
3.310000000000000000e+02 4.960000000000000000e+02 3.900000000000000000e+02 5.120000000000000000e+02
3.320000000000000000e+02 4.150000000000000000e+02 3.840000000000000000e+02 4.690000000000000000e+02
3.580000000000000000e+02 2.270000000000000000e+02 4.150000000000000000e+02 2.720000000000000000e+02
4.060000000000000000e+02 0.000000000000000000e+00 4.560000000000000000e+02 1.200000000000000000e+01
4.160000000000000000e+02 2.030000000000000000e+02 4.670000000000000000e+02 2.310000000000000000e+02
4.530000000000000000e+02 8.300000000000000000e+01 5.100000000000000000e+02 1.340000000000000000e+02
4.700000000000000000e+02 3.780000000000000000e+02 5.120000000000000000e+02 4.390000000000000000e+02
