8.000000000000000000e+00 4.910000000000000000e+02 6.900000000000000000e+01 5.120000000000000000e+02
1.500000000000000000e+01 2.770000000000000000e+02 8.000000000000000000e+01 3.370000000000000000e+02
5.200000000000000000e+01 3.770000000000000000e+02 1.200000000000000000e+02 4.510000000000000000e+02
9.300000000000000000e+01 2.010000000000000000e+02 1.820000000000000000e+02 2.730000000000000000e+02
2.020000000000000000e+02 1.090000000000000000e+02 2.820000000000000000e+02 1.930000000000000000e+02
2.410000000000000000e+02 2.440000000000000000e+02 2.970000000000000000e+02 3.090000000000000000e+02
2.510000000000000000e+02 4.060000000000000000e+02 3.230000000000000000e+02 4.740000000000000000e+02
2.610000000000000000e+02 3.120000000000000000e+02 3.300000000000000000e+02 3.880000000000000000e+02
2.950000000000000000e+02 7.300000000000000000e+01 3.580000000000000000e+02 1.390000000000000000e+02
3.280000000000000000e+02 2.690000000000000000e+02 4.110000000000000000e+02 3.540000000000000000e+02
3.880000000000000000e+02 4.410000000000000000e+02 4.660000000000000000e+02 5.120000000000000000e+02
4.000000000000000000e+02 1.470000000000000000e+02 4.420000000000000000e+02 1.990000000000000000e+02
4.130000000000000000e+02 0.000000000000000000e+00 4.640000000000000000e+02 3.400000000000000000e+01
4.310000000000000000e+02 6.200000000000000000e+01 5.010000000000000000e+02 1.500000000000000000e+02
4.710000000000000000e+02 3.670000000000000000e+02 5.120000000000000000e+02 4.390000000000000000e+02
5.040000000000000000e+02 3.050000000000000000e+02 5.120000000000000000e+02 3.410000000000000000e+02
