0.000000000000000000e+00 0.000000000000000000e+00 3.600000000000000000e+01 5.600000000000000000e+01
0.000000000000000000e+00 6.400000000000000000e+01 3.900000000000000000e+01 1.150000000000000000e+02
0.000000000000000000e+00 1.920000000000000000e+02 7.600000000000000000e+01 3.050000000000000000e+02
0.000000000000000000e+00 4.640000000000000000e+02 1.600000000000000000e+01 5.080000000000000000e+02
1.900000000000000000e+01 3.760000000000000000e+02 5.900000000000000000e+01 4.270000000000000000e+02
2.300000000000000000e+01 4.820000000000000000e+02 7.900000000000000000e+01 5.120000000000000000e+02
7.400000000000000000e+01 3.610000000000000000e+02 1.310000000000000000e+02 4.270000000000000000e+02
1.130000000000000000e+02 4.660000000000000000e+02 1.720000000000000000e+02 5.120000000000000000e+02
1.290000000000000000e+02 1.690000000000000000e+02 1.920000000000000000e+02 2.300000000000000000e+02
1.830000000000000000e+02 2.030000000000000000e+02 2.600000000000000000e+02 3.020000000000000000e+02
2.070000000000000000e+02 3.740000000000000000e+02 2.730000000000000000e+02 4.440000000000000000e+02
2.900000000000000000e+02 2.880000000000000000e+02 3.540000000000000000e+02 3.640000000000000000e+02
2.940000000000000000e+02 7.100000000000000000e+01 3.590000000000000000e+02 1.250000000000000000e+02
3.070000000000000000e+02 4.800000000000000000e+02 3.700000000000000000e+02 5.120000000000000000e+02
3.100000000000000000e+02 2.140000000000000000e+02 3.710000000000000000e+02 2.720000000000000000e+02
4.030000000000000000e+02 1.560000000000000000e+02 4.380000000000000000e+02 1.950000000000000000e+02
4.170000000000000000e+02 7.300000000000000000e+01 4.740000000000000000e+02 1.280000000000000000e+02
4.590000000000000000e+02 0.000000000000000000e+00 5.100000000000000000e+02 2.700000000000000000e+01
4.610000000000000000e+02 2.630000000000000000e+02 5.110000000000000000e+02 3.010000000000000000e+02
4.630000000000000000e+02 2.980000000000000000e+02 5.120000000000000000e+02 3.570000000000000000e+02
4.990000000000000000e+02 4.200000000000000000e+01 5.120000000000000000e+02 7.300000000000000000e+01
