2.700000000000000000e+01 6.200000000000000000e+01 8.500000000000000000e+01 1.290000000000000000e+02
3.500000000000000000e+01 1.500000000000000000e+02 1.430000000000000000e+02 2.890000000000000000e+02
4.400000000000000000e+01 3.970000000000000000e+02 1.010000000000000000e+02 4.580000000000000000e+02
1.760000000000000000e+02 0.000000000000000000e+00 1.980000000000000000e+02 6.000000000000000000e+00
2.160000000000000000e+02 0.000000000000000000e+00 2.920000000000000000e+02 5.500000000000000000e+01
2.320000000000000000e+02 4.390000000000000000e+02 3.000000000000000000e+02 5.060000000000000000e+02
2.420000000000000000e+02 2.810000000000000000e+02 3.510000000000000000e+02 4.420000000000000000e+02
3.370000000000000000e+02 3.490000000000000000e+02 4.710000000000000000e+02 4.880000000000000000e+02
4.310000000000000000e+02 4.760000000000000000e+02 4.840000000000000000e+02 5.120000000000000000e+02
4.400000000000000000e+02 2.600000000000000000e+01 5.120000000000000000e+02 1.180000000000000000e+02
4.860000000000000000e+02 0.000000000000000000e+00 5.120000000000000000e+02 2.000000000000000000e+01
4.970000000000000000e+02 2.160000000000000000e+02 5.120000000000000000e+02 2.590000000000000000e+02
