0.000000000000000000e+00 2.460000000000000000e+02 2.900000000000000000e+01 2.770000000000000000e+02
0.000000000000000000e+00 4.840000000000000000e+02 4.500000000000000000e+01 5.120000000000000000e+02
6.600000000000000000e+01 4.150000000000000000e+02 1.510000000000000000e+02 5.020000000000000000e+02
1.020000000000000000e+02 0.000000000000000000e+00 1.370000000000000000e+02 2.200000000000000000e+01
1.050000000000000000e+02 2.570000000000000000e+02 1.380000000000000000e+02 2.940000000000000000e+02
1.120000000000000000e+02 1.310000000000000000e+02 1.610000000000000000e+02 1.800000000000000000e+02
1.690000000000000000e+02 5.000000000000000000e+01 2.340000000000000000e+02 1.110000000000000000e+02
2.150000000000000000e+02 3.470000000000000000e+02 2.900000000000000000e+02 4.080000000000000000e+02
2.410000000000000000e+02 1.600000000000000000e+01 2.860000000000000000e+02 6.900000000000000000e+01
2.430000000000000000e+02 1.070000000000000000e+02 3.390000000000000000e+02 3.080000000000000000e+02
3.260000000000000000e+02 2.700000000000000000e+01 4.380000000000000000e+02 1.580000000000000000e+02
3.500000000000000000e+02 2.780000000000000000e+02 3.790000000000000000e+02 3.130000000000000000e+02
4.080000000000000000e+02 1.720000000000000000e+02 4.490000000000000000e+02 2.210000000000000000e+02
4.130000000000000000e+02 3.180000000000000000e+02 4.660000000000000000e+02 3.830000000000000000e+02
4.680000000000000000e+02 1.730000000000000000e+02 5.120000000000000000e+02 2.360000000000000000e+02
4.790000000000000000e+02 1.330000000000000000e+02 5.120000000000000000e+02 1.680000000000000000e+02
