5.000000000000000000e+00 2.630000000000000000e+02 4.300000000000000000e+01 3.380000000000000000e+02
2.800000000000000000e+01 1.920000000000000000e+02 9.500000000000000000e+01 2.610000000000000000e+02
6.100000000000000000e+01 3.290000000000000000e+02 1.280000000000000000e+02 3.840000000000000000e+02
7.900000000000000000e+01 2.670000000000000000e+02 1.340000000000000000e+02 3.180000000000000000e+02
9.300000000000000000e+01 9.700000000000000000e+01 1.780000000000000000e+02 1.820000000000000000e+02
9.600000000000000000e+01 4.630000000000000000e+02 1.560000000000000000e+02 5.110000000000000000e+02
1.150000000000000000e+02 0.000000000000000000e+00 3.000000000000000000e+02 6.300000000000000000e+01
1.380000000000000000e+02 3.640000000000000000e+02 2.090000000000000000e+02 4.310000000000000000e+02
1.390000000000000000e+02 2.870000000000000000e+02 1.880000000000000000e+02 3.360000000000000000e+02
1.880000000000000000e+02 1.030000000000000000e+02 2.230000000000000000e+02 1.500000000000000000e+02
2.700000000000000000e+02 9.700000000000000000e+01 3.210000000000000000e+02 1.540000000000000000e+02
2.710000000000000000e+02 4.800000000000000000e+02 3.470000000000000000e+02 5.120000000000000000e+02
2.880000000000000000e+02 4.200000000000000000e+02 3.390000000000000000e+02 4.590000000000000000e+02
3.840000000000000000e+02 3.240000000000000000e+02 4.330000000000000000e+02 3.790000000000000000e+02
4.230000000000000000e+02 4.600000000000000000e+01 5.120000000000000000e+02 1.350000000000000000e+02
4.460000000000000000e+02 3.890000000000000000e+02 5.120000000000000000e+02 4.480000000000000000e+02
