0.000000000000000000e+00 0.000000000000000000e+00 1.200000000000000000e+01 2.100000000000000000e+01
0.000000000000000000e+00 6.000000000000000000e+01 1.700000000000000000e+01 1.090000000000000000e+02
0.000000000000000000e+00 2.480000000000000000e+02 3.000000000000000000e+00 2.600000000000000000e+02
0.000000000000000000e+00 3.290000000000000000e+02 2.500000000000000000e+01 3.770000000000000000e+02
1.000000000000000000e+00 1.770000000000000000e+02 5.800000000000000000e+01 2.290000000000000000e+02
5.600000000000000000e+01 4.900000000000000000e+01 1.330000000000000000e+02 1.200000000000000000e+02
9.700000000000000000e+01 3.260000000000000000e+02 1.610000000000000000e+02 3.890000000000000000e+02
1.070000000000000000e+02 1.710000000000000000e+02 1.470000000000000000e+02 2.130000000000000000e+02
1.500000000000000000e+02 5.600000000000000000e+01 2.100000000000000000e+02 1.180000000000000000e+02
3.000000000000000000e+02 1.430000000000000000e+02 3.580000000000000000e+02 2.030000000000000000e+02
3.030000000000000000e+02 3.810000000000000000e+02 3.710000000000000000e+02 4.570000000000000000e+02
3.090000000000000000e+02 2.590000000000000000e+02 4.010000000000000000e+02 3.730000000000000000e+02
3.670000000000000000e+02 1.710000000000000000e+02 4.590000000000000000e+02 2.550000000000000000e+02
3.850000000000000000e+02 0.000000000000000000e+00 4.610000000000000000e+02 7.500000000000000000e+01
4.090000000000000000e+02 4.320000000000000000e+02 4.340000000000000000e+02 4.560000000000000000e+02
4.250000000000000000e+02 4.550000000000000000e+02 4.890000000000000000e+02 5.120000000000000000e+02
4.690000000000000000e+02 6.400000000000000000e+01 5.120000000000000000e+02 1.270000000000000000e+02
