0.000000000000000000e+00 0.000000000000000000e+00 2.800000000000000000e+01 3.400000000000000000e+01
0.000000000000000000e+00 3.300000000000000000e+02 2.000000000000000000e+00 3.410000000000000000e+02
3.000000000000000000e+00 2.510000000000000000e+02 4.600000000000000000e+01 3.070000000000000000e+02
7.700000000000000000e+01 4.100000000000000000e+01 1.170000000000000000e+02 8.400000000000000000e+01
8.100000000000000000e+01 1.230000000000000000e+02 1.320000000000000000e+02 1.830000000000000000e+02
1.470000000000000000e+02 2.120000000000000000e+02 1.760000000000000000e+02 2.590000000000000000e+02
1.760000000000000000e+02 4.500000000000000000e+02 2.220000000000000000e+02 4.840000000000000000e+02
2.200000000000000000e+02 1.240000000000000000e+02 2.770000000000000000e+02 1.860000000000000000e+02
2.590000000000000000e+02 4.160000000000000000e+02 3.410000000000000000e+02 4.980000000000000000e+02
3.000000000000000000e+02 0.000000000000000000e+00 3.800000000000000000e+02 3.800000000000000000e+01
3.320000000000000000e+02 1.050000000000000000e+02 3.890000000000000000e+02 1.610000000000000000e+02
3.390000000000000000e+02 2.990000000000000000e+02 3.930000000000000000e+02 3.570000000000000000e+02
3.520000000000000000e+02 4.020000000000000000e+02 4.030000000000000000e+02 4.620000000000000000e+02
4.130000000000000000e+02 1.630000000000000000e+02 4.560000000000000000e+02 2.110000000000000000e+02
4.820000000000000000e+02 3.500000000000000000e+01 5.120000000000000000e+02 9.000000000000000000e+01
