0.000000000000000000e+00 5.070000000000000000e+02 3.000000000000000000e+00 5.120000000000000000e+02
3.900000000000000000e+01 0.000000000000000000e+00 9.600000000000000000e+01 4.300000000000000000e+01
7.300000000000000000e+01 4.070000000000000000e+02 1.270000000000000000e+02 4.380000000000000000e+02
7.400000000000000000e+01 3.010000000000000000e+02 1.320000000000000000e+02 3.600000000000000000e+02
1.810000000000000000e+02 3.500000000000000000e+02 2.000000000000000000e+02 3.730000000000000000e+02
2.110000000000000000e+02 3.980000000000000000e+02 2.340000000000000000e+02 4.310000000000000000e+02
2.130000000000000000e+02 2.500000000000000000e+02 2.470000000000000000e+02 2.890000000000000000e+02
2.310000000000000000e+02 4.330000000000000000e+02 3.070000000000000000e+02 4.900000000000000000e+02
2.330000000000000000e+02 2.640000000000000000e+02 3.120000000000000000e+02 3.300000000000000000e+02
3.350000000000000000e+02 2.840000000000000000e+02 3.970000000000000000e+02 3.330000000000000000e+02
3.770000000000000000e+02 4.520000000000000000e+02 3.980000000000000000e+02 4.770000000000000000e+02
3.830000000000000000e+02 0.000000000000000000e+00 4.190000000000000000e+02 1.400000000000000000e+01
3.890000000000000000e+02 5.100000000000000000e+02 4.020000000000000000e+02 5.120000000000000000e+02
3.920000000000000000e+02 2.270000000000000000e+02 4.500000000000000000e+02 2.520000000000000000e+02
4.090000000000000000e+02 2.480000000000000000e+02 4.690000000000000000e+02 3.070000000000000000e+02
4.800000000000000000e+02 0.000000000000000000e+00 4.890000000000000000e+02 3.000000000000000000e+00
