1.300000000000000000e+01 0.000000000000000000e+00 1.350000000000000000e+02 6.400000000000000000e+01
5.200000000000000000e+01 2.030000000000000000e+02 1.040000000000000000e+02 2.550000000000000000e+02
7.100000000000000000e+01 2.980000000000000000e+02 1.320000000000000000e+02 3.560000000000000000e+02
1.560000000000000000e+02 0.000000000000000000e+00 2.280000000000000000e+02 3.000000000000000000e+01
1.600000000000000000e+02 3.440000000000000000e+02 2.450000000000000000e+02 4.350000000000000000e+02
1.920000000000000000e+02 1.240000000000000000e+02 2.450000000000000000e+02 1.850000000000000000e+02
1.950000000000000000e+02 2.150000000000000000e+02 2.680000000000000000e+02 2.950000000000000000e+02
2.060000000000000000e+02 5.400000000000000000e+01 2.530000000000000000e+02 1.030000000000000000e+02
2.560000000000000000e+02 1.060000000000000000e+02 3.380000000000000000e+02 1.890000000000000000e+02
2.680000000000000000e+02 4.400000000000000000e+01 3.170000000000000000e+02 9.300000000000000000e+01
3.160000000000000000e+02 2.340000000000000000e+02 3.510000000000000000e+02 2.740000000000000000e+02
3.180000000000000000e+02 4.970000000000000000e+02 3.530000000000000000e+02 5.120000000000000000e+02
3.240000000000000000e+02 3.070000000000000000e+02 3.860000000000000000e+02 3.630000000000000000e+02
3.650000000000000000e+02 3.840000000000000000e+02 4.590000000000000000e+02 4.570000000000000000e+02
3.660000000000000000e+02 0.000000000000000000e+00 4.710000000000000000e+02 9.900000000000000000e+01
4.330000000000000000e+02 4.790000000000000000e+02 5.120000000000000000e+02 5.120000000000000000e+02
4.850000000000000000e+02 1.840000000000000000e+02 5.120000000000000000e+02 2.450000000000000000e+02
4.920000000000000000e+02 3.170000000000000000e+02 5.120000000000000000e+02 3.650000000000000000e+02
