2.000000000000000000e+00 3.250000000000000000e+02 4.700000000000000000e+01 3.870000000000000000e+02
2.000000000000000000e+00 4.040000000000000000e+02 1.800000000000000000e+01 4.300000000000000000e+02
4.000000000000000000e+00 0.000000000000000000e+00 1.270000000000000000e+02 1.160000000000000000e+02
8.000000000000000000e+00 4.560000000000000000e+02 5.700000000000000000e+01 5.070000000000000000e+02
2.300000000000000000e+01 1.350000000000000000e+02 7.100000000000000000e+01 1.990000000000000000e+02
4.800000000000000000e+01 3.280000000000000000e+02 1.250000000000000000e+02 4.060000000000000000e+02
5.900000000000000000e+01 1.110000000000000000e+02 1.340000000000000000e+02 1.810000000000000000e+02
6.500000000000000000e+01 4.420000000000000000e+02 1.000000000000000000e+02 4.910000000000000000e+02
9.700000000000000000e+01 5.040000000000000000e+02 1.330000000000000000e+02 5.120000000000000000e+02
1.030000000000000000e+02 5.000000000000000000e+00 3.120000000000000000e+02 1.090000000000000000e+02
1.110000000000000000e+02 4.370000000000000000e+02 1.360000000000000000e+02 4.630000000000000000e+02
1.150000000000000000e+02 3.840000000000000000e+02 1.710000000000000000e+02 4.360000000000000000e+02
1.440000000000000000e+02 2.830000000000000000e+02 2.120000000000000000e+02 3.460000000000000000e+02
1.540000000000000000e+02 4.250000000000000000e+02 2.640000000000000000e+02 5.120000000000000000e+02
2.150000000000000000e+02 1.540000000000000000e+02 2.660000000000000000e+02 2.130000000000000000e+02
2.560000000000000000e+02 3.190000000000000000e+02 3.100000000000000000e+02 3.640000000000000000e+02
2.680000000000000000e+02 3.590000000000000000e+02 3.090000000000000000e+02 4.040000000000000000e+02
2.690000000000000000e+02 4.880000000000000000e+02 2.990000000000000000e+02 5.120000000000000000e+02
2.880000000000000000e+02 7.800000000000000000e+01 3.530000000000000000e+02 1.370000000000000000e+02
3.000000000000000000e+02 4.570000000000000000e+02 3.510000000000000000e+02 5.120000000000000000e+02
3.010000000000000000e+02 2.050000000000000000e+02 3.560000000000000000e+02 2.630000000000000000e+02
3.260000000000000000e+02 4.000000000000000000e+01 3.790000000000000000e+02 8.100000000000000000e+01
3.280000000000000000e+02 2.620000000000000000e+02 3.950000000000000000e+02 3.230000000000000000e+02
3.610000000000000000e+02 0.000000000000000000e+00 4.580000000000000000e+02 4.800000000000000000e+01
3.700000000000000000e+02 1.270000000000000000e+02 4.420000000000000000e+02 2.070000000000000000e+02
3.750000000000000000e+02 4.900000000000000000e+01 4.610000000000000000e+02 1.200000000000000000e+02
3.870000000000000000e+02 4.410000000000000000e+02 4.620000000000000000e+02 5.120000000000000000e+02
3.920000000000000000e+02 2.990000000000000000e+02 4.840000000000000000e+02 3.580000000000000000e+02
4.000000000000000000e+02 3.460000000000000000e+02 4.600000000000000000e+02 3.950000000000000000e+02
