0.000000000000000000e+00 1.440000000000000000e+02 1.200000000000000000e+01 1.730000000000000000e+02
2.200000000000000000e+01 2.860000000000000000e+02 1.310000000000000000e+02 4.160000000000000000e+02
2.700000000000000000e+01 4.940000000000000000e+02 6.800000000000000000e+01 5.100000000000000000e+02
3.100000000000000000e+01 7.800000000000000000e+01 1.060000000000000000e+02 1.410000000000000000e+02
3.700000000000000000e+01 4.300000000000000000e+02 1.000000000000000000e+02 4.910000000000000000e+02
4.000000000000000000e+01 3.000000000000000000e+00 1.010000000000000000e+02 5.100000000000000000e+01
4.000000000000000000e+01 1.780000000000000000e+02 1.110000000000000000e+02 2.470000000000000000e+02
1.320000000000000000e+02 1.710000000000000000e+02 3.740000000000000000e+02 2.820000000000000000e+02
2.220000000000000000e+02 4.290000000000000000e+02 3.030000000000000000e+02 5.020000000000000000e+02
2.230000000000000000e+02 3.210000000000000000e+02 3.450000000000000000e+02 3.910000000000000000e+02
2.260000000000000000e+02 5.050000000000000000e+02 2.480000000000000000e+02 5.110000000000000000e+02
3.350000000000000000e+02 4.010000000000000000e+02 4.200000000000000000e+02 4.820000000000000000e+02
3.500000000000000000e+02 2.910000000000000000e+02 4.210000000000000000e+02 3.540000000000000000e+02
3.880000000000000000e+02 2.290000000000000000e+02 4.430000000000000000e+02 2.780000000000000000e+02
4.390000000000000000e+02 1.430000000000000000e+02 5.120000000000000000e+02 2.250000000000000000e+02
4.660000000000000000e+02 2.600000000000000000e+02 5.120000000000000000e+02 3.290000000000000000e+02
