8.800000000000000000e+01 1.260000000000000000e+02 1.430000000000000000e+02 1.890000000000000000e+02
1.260000000000000000e+02 2.740000000000000000e+02 1.810000000000000000e+02 3.330000000000000000e+02
1.810000000000000000e+02 3.000000000000000000e+02 2.440000000000000000e+02 3.470000000000000000e+02
2.230000000000000000e+02 1.240000000000000000e+02 3.020000000000000000e+02 1.970000000000000000e+02
2.570000000000000000e+02 2.800000000000000000e+02 3.160000000000000000e+02 3.250000000000000000e+02
3.270000000000000000e+02 3.230000000000000000e+02 3.600000000000000000e+02 3.500000000000000000e+02
3.670000000000000000e+02 2.000000000000000000e+00 3.940000000000000000e+02 2.900000000000000000e+01
3.820000000000000000e+02 2.630000000000000000e+02 4.130000000000000000e+02 2.940000000000000000e+02
4.030000000000000000e+02 1.200000000000000000e+01 5.060000000000000000e+02 9.900000000000000000e+01
4.140000000000000000e+02 2.120000000000000000e+02 4.850000000000000000e+02 2.710000000000000000e+02
