0.000000000000000000e+00 2.760000000000000000e+02 4.900000000000000000e+01 3.290000000000000000e+02
0.000000000000000000e+00 4.400000000000000000e+02 1.400000000000000000e+01 4.760000000000000000e+02
0.000000000000000000e+00 5.010000000000000000e+02 1.700000000000000000e+01 5.120000000000000000e+02
1.100000000000000000e+01 3.510000000000000000e+02 7.100000000000000000e+01 4.170000000000000000e+02
4.900000000000000000e+01 4.380000000000000000e+02 1.340000000000000000e+02 5.120000000000000000e+02
5.000000000000000000e+01 1.110000000000000000e+02 1.090000000000000000e+02 1.760000000000000000e+02
8.400000000000000000e+01 1.860000000000000000e+02 1.400000000000000000e+02 2.460000000000000000e+02
8.400000000000000000e+01 2.940000000000000000e+02 1.480000000000000000e+02 3.680000000000000000e+02
1.680000000000000000e+02 0.000000000000000000e+00 2.310000000000000000e+02 2.400000000000000000e+01
1.950000000000000000e+02 8.200000000000000000e+01 2.690000000000000000e+02 1.890000000000000000e+02
2.040000000000000000e+02 1.950000000000000000e+02 2.640000000000000000e+02 2.480000000000000000e+02
2.120000000000000000e+02 3.400000000000000000e+02 2.700000000000000000e+02 3.990000000000000000e+02
2.340000000000000000e+02 2.300000000000000000e+02 3.190000000000000000e+02 3.120000000000000000e+02
2.750000000000000000e+02 4.500000000000000000e+01 3.730000000000000000e+02 1.400000000000000000e+02
3.690000000000000000e+02 0.000000000000000000e+00 4.250000000000000000e+02 3.900000000000000000e+01
3.810000000000000000e+02 3.560000000000000000e+02 4.630000000000000000e+02 4.220000000000000000e+02
3.830000000000000000e+02 2.610000000000000000e+02 4.640000000000000000e+02 3.420000000000000000e+02
4.070000000000000000e+02 8.400000000000000000e+01 4.640000000000000000e+02 1.350000000000000000e+02
4.180000000000000000e+02 4.210000000000000000e+02 4.920000000000000000e+02 5.120000000000000000e+02
4.460000000000000000e+02 0.000000000000000000e+00 5.120000000000000000e+02 5.100000000000000000e+01
4.790000000000000000e+02 7.700000000000000000e+01 5.120000000000000000e+02 1.450000000000000000e+02
