0.000000000000000000e+00 0.000000000000000000e+00 8.800000000000000000e+01 8.300000000000000000e+01
0.000000000000000000e+00 1.100000000000000000e+02 1.330000000000000000e+02 2.280000000000000000e+02
0.000000000000000000e+00 2.370000000000000000e+02 2.800000000000000000e+01 2.900000000000000000e+02
1.310000000000000000e+02 3.000000000000000000e+02 1.990000000000000000e+02 3.760000000000000000e+02
1.560000000000000000e+02 4.960000000000000000e+02 2.000000000000000000e+02 5.120000000000000000e+02
2.020000000000000000e+02 1.700000000000000000e+02 2.770000000000000000e+02 2.550000000000000000e+02
2.210000000000000000e+02 3.890000000000000000e+02 2.720000000000000000e+02 4.460000000000000000e+02
2.380000000000000000e+02 0.000000000000000000e+00 2.970000000000000000e+02 6.800000000000000000e+01
4.210000000000000000e+02 3.170000000000000000e+02 5.120000000000000000e+02 4.660000000000000000e+02
4.580000000000000000e+02 1.310000000000000000e+02 5.120000000000000000e+02 2.060000000000000000e+02
4.700000000000000000e+02 0.000000000000000000e+00 5.120000000000000000e+02 2.600000000000000000e+01
