0.000000000000000000e+00 1.200000000000000000e+01 3.500000000000000000e+01 6.300000000000000000e+01
0.000000000000000000e+00 5.040000000000000000e+02 2.000000000000000000e+00 5.120000000000000000e+02
7.000000000000000000e+00 4.470000000000000000e+02 5.400000000000000000e+01 4.950000000000000000e+02
9.000000000000000000e+00 1.610000000000000000e+02 5.800000000000000000e+01 2.070000000000000000e+02
7.300000000000000000e+01 4.240000000000000000e+02 1.220000000000000000e+02 4.800000000000000000e+02
1.090000000000000000e+02 3.820000000000000000e+02 1.750000000000000000e+02 4.440000000000000000e+02
1.270000000000000000e+02 1.100000000000000000e+01 1.910000000000000000e+02 6.900000000000000000e+01
1.760000000000000000e+02 6.100000000000000000e+01 2.200000000000000000e+02 1.090000000000000000e+02
1.920000000000000000e+02 2.740000000000000000e+02 2.700000000000000000e+02 3.370000000000000000e+02
2.060000000000000000e+02 4.520000000000000000e+02 2.800000000000000000e+02 5.120000000000000000e+02
3.170000000000000000e+02 1.470000000000000000e+02 3.520000000000000000e+02 1.800000000000000000e+02
3.260000000000000000e+02 1.920000000000000000e+02 3.940000000000000000e+02 2.530000000000000000e+02
3.440000000000000000e+02 4.840000000000000000e+02 3.910000000000000000e+02 5.120000000000000000e+02
3.580000000000000000e+02 3.190000000000000000e+02 3.960000000000000000e+02 3.590000000000000000e+02
3.740000000000000000e+02 3.780000000000000000e+02 4.260000000000000000e+02 4.430000000000000000e+02
4.500000000000000000e+02 2.420000000000000000e+02 5.120000000000000000e+02 2.980000000000000000e+02
4.520000000000000000e+02 0.000000000000000000e+00 5.090000000000000000e+02 4.500000000000000000e+01
4.560000000000000000e+02 4.580000000000000000e+02 5.120000000000000000e+02 5.120000000000000000e+02
