0.000000000000000000e+00 3.290000000000000000e+02 3.000000000000000000e+01 3.960000000000000000e+02
0.000000000000000000e+00 4.170000000000000000e+02 2.100000000000000000e+01 4.620000000000000000e+02
1.500000000000000000e+01 0.000000000000000000e+00 7.700000000000000000e+01 3.100000000000000000e+01
5.700000000000000000e+01 2.800000000000000000e+01 1.530000000000000000e+02 1.230000000000000000e+02
7.300000000000000000e+01 1.620000000000000000e+02 1.890000000000000000e+02 3.470000000000000000e+02
9.000000000000000000e+01 3.900000000000000000e+02 1.710000000000000000e+02 4.730000000000000000e+02
1.910000000000000000e+02 5.600000000000000000e+01 2.960000000000000000e+02 1.690000000000000000e+02
2.090000000000000000e+02 1.840000000000000000e+02 2.760000000000000000e+02 2.490000000000000000e+02
3.090000000000000000e+02 3.120000000000000000e+02 4.740000000000000000e+02 4.430000000000000000e+02
3.460000000000000000e+02 1.860000000000000000e+02 4.250000000000000000e+02 2.650000000000000000e+02
3.490000000000000000e+02 3.000000000000000000e+00 4.590000000000000000e+02 1.160000000000000000e+02
3.660000000000000000e+02 1.300000000000000000e+02 4.110000000000000000e+02 1.690000000000000000e+02
4.420000000000000000e+02 2.130000000000000000e+02 5.050000000000000000e+02 2.800000000000000000e+02
4.460000000000000000e+02 0.000000000000000000e+00 5.120000000000000000e+02 8.700000000000000000e+01
