0.000000000000000000e+00 0.000000000000000000e+00 3.400000000000000000e+01 1.800000000000000000e+01
0.000000000000000000e+00 1.330000000000000000e+02 3.300000000000000000e+01 1.680000000000000000e+02
0.000000000000000000e+00 1.730000000000000000e+02 4.400000000000000000e+01 2.360000000000000000e+02
4.600000000000000000e+01 3.180000000000000000e+02 9.900000000000000000e+01 3.830000000000000000e+02
6.300000000000000000e+01 1.720000000000000000e+02 1.040000000000000000e+02 2.210000000000000000e+02
7.400000000000000000e+01 2.700000000000000000e+01 1.860000000000000000e+02 1.580000000000000000e+02
1.330000000000000000e+02 2.780000000000000000e+02 1.620000000000000000e+02 3.130000000000000000e+02
1.730000000000000000e+02 1.070000000000000000e+02 2.690000000000000000e+02 3.080000000000000000e+02
2.220000000000000000e+02 3.470000000000000000e+02 2.970000000000000000e+02 4.080000000000000000e+02
2.260000000000000000e+02 1.600000000000000000e+01 2.710000000000000000e+02 6.900000000000000000e+01
2.780000000000000000e+02 5.000000000000000000e+01 3.430000000000000000e+02 1.110000000000000000e+02
3.510000000000000000e+02 1.310000000000000000e+02 4.000000000000000000e+02 1.800000000000000000e+02
3.610000000000000000e+02 4.150000000000000000e+02 4.460000000000000000e+02 5.020000000000000000e+02
3.740000000000000000e+02 2.570000000000000000e+02 4.070000000000000000e+02 2.940000000000000000e+02
3.750000000000000000e+02 0.000000000000000000e+00 4.100000000000000000e+02 2.200000000000000000e+01
4.670000000000000000e+02 4.840000000000000000e+02 5.120000000000000000e+02 5.120000000000000000e+02
4.830000000000000000e+02 2.460000000000000000e+02 5.120000000000000000e+02 2.770000000000000000e+02
4.900000000000000000e+02 2.500000000000000000e+01 5.120000000000000000e+02 8.400000000000000000e+01
