0.000000000000000000e+00 9.000000000000000000e+00 2.000000000000000000e+01 4.200000000000000000e+01
0.000000000000000000e+00 4.590000000000000000e+02 3.400000000000000000e+01 5.120000000000000000e+02
1.500000000000000000e+01 3.500000000000000000e+01 8.900000000000000000e+01 1.490000000000000000e+02
4.200000000000000000e+01 3.360000000000000000e+02 1.190000000000000000e+02 4.130000000000000000e+02
9.100000000000000000e+01 8.200000000000000000e+01 1.380000000000000000e+02 1.260000000000000000e+02
1.290000000000000000e+02 3.100000000000000000e+02 1.860000000000000000e+02 3.810000000000000000e+02
1.350000000000000000e+02 3.780000000000000000e+02 2.170000000000000000e+02 4.450000000000000000e+02
1.600000000000000000e+02 0.000000000000000000e+00 2.140000000000000000e+02 2.100000000000000000e+01
2.070000000000000000e+02 1.900000000000000000e+01 3.310000000000000000e+02 1.100000000000000000e+02
2.150000000000000000e+02 0.000000000000000000e+00 2.160000000000000000e+02 1.000000000000000000e+00
2.320000000000000000e+02 2.130000000000000000e+02 3.040000000000000000e+02 2.880000000000000000e+02
2.440000000000000000e+02 1.160000000000000000e+02 2.790000000000000000e+02 1.330000000000000000e+02
3.040000000000000000e+02 1.680000000000000000e+02 4.010000000000000000e+02 2.410000000000000000e+02
3.830000000000000000e+02 4.050000000000000000e+02 4.110000000000000000e+02 4.380000000000000000e+02
3.940000000000000000e+02 4.110000000000000000e+02 4.580000000000000000e+02 4.990000000000000000e+02
4.310000000000000000e+02 2.920000000000000000e+02 5.000000000000000000e+02 3.890000000000000000e+02
