0.000000000000000000e+00 3.620000000000000000e+02 6.700000000000000000e+01 4.370000000000000000e+02
2.700000000000000000e+01 0.000000000000000000e+00 1.110000000000000000e+02 4.700000000000000000e+01
3.100000000000000000e+01 4.150000000000000000e+02 1.000000000000000000e+02 5.120000000000000000e+02
1.590000000000000000e+02 4.330000000000000000e+02 1.620000000000000000e+02 4.350000000000000000e+02
1.630000000000000000e+02 3.280000000000000000e+02 2.510000000000000000e+02 4.100000000000000000e+02
1.740000000000000000e+02 8.700000000000000000e+01 2.900000000000000000e+02 2.790000000000000000e+02
1.840000000000000000e+02 4.460000000000000000e+02 2.370000000000000000e+02 5.100000000000000000e+02
2.490000000000000000e+02 4.650000000000000000e+02 3.180000000000000000e+02 5.120000000000000000e+02
2.560000000000000000e+02 2.900000000000000000e+02 3.140000000000000000e+02 3.500000000000000000e+02
2.780000000000000000e+02 0.000000000000000000e+00 3.530000000000000000e+02 7.900000000000000000e+01
2.890000000000000000e+02 3.800000000000000000e+02 3.680000000000000000e+02 4.550000000000000000e+02
3.410000000000000000e+02 4.930000000000000000e+02 3.920000000000000000e+02 5.120000000000000000e+02
3.770000000000000000e+02 1.960000000000000000e+02 4.650000000000000000e+02 2.890000000000000000e+02
4.080000000000000000e+02 5.080000000000000000e+02 4.190000000000000000e+02 5.120000000000000000e+02
4.540000000000000000e+02 3.950000000000000000e+02 5.120000000000000000e+02 4.740000000000000000e+02
4.980000000000000000e+02 4.990000000000000000e+02 5.120000000000000000e+02 5.120000000000000000e+02
