4.000000000000000000e+00 0.000000000000000000e+00 3.200000000000000000e+01 1.800000000000000000e+01
4.000000000000000000e+00 3.300000000000000000e+01 1.400000000000000000e+01 5.100000000000000000e+01
1.300000000000000000e+01 4.050000000000000000e+02 1.390000000000000000e+02 5.120000000000000000e+02
6.800000000000000000e+01 3.500000000000000000e+02 1.180000000000000000e+02 4.010000000000000000e+02
1.100000000000000000e+02 8.000000000000000000e+01 2.110000000000000000e+02 1.580000000000000000e+02
1.140000000000000000e+02 1.710000000000000000e+02 1.630000000000000000e+02 2.210000000000000000e+02
1.750000000000000000e+02 1.610000000000000000e+02 2.700000000000000000e+02 2.480000000000000000e+02
2.460000000000000000e+02 1.270000000000000000e+02 3.100000000000000000e+02 1.810000000000000000e+02
2.680000000000000000e+02 3.290000000000000000e+02 3.110000000000000000e+02 3.680000000000000000e+02
2.740000000000000000e+02 0.000000000000000000e+00 3.360000000000000000e+02 5.700000000000000000e+01
3.260000000000000000e+02 5.700000000000000000e+01 3.700000000000000000e+02 1.010000000000000000e+02
3.270000000000000000e+02 4.560000000000000000e+02 3.850000000000000000e+02 5.110000000000000000e+02
3.650000000000000000e+02 3.510000000000000000e+02 4.560000000000000000e+02 4.430000000000000000e+02
3.760000000000000000e+02 2.670000000000000000e+02 4.360000000000000000e+02 3.260000000000000000e+02
4.390000000000000000e+02 4.130000000000000000e+02 4.840000000000000000e+02 4.640000000000000000e+02
