0.000000000000000000e+00 3.010000000000000000e+02 3.900000000000000000e+01 3.610000000000000000e+02
5.500000000000000000e+01 4.140000000000000000e+02 1.330000000000000000e+02 5.100000000000000000e+02
1.250000000000000000e+02 3.400000000000000000e+01 1.740000000000000000e+02 8.100000000000000000e+01
1.610000000000000000e+02 2.010000000000000000e+02 2.280000000000000000e+02 2.620000000000000000e+02
1.670000000000000000e+02 2.840000000000000000e+02 2.310000000000000000e+02 3.470000000000000000e+02
1.950000000000000000e+02 0.000000000000000000e+00 2.010000000000000000e+02 1.000000000000000000e+00
2.460000000000000000e+02 3.750000000000000000e+02 4.130000000000000000e+02 4.810000000000000000e+02
3.040000000000000000e+02 2.300000000000000000e+02 3.800000000000000000e+02 3.080000000000000000e+02
3.420000000000000000e+02 1.250000000000000000e+02 3.820000000000000000e+02 1.650000000000000000e+02
3.890000000000000000e+02 0.000000000000000000e+00 4.270000000000000000e+02 1.300000000000000000e+01
4.570000000000000000e+02 3.730000000000000000e+02 5.120000000000000000e+02 4.710000000000000000e+02
4.890000000000000000e+02 0.000000000000000000e+00 5.120000000000000000e+02 4.600000000000000000e+01
