2.000000000000000000e+00 4.470000000000000000e+02 1.800000000000000000e+01 4.970000000000000000e+02
4.000000000000000000e+00 0.000000000000000000e+00 3.800000000000000000e+01 2.000000000000000000e+01
2.400000000000000000e+01 1.630000000000000000e+02 1.150000000000000000e+02 2.580000000000000000e+02
5.700000000000000000e+01 4.440000000000000000e+02 1.630000000000000000e+02 5.110000000000000000e+02
9.000000000000000000e+01 7.200000000000000000e+01 1.570000000000000000e+02 1.450000000000000000e+02
1.230000000000000000e+02 1.100000000000000000e+01 1.800000000000000000e+02 7.000000000000000000e+01
1.640000000000000000e+02 3.830000000000000000e+02 1.990000000000000000e+02 4.220000000000000000e+02
1.730000000000000000e+02 9.000000000000000000e+01 2.080000000000000000e+02 1.390000000000000000e+02
2.140000000000000000e+02 2.690000000000000000e+02 2.890000000000000000e+02 3.520000000000000000e+02
2.420000000000000000e+02 1.660000000000000000e+02 3.010000000000000000e+02 2.430000000000000000e+02
2.770000000000000000e+02 3.740000000000000000e+02 3.400000000000000000e+02 4.540000000000000000e+02
3.000000000000000000e+02 2.900000000000000000e+01 3.670000000000000000e+02 9.800000000000000000e+01
3.380000000000000000e+02 4.990000000000000000e+02 3.820000000000000000e+02 5.110000000000000000e+02
3.420000000000000000e+02 4.200000000000000000e+02 3.870000000000000000e+02 4.690000000000000000e+02
3.490000000000000000e+02 3.210000000000000000e+02 4.060000000000000000e+02 3.740000000000000000e+02
4.480000000000000000e+02 1.810000000000000000e+02 5.120000000000000000e+02 2.640000000000000000e+02
