0.000000000000000000e+00 4.930000000000000000e+02 1.900000000000000000e+01 5.120000000000000000e+02
4.000000000000000000e+00 2.320000000000000000e+02 6.600000000000000000e+01 2.810000000000000000e+02
4.500000000000000000e+01 0.000000000000000000e+00 9.500000000000000000e+01 2.200000000000000000e+01
4.500000000000000000e+01 1.620000000000000000e+02 1.210000000000000000e+02 2.420000000000000000e+02
1.450000000000000000e+02 4.700000000000000000e+02 1.880000000000000000e+02 5.120000000000000000e+02
1.520000000000000000e+02 3.290000000000000000e+02 1.970000000000000000e+02 3.760000000000000000e+02
1.830000000000000000e+02 3.640000000000000000e+02 2.890000000000000000e+02 4.560000000000000000e+02
2.730000000000000000e+02 0.000000000000000000e+00 3.560000000000000000e+02 5.100000000000000000e+01
3.010000000000000000e+02 5.000000000000000000e+02 3.480000000000000000e+02 5.120000000000000000e+02
3.130000000000000000e+02 4.640000000000000000e+02 3.370000000000000000e+02 4.840000000000000000e+02
4.600000000000000000e+02 7.900000000000000000e+01 4.890000000000000000e+02 1.400000000000000000e+02
