0.000000000000000000e+00 1.420000000000000000e+02 8.900000000000000000e+01 2.290000000000000000e+02
5.100000000000000000e+01 1.400000000000000000e+01 1.200000000000000000e+02 8.500000000000000000e+01
7.800000000000000000e+01 2.530000000000000000e+02 1.330000000000000000e+02 3.220000000000000000e+02
1.200000000000000000e+02 1.000000000000000000e+00 1.740000000000000000e+02 2.200000000000000000e+01
1.380000000000000000e+02 2.990000000000000000e+02 2.010000000000000000e+02 3.580000000000000000e+02
1.930000000000000000e+02 1.340000000000000000e+02 2.380000000000000000e+02 1.870000000000000000e+02
2.280000000000000000e+02 3.960000000000000000e+02 3.190000000000000000e+02 4.890000000000000000e+02
2.470000000000000000e+02 3.800000000000000000e+01 3.100000000000000000e+02 9.900000000000000000e+01
2.770000000000000000e+02 2.440000000000000000e+02 3.640000000000000000e+02 3.210000000000000000e+02
3.010000000000000000e+02 2.000000000000000000e+00 3.320000000000000000e+02 1.400000000000000000e+01
3.520000000000000000e+02 2.000000000000000000e+00 4.350000000000000000e+02 9.300000000000000000e+01
3.770000000000000000e+02 4.360000000000000000e+02 4.320000000000000000e+02 4.910000000000000000e+02
3.920000000000000000e+02 1.480000000000000000e+02 4.470000000000000000e+02 2.090000000000000000e+02
4.350000000000000000e+02 2.050000000000000000e+02 4.860000000000000000e+02 2.640000000000000000e+02
4.580000000000000000e+02 2.000000000000000000e+00 5.060000000000000000e+02 4.800000000000000000e+01
