0.000000000000000000e+00 2.820000000000000000e+02 4.900000000000000000e+01 3.680000000000000000e+02
1.400000000000000000e+01 4.700000000000000000e+02 8.100000000000000000e+01 5.120000000000000000e+02
2.900000000000000000e+01 2.040000000000000000e+02 7.400000000000000000e+01 2.530000000000000000e+02
4.500000000000000000e+01 3.890000000000000000e+02 8.800000000000000000e+01 4.420000000000000000e+02
8.900000000000000000e+01 1.160000000000000000e+02 1.620000000000000000e+02 2.070000000000000000e+02
1.020000000000000000e+02 2.880000000000000000e+02 1.890000000000000000e+02 3.690000000000000000e+02
1.420000000000000000e+02 3.100000000000000000e+01 2.070000000000000000e+02 1.020000000000000000e+02
1.910000000000000000e+02 1.120000000000000000e+02 2.300000000000000000e+02 1.610000000000000000e+02
2.550000000000000000e+02 3.130000000000000000e+02 2.920000000000000000e+02 3.560000000000000000e+02
3.120000000000000000e+02 1.130000000000000000e+02 3.730000000000000000e+02 1.880000000000000000e+02
3.560000000000000000e+02 4.740000000000000000e+02 4.010000000000000000e+02 5.120000000000000000e+02
3.970000000000000000e+02 3.350000000000000000e+02 4.580000000000000000e+02 4.040000000000000000e+02
4.420000000000000000e+02 2.250000000000000000e+02 5.120000000000000000e+02 3.480000000000000000e+02
4.550000000000000000e+02 4.280000000000000000e+02 5.100000000000000000e+02 4.790000000000000000e+02
4.740000000000000000e+02 1.300000000000000000e+01 5.120000000000000000e+02 7.200000000000000000e+01
