0.000000000000000000e+00 3.770000000000000000e+02 6.900000000000000000e+01 5.060000000000000000e+02
2.000000000000000000e+00 1.270000000000000000e+02 2.200000000000000000e+01 1.820000000000000000e+02
3.800000000000000000e+01 2.430000000000000000e+02 1.170000000000000000e+02 3.320000000000000000e+02
1.100000000000000000e+02 1.200000000000000000e+01 1.550000000000000000e+02 6.700000000000000000e+01
1.330000000000000000e+02 1.760000000000000000e+02 1.840000000000000000e+02 2.310000000000000000e+02
1.770000000000000000e+02 1.060000000000000000e+02 2.480000000000000000e+02 1.770000000000000000e+02
1.910000000000000000e+02 3.200000000000000000e+01 2.560000000000000000e+02 8.900000000000000000e+01
2.670000000000000000e+02 1.270000000000000000e+02 3.320000000000000000e+02 2.220000000000000000e+02
3.220000000000000000e+02 3.560000000000000000e+02 3.710000000000000000e+02 4.070000000000000000e+02
4.010000000000000000e+02 3.920000000000000000e+02 4.820000000000000000e+02 4.810000000000000000e+02
4.890000000000000000e+02 2.320000000000000000e+02 5.120000000000000000e+02 3.120000000000000000e+02
