1.000000000000000000e+00 3.850000000000000000e+02 3.800000000000000000e+01 4.640000000000000000e+02
1.200000000000000000e+02 2.950000000000000000e+02 2.010000000000000000e+02 3.820000000000000000e+02
2.020000000000000000e+02 1.440000000000000000e+02 2.670000000000000000e+02 2.090000000000000000e+02
2.100000000000000000e+02 4.700000000000000000e+02 2.730000000000000000e+02 5.110000000000000000e+02
2.820000000000000000e+02 4.380000000000000000e+02 3.590000000000000000e+02 5.110000000000000000e+02
2.940000000000000000e+02 9.600000000000000000e+01 4.150000000000000000e+02 1.860000000000000000e+02
3.240000000000000000e+02 2.890000000000000000e+02 4.050000000000000000e+02 3.720000000000000000e+02
3.450000000000000000e+02 0.000000000000000000e+00 4.290000000000000000e+02 3.900000000000000000e+01
3.780000000000000000e+02 3.700000000000000000e+02 4.630000000000000000e+02 4.550000000000000000e+02
4.370000000000000000e+02 1.630000000000000000e+02 5.120000000000000000e+02 2.500000000000000000e+02
4.430000000000000000e+02 2.920000000000000000e+02 5.060000000000000000e+02 3.570000000000000000e+02
