0.000000000000000000e+00 2.530000000000000000e+02 9.500000000000000000e+01 3.900000000000000000e+02
2.700000000000000000e+01 1.230000000000000000e+02 9.200000000000000000e+01 2.010000000000000000e+02
8.200000000000000000e+01 1.990000000000000000e+02 1.630000000000000000e+02 2.740000000000000000e+02
1.310000000000000000e+02 3.500000000000000000e+01 1.940000000000000000e+02 9.400000000000000000e+01
1.580000000000000000e+02 0.000000000000000000e+00 2.360000000000000000e+02 3.800000000000000000e+01
1.730000000000000000e+02 2.220000000000000000e+02 2.360000000000000000e+02 2.850000000000000000e+02
2.180000000000000000e+02 4.910000000000000000e+02 2.820000000000000000e+02 5.120000000000000000e+02
2.220000000000000000e+02 2.980000000000000000e+02 3.110000000000000000e+02 3.780000000000000000e+02
2.270000000000000000e+02 1.830000000000000000e+02 2.920000000000000000e+02 2.490000000000000000e+02
2.390000000000000000e+02 2.800000000000000000e+01 3.050000000000000000e+02 9.300000000000000000e+01
3.090000000000000000e+02 1.730000000000000000e+02 3.560000000000000000e+02 2.210000000000000000e+02
3.180000000000000000e+02 3.150000000000000000e+02 3.550000000000000000e+02 3.470000000000000000e+02
3.320000000000000000e+02 1.180000000000000000e+02 4.030000000000000000e+02 1.940000000000000000e+02
3.330000000000000000e+02 3.390000000000000000e+02 3.920000000000000000e+02 3.970000000000000000e+02
3.790000000000000000e+02 1.790000000000000000e+02 4.280000000000000000e+02 2.250000000000000000e+02
4.140000000000000000e+02 0.000000000000000000e+00 4.850000000000000000e+02 4.400000000000000000e+01
4.470000000000000000e+02 2.790000000000000000e+02 5.110000000000000000e+02 3.580000000000000000e+02
