0.000000000000000000e+00 9.400000000000000000e+01 2.400000000000000000e+01 1.510000000000000000e+02
1.900000000000000000e+01 4.940000000000000000e+02 7.100000000000000000e+01 5.120000000000000000e+02
7.400000000000000000e+01 2.110000000000000000e+02 1.610000000000000000e+02 2.970000000000000000e+02
7.400000000000000000e+01 4.940000000000000000e+02 1.270000000000000000e+02 5.120000000000000000e+02
9.400000000000000000e+01 0.000000000000000000e+00 1.810000000000000000e+02 7.900000000000000000e+01
1.420000000000000000e+02 8.000000000000000000e+01 1.900000000000000000e+02 1.270000000000000000e+02
1.540000000000000000e+02 4.700000000000000000e+02 2.300000000000000000e+02 5.120000000000000000e+02
1.590000000000000000e+02 1.240000000000000000e+02 2.190000000000000000e+02 1.820000000000000000e+02
2.110000000000000000e+02 2.400000000000000000e+02 3.540000000000000000e+02 3.440000000000000000e+02
3.220000000000000000e+02 4.450000000000000000e+02 3.930000000000000000e+02 4.910000000000000000e+02
3.580000000000000000e+02 0.000000000000000000e+00 4.110000000000000000e+02 4.600000000000000000e+01
3.880000000000000000e+02 1.700000000000000000e+02 4.550000000000000000e+02 2.370000000000000000e+02
3.980000000000000000e+02 6.900000000000000000e+01 4.530000000000000000e+02 1.270000000000000000e+02
4.010000000000000000e+02 3.590000000000000000e+02 4.740000000000000000e+02 4.230000000000000000e+02
4.100000000000000000e+02 4.600000000000000000e+02 4.750000000000000000e+02 5.120000000000000000e+02
4.510000000000000000e+02 4.900000000000000000e+01 4.910000000000000000e+02 1.110000000000000000e+02
4.720000000000000000e+02 4.320000000000000000e+02 5.120000000000000000e+02 4.980000000000000000e+02
4.760000000000000000e+02 1.370000000000000000e+02 5.120000000000000000e+02 2.110000000000000000e+02
5.040000000000000000e+02 7.800000000000000000e+01 5.120000000000000000e+02 1.030000000000000000e+02
5.100000000000000000e+02 3.510000000000000000e+02 5.120000000000000000e+02 3.660000000000000000e+02
