0.000000000000000000e+00 4.200000000000000000e+01 1.300000000000000000e+01 7.300000000000000000e+01
0.000000000000000000e+00 2.980000000000000000e+02 4.900000000000000000e+01 3.570000000000000000e+02
1.000000000000000000e+00 2.630000000000000000e+02 5.100000000000000000e+01 3.010000000000000000e+02
2.000000000000000000e+00 0.000000000000000000e+00 5.300000000000000000e+01 2.700000000000000000e+01
3.800000000000000000e+01 7.300000000000000000e+01 9.500000000000000000e+01 1.280000000000000000e+02
7.400000000000000000e+01 1.560000000000000000e+02 1.090000000000000000e+02 1.950000000000000000e+02
1.410000000000000000e+02 2.140000000000000000e+02 2.020000000000000000e+02 2.720000000000000000e+02
1.420000000000000000e+02 4.800000000000000000e+02 2.050000000000000000e+02 5.120000000000000000e+02
1.530000000000000000e+02 7.100000000000000000e+01 2.180000000000000000e+02 1.250000000000000000e+02
1.580000000000000000e+02 2.880000000000000000e+02 2.220000000000000000e+02 3.640000000000000000e+02
2.390000000000000000e+02 3.740000000000000000e+02 3.050000000000000000e+02 4.440000000000000000e+02
2.520000000000000000e+02 2.030000000000000000e+02 3.290000000000000000e+02 3.020000000000000000e+02
3.200000000000000000e+02 1.690000000000000000e+02 3.830000000000000000e+02 2.300000000000000000e+02
3.400000000000000000e+02 4.660000000000000000e+02 3.990000000000000000e+02 5.120000000000000000e+02
3.810000000000000000e+02 3.610000000000000000e+02 4.380000000000000000e+02 4.270000000000000000e+02
4.330000000000000000e+02 4.820000000000000000e+02 4.890000000000000000e+02 5.120000000000000000e+02
4.360000000000000000e+02 1.920000000000000000e+02 5.120000000000000000e+02 3.050000000000000000e+02
4.530000000000000000e+02 3.760000000000000000e+02 4.930000000000000000e+02 4.270000000000000000e+02
4.730000000000000000e+02 6.400000000000000000e+01 5.120000000000000000e+02 1.150000000000000000e+02
4.760000000000000000e+02 0.000000000000000000e+00 5.120000000000000000e+02 5.600000000000000000e+01
4.960000000000000000e+02 4.640000000000000000e+02 5.120000000000000000e+02 5.080000000000000000e+02
