0.000000000000000000e+00 4.330000000000000000e+02 2.800000000000000000e+01 4.870000000000000000e+02
8.000000000000000000e+00 0.000000000000000000e+00 3.600000000000000000e+01 6.000000000000000000e+00
6.500000000000000000e+01 4.530000000000000000e+02 1.160000000000000000e+02 5.120000000000000000e+02
1.370000000000000000e+02 2.700000000000000000e+02 1.840000000000000000e+02 3.290000000000000000e+02
1.790000000000000000e+02 0.000000000000000000e+00 2.120000000000000000e+02 1.600000000000000000e+01
2.230000000000000000e+02 4.000000000000000000e+02 2.650000000000000000e+02 4.240000000000000000e+02
2.330000000000000000e+02 0.000000000000000000e+00 2.900000000000000000e+02 3.600000000000000000e+01
3.190000000000000000e+02 2.720000000000000000e+02 3.830000000000000000e+02 3.410000000000000000e+02
3.280000000000000000e+02 4.800000000000000000e+02 3.830000000000000000e+02 5.120000000000000000e+02
3.320000000000000000e+02 1.370000000000000000e+02 4.220000000000000000e+02 2.430000000000000000e+02
4.170000000000000000e+02 2.980000000000000000e+02 4.620000000000000000e+02 3.560000000000000000e+02
4.600000000000000000e+02 4.190000000000000000e+02 5.120000000000000000e+02 4.760000000000000000e+02
4.700000000000000000e+02 2.350000000000000000e+02 5.090000000000000000e+02 2.780000000000000000e+02
4.780000000000000000e+02 4.890000000000000000e+02 5.120000000000000000e+02 5.120000000000000000e+02
