0.000000000000000000e+00 1.600000000000000000e+01 3.100000000000000000e+01 7.600000000000000000e+01
0.000000000000000000e+00 3.540000000000000000e+02 3.400000000000000000e+01 3.980000000000000000e+02
3.800000000000000000e+01 4.640000000000000000e+02 7.800000000000000000e+01 5.030000000000000000e+02
8.400000000000000000e+01 5.600000000000000000e+01 1.230000000000000000e+02 8.300000000000000000e+01
1.120000000000000000e+02 4.000000000000000000e+02 1.630000000000000000e+02 4.540000000000000000e+02
1.330000000000000000e+02 5.090000000000000000e+02 1.440000000000000000e+02 5.120000000000000000e+02
1.500000000000000000e+02 1.060000000000000000e+02 2.200000000000000000e+02 1.880000000000000000e+02
1.540000000000000000e+02 0.000000000000000000e+00 2.230000000000000000e+02 3.800000000000000000e+01
1.660000000000000000e+02 4.420000000000000000e+02 2.290000000000000000e+02 5.090000000000000000e+02
1.710000000000000000e+02 2.640000000000000000e+02 1.910000000000000000e+02 2.820000000000000000e+02
2.190000000000000000e+02 4.550000000000000000e+02 2.590000000000000000e+02 5.120000000000000000e+02
2.610000000000000000e+02 4.700000000000000000e+02 2.910000000000000000e+02 5.090000000000000000e+02
2.640000000000000000e+02 3.200000000000000000e+01 3.020000000000000000e+02 7.300000000000000000e+01
3.080000000000000000e+02 8.300000000000000000e+01 3.860000000000000000e+02 1.610000000000000000e+02
3.200000000000000000e+02 3.120000000000000000e+02 3.950000000000000000e+02 3.700000000000000000e+02
3.580000000000000000e+02 1.910000000000000000e+02 3.970000000000000000e+02 2.280000000000000000e+02
4.130000000000000000e+02 1.450000000000000000e+02 4.770000000000000000e+02 2.040000000000000000e+02
4.440000000000000000e+02 4.680000000000000000e+02 4.720000000000000000e+02 5.120000000000000000e+02
4.610000000000000000e+02 4.860000000000000000e+02 4.960000000000000000e+02 5.120000000000000000e+02
