0.000000000000000000e+00 1.590000000000000000e+02 6.300000000000000000e+01 2.500000000000000000e+02
1.200000000000000000e+01 3.090000000000000000e+02 6.000000000000000000e+01 3.570000000000000000e+02
3.000000000000000000e+01 0.000000000000000000e+00 7.600000000000000000e+01 1.800000000000000000e+01
5.400000000000000000e+01 4.570000000000000000e+02 9.500000000000000000e+01 4.990000000000000000e+02
9.600000000000000000e+01 2.200000000000000000e+02 1.410000000000000000e+02 2.660000000000000000e+02
1.510000000000000000e+02 1.540000000000000000e+02 2.050000000000000000e+02 2.010000000000000000e+02
1.980000000000000000e+02 5.020000000000000000e+02 2.330000000000000000e+02 5.120000000000000000e+02
2.720000000000000000e+02 1.360000000000000000e+02 3.090000000000000000e+02 1.750000000000000000e+02
2.980000000000000000e+02 3.650000000000000000e+02 4.310000000000000000e+02 4.900000000000000000e+02
3.020000000000000000e+02 2.900000000000000000e+01 3.430000000000000000e+02 7.100000000000000000e+01
4.000000000000000000e+02 5.200000000000000000e+01 4.520000000000000000e+02 1.050000000000000000e+02
4.150000000000000000e+02 2.970000000000000000e+02 4.570000000000000000e+02 3.400000000000000000e+02
4.440000000000000000e+02 4.960000000000000000e+02 4.890000000000000000e+02 5.120000000000000000e+02
5.060000000000000000e+02 2.430000000000000000e+02 5.120000000000000000e+02 2.650000000000000000e+02
