0.000000000000000000e+00 2.450000000000000000e+02 2.000000000000000000e+01 2.870000000000000000e+02
0.000000000000000000e+00 3.770000000000000000e+02 3.800000000000000000e+01 4.250000000000000000e+02
1.300000000000000000e+01 0.000000000000000000e+00 8.400000000000000000e+01 5.200000000000000000e+01
1.300000000000000000e+01 1.670000000000000000e+02 5.700000000000000000e+01 2.100000000000000000e+02
1.500000000000000000e+01 4.330000000000000000e+02 3.200000000000000000e+01 4.520000000000000000e+02
1.410000000000000000e+02 5.100000000000000000e+02 1.460000000000000000e+02 5.120000000000000000e+02
1.690000000000000000e+02 4.930000000000000000e+02 2.340000000000000000e+02 5.120000000000000000e+02
2.100000000000000000e+02 0.000000000000000000e+00 3.040000000000000000e+02 8.300000000000000000e+01
2.450000000000000000e+02 4.690000000000000000e+02 3.410000000000000000e+02 5.120000000000000000e+02
2.660000000000000000e+02 1.100000000000000000e+02 3.260000000000000000e+02 1.630000000000000000e+02
2.660000000000000000e+02 2.300000000000000000e+02 3.400000000000000000e+02 3.050000000000000000e+02
3.090000000000000000e+02 1.650000000000000000e+02 3.640000000000000000e+02 2.160000000000000000e+02
3.090000000000000000e+02 3.560000000000000000e+02 4.060000000000000000e+02 4.770000000000000000e+02
3.420000000000000000e+02 1.000000000000000000e+01 4.090000000000000000e+02 1.060000000000000000e+02
3.710000000000000000e+02 1.160000000000000000e+02 4.390000000000000000e+02 1.940000000000000000e+02
4.250000000000000000e+02 3.300000000000000000e+02 4.760000000000000000e+02 3.880000000000000000e+02
4.400000000000000000e+02 1.440000000000000000e+02 5.120000000000000000e+02 2.150000000000000000e+02
4.450000000000000000e+02 4.190000000000000000e+02 5.120000000000000000e+02 4.800000000000000000e+02
4.610000000000000000e+02 3.630000000000000000e+02 5.120000000000000000e+02 4.180000000000000000e+02
4.800000000000000000e+02 2.170000000000000000e+02 5.120000000000000000e+02 2.390000000000000000e+02
