0.000000000000000000e+00 3.200000000000000000e+01 4.000000000000000000e+01 8.100000000000000000e+01
0.000000000000000000e+00 1.260000000000000000e+02 5.100000000000000000e+01 1.900000000000000000e+02
0.000000000000000000e+00 2.040000000000000000e+02 3.600000000000000000e+01 2.550000000000000000e+02
0.000000000000000000e+00 4.540000000000000000e+02 1.000000000000000000e+00 4.630000000000000000e+02
1.260000000000000000e+02 4.050000000000000000e+02 1.760000000000000000e+02 4.530000000000000000e+02
1.840000000000000000e+02 0.000000000000000000e+00 2.080000000000000000e+02 1.000000000000000000e+01
2.100000000000000000e+02 6.900000000000000000e+01 2.770000000000000000e+02 1.510000000000000000e+02
2.410000000000000000e+02 2.950000000000000000e+02 2.900000000000000000e+02 3.420000000000000000e+02
2.440000000000000000e+02 2.190000000000000000e+02 2.930000000000000000e+02 2.770000000000000000e+02
2.830000000000000000e+02 3.000000000000000000e+00 3.350000000000000000e+02 4.500000000000000000e+01
3.720000000000000000e+02 2.120000000000000000e+02 4.390000000000000000e+02 2.700000000000000000e+02
3.810000000000000000e+02 3.000000000000000000e+00 4.610000000000000000e+02 1.070000000000000000e+02
3.890000000000000000e+02 4.710000000000000000e+02 4.380000000000000000e+02 5.120000000000000000e+02
4.460000000000000000e+02 2.360000000000000000e+02 4.960000000000000000e+02 2.820000000000000000e+02
4.600000000000000000e+02 4.460000000000000000e+02 5.120000000000000000e+02 5.090000000000000000e+02
4.860000000000000000e+02 4.170000000000000000e+02 5.120000000000000000e+02 4.700000000000000000e+02
5.040000000000000000e+02 7.500000000000000000e+01 5.120000000000000000e+02 1.050000000000000000e+02
