0.000000000000000000e+00 4.500000000000000000e+02 6.800000000000000000e+01 5.120000000000000000e+02
3.000000000000000000e+00 3.180000000000000000e+02 7.200000000000000000e+01 3.790000000000000000e+02
1.300000000000000000e+01 2.050000000000000000e+02 1.290000000000000000e+02 2.980000000000000000e+02
2.400000000000000000e+01 0.000000000000000000e+00 1.190000000000000000e+02 7.900000000000000000e+01
9.300000000000000000e+01 3.180000000000000000e+02 2.080000000000000000e+02 4.330000000000000000e+02
1.030000000000000000e+02 1.310000000000000000e+02 1.600000000000000000e+02 1.860000000000000000e+02
1.190000000000000000e+02 0.000000000000000000e+00 1.820000000000000000e+02 4.500000000000000000e+01
1.920000000000000000e+02 1.320000000000000000e+02 2.710000000000000000e+02 2.030000000000000000e+02
2.010000000000000000e+02 1.500000000000000000e+01 3.000000000000000000e+02 1.100000000000000000e+02
3.100000000000000000e+02 2.750000000000000000e+02 4.150000000000000000e+02 3.770000000000000000e+02
3.390000000000000000e+02 1.290000000000000000e+02 4.630000000000000000e+02 2.690000000000000000e+02
3.650000000000000000e+02 3.740000000000000000e+02 4.380000000000000000e+02 4.490000000000000000e+02
3.710000000000000000e+02 5.600000000000000000e+01 4.360000000000000000e+02 1.250000000000000000e+02
4.180000000000000000e+02 2.580000000000000000e+02 4.770000000000000000e+02 3.170000000000000000e+02
4.350000000000000000e+02 1.900000000000000000e+01 4.960000000000000000e+02 8.000000000000000000e+01
4.510000000000000000e+02 3.840000000000000000e+02 5.060000000000000000e+02 4.390000000000000000e+02
4.600000000000000000e+02 4.660000000000000000e+02 5.120000000000000000e+02 5.120000000000000000e+02
