2.200000000000000000e+01 4.630000000000000000e+02 1.020000000000000000e+02 5.120000000000000000e+02
3.400000000000000000e+01 1.840000000000000000e+02 1.400000000000000000e+02 2.920000000000000000e+02
6.900000000000000000e+01 4.000000000000000000e+00 1.620000000000000000e+02 6.500000000000000000e+01
1.590000000000000000e+02 3.900000000000000000e+01 2.320000000000000000e+02 1.080000000000000000e+02
1.620000000000000000e+02 2.700000000000000000e+02 2.370000000000000000e+02 3.470000000000000000e+02
2.100000000000000000e+02 4.370000000000000000e+02 2.590000000000000000e+02 4.850000000000000000e+02
3.000000000000000000e+02 1.190000000000000000e+02 3.890000000000000000e+02 2.420000000000000000e+02
4.060000000000000000e+02 4.320000000000000000e+02 4.560000000000000000e+02 4.850000000000000000e+02
4.220000000000000000e+02 3.140000000000000000e+02 5.040000000000000000e+02 4.020000000000000000e+02
4.840000000000000000e+02 8.000000000000000000e+01 5.100000000000000000e+02 1.420000000000000000e+02
