2.000000000000000000e+00 2.720000000000000000e+02 6.500000000000000000e+01 3.690000000000000000e+02
9.000000000000000000e+00 1.330000000000000000e+02 7.800000000000000000e+01 1.840000000000000000e+02
5.400000000000000000e+01 3.370000000000000000e+02 1.010000000000000000e+02 3.840000000000000000e+02
9.300000000000000000e+01 1.200000000000000000e+01 1.520000000000000000e+02 6.300000000000000000e+01
1.140000000000000000e+02 4.720000000000000000e+02 1.690000000000000000e+02 5.120000000000000000e+02
1.660000000000000000e+02 3.100000000000000000e+02 2.070000000000000000e+02 3.510000000000000000e+02
1.810000000000000000e+02 5.900000000000000000e+01 2.660000000000000000e+02 1.360000000000000000e+02
1.940000000000000000e+02 1.000000000000000000e+00 2.630000000000000000e+02 4.200000000000000000e+01
2.080000000000000000e+02 4.080000000000000000e+02 2.530000000000000000e+02 4.530000000000000000e+02
2.320000000000000000e+02 4.810000000000000000e+02 2.930000000000000000e+02 5.100000000000000000e+02
2.860000000000000000e+02 2.570000000000000000e+02 3.790000000000000000e+02 3.000000000000000000e+02
3.360000000000000000e+02 2.190000000000000000e+02 4.090000000000000000e+02 2.740000000000000000e+02
3.710000000000000000e+02 3.610000000000000000e+02 4.720000000000000000e+02 4.460000000000000000e+02
3.950000000000000000e+02 0.000000000000000000e+00 4.760000000000000000e+02 7.000000000000000000e+01
3.980000000000000000e+02 4.670000000000000000e+02 4.550000000000000000e+02 5.120000000000000000e+02
