0.000000000000000000e+00 3.000000000000000000e+01 3.800000000000000000e+01 1.070000000000000000e+02
4.800000000000000000e+01 1.720000000000000000e+02 1.030000000000000000e+02 2.270000000000000000e+02
1.060000000000000000e+02 8.600000000000000000e+01 2.500000000000000000e+02 2.910000000000000000e+02
1.310000000000000000e+02 0.000000000000000000e+00 1.900000000000000000e+02 2.100000000000000000e+01
1.660000000000000000e+02 2.900000000000000000e+01 2.480000000000000000e+02 1.170000000000000000e+02
1.870000000000000000e+02 3.570000000000000000e+02 2.960000000000000000e+02 4.920000000000000000e+02
1.870000000000000000e+02 4.460000000000000000e+02 2.260000000000000000e+02 4.870000000000000000e+02
1.940000000000000000e+02 2.930000000000000000e+02 2.650000000000000000e+02 3.520000000000000000e+02
2.290000000000000000e+02 4.960000000000000000e+02 2.730000000000000000e+02 5.120000000000000000e+02
3.100000000000000000e+02 1.420000000000000000e+02 3.850000000000000000e+02 2.090000000000000000e+02
4.390000000000000000e+02 2.600000000000000000e+01 5.100000000000000000e+02 1.040000000000000000e+02
