5.000000000000000000e+00 1.200000000000000000e+01 5.900000000000000000e+01 9.600000000000000000e+01
5.200000000000000000e+01 3.300000000000000000e+01 1.130000000000000000e+02 1.120000000000000000e+02
6.100000000000000000e+01 2.570000000000000000e+02 1.200000000000000000e+02 3.080000000000000000e+02
1.390000000000000000e+02 1.040000000000000000e+02 2.200000000000000000e+02 1.910000000000000000e+02
1.470000000000000000e+02 4.200000000000000000e+02 2.420000000000000000e+02 5.120000000000000000e+02
2.210000000000000000e+02 1.940000000000000000e+02 2.860000000000000000e+02 2.570000000000000000e+02
3.050000000000000000e+02 1.270000000000000000e+02 3.660000000000000000e+02 1.900000000000000000e+02
3.090000000000000000e+02 3.190000000000000000e+02 4.360000000000000000e+02 4.290000000000000000e+02
3.370000000000000000e+02 4.290000000000000000e+02 4.030000000000000000e+02 5.120000000000000000e+02
3.710000000000000000e+02 2.160000000000000000e+02 4.320000000000000000e+02 2.810000000000000000e+02
3.870000000000000000e+02 9.400000000000000000e+01 4.320000000000000000e+02 1.490000000000000000e+02
4.360000000000000000e+02 2.700000000000000000e+02 5.110000000000000000e+02 3.560000000000000000e+02
4.490000000000000000e+02 1.210000000000000000e+02 5.100000000000000000e+02 1.930000000000000000e+02
