0.000000000000000000e+00 4.500000000000000000e+01 3.700000000000000000e+01 1.040000000000000000e+02
0.000000000000000000e+00 2.160000000000000000e+02 5.500000000000000000e+01 2.740000000000000000e+02
0.000000000000000000e+00 4.000000000000000000e+02 7.300000000000000000e+01 4.750000000000000000e+02
3.400000000000000000e+01 1.680000000000000000e+02 9.600000000000000000e+01 2.330000000000000000e+02
6.400000000000000000e+01 6.500000000000000000e+01 1.450000000000000000e+02 1.530000000000000000e+02
9.200000000000000000e+01 2.320000000000000000e+02 1.590000000000000000e+02 3.000000000000000000e+02
1.180000000000000000e+02 3.340000000000000000e+02 1.990000000000000000e+02 4.080000000000000000e+02
1.840000000000000000e+02 9.700000000000000000e+01 2.970000000000000000e+02 1.900000000000000000e+02
2.520000000000000000e+02 4.410000000000000000e+02 3.320000000000000000e+02 5.120000000000000000e+02
2.610000000000000000e+02 3.600000000000000000e+01 3.240000000000000000e+02 9.300000000000000000e+01
2.710000000000000000e+02 0.000000000000000000e+00 3.230000000000000000e+02 2.000000000000000000e+01
2.720000000000000000e+02 1.390000000000000000e+02 3.430000000000000000e+02 2.060000000000000000e+02
3.600000000000000000e+02 1.520000000000000000e+02 4.220000000000000000e+02 2.030000000000000000e+02
3.620000000000000000e+02 2.490000000000000000e+02 4.910000000000000000e+02 3.740000000000000000e+02
4.020000000000000000e+02 4.880000000000000000e+02 4.560000000000000000e+02 5.120000000000000000e+02
4.420000000000000000e+02 1.790000000000000000e+02 4.860000000000000000e+02 2.160000000000000000e+02
4.480000000000000000e+02 0.000000000000000000e+00 5.000000000000000000e+02 3.300000000000000000e+01
4.740000000000000000e+02 2.880000000000000000e+02 5.120000000000000000e+02 3.450000000000000000e+02
4.930000000000000000e+02 4.800000000000000000e+02 5.120000000000000000e+02 5.120000000000000000e+02
4.960000000000000000e+02 1.500000000000000000e+01 5.120000000000000000e+02 6.600000000000000000e+01
