0.000000000000000000e+00 3.140000000000000000e+02 1.800000000000000000e+01 3.650000000000000000e+02
6.000000000000000000e+00 1.200000000000000000e+02 7.200000000000000000e+01 1.790000000000000000e+02
4.400000000000000000e+01 3.040000000000000000e+02 1.210000000000000000e+02 3.910000000000000000e+02
9.200000000000000000e+01 1.290000000000000000e+02 1.680000000000000000e+02 2.010000000000000000e+02
9.700000000000000000e+01 2.210000000000000000e+02 1.420000000000000000e+02 2.620000000000000000e+02
1.270000000000000000e+02 4.810000000000000000e+02 1.750000000000000000e+02 5.070000000000000000e+02
1.980000000000000000e+02 3.050000000000000000e+02 2.210000000000000000e+02 3.260000000000000000e+02
2.570000000000000000e+02 2.390000000000000000e+02 3.260000000000000000e+02 2.990000000000000000e+02
3.480000000000000000e+02 3.120000000000000000e+02 3.960000000000000000e+02 3.660000000000000000e+02
3.500000000000000000e+02 1.200000000000000000e+01 4.370000000000000000e+02 1.010000000000000000e+02
4.020000000000000000e+02 4.720000000000000000e+02 4.400000000000000000e+02 5.060000000000000000e+02
4.560000000000000000e+02 2.970000000000000000e+02 5.120000000000000000e+02 3.710000000000000000e+02
5.050000000000000000e+02 1.490000000000000000e+02 5.120000000000000000e+02 1.780000000000000000e+02
5.060000000000000000e+02 0.000000000000000000e+00 5.120000000000000000e+02 1.700000000000000000e+01
