0.000000000000000000e+00 1.170000000000000000e+02 5.700000000000000000e+01 2.100000000000000000e+02
0.000000000000000000e+00 2.890000000000000000e+02 3.200000000000000000e+01 3.490000000000000000e+02
2.500000000000000000e+01 2.400000000000000000e+02 1.010000000000000000e+02 3.040000000000000000e+02
5.200000000000000000e+01 0.000000000000000000e+00 9.600000000000000000e+01 1.300000000000000000e+01
8.300000000000000000e+01 3.600000000000000000e+02 2.120000000000000000e+02 4.670000000000000000e+02
1.020000000000000000e+02 2.840000000000000000e+02 1.820000000000000000e+02 3.470000000000000000e+02
1.080000000000000000e+02 2.080000000000000000e+02 1.410000000000000000e+02 2.680000000000000000e+02
1.320000000000000000e+02 2.230000000000000000e+02 1.640000000000000000e+02 2.560000000000000000e+02
1.490000000000000000e+02 2.300000000000000000e+02 1.940000000000000000e+02 2.820000000000000000e+02
1.570000000000000000e+02 4.660000000000000000e+02 2.160000000000000000e+02 5.120000000000000000e+02
1.830000000000000000e+02 3.800000000000000000e+01 2.620000000000000000e+02 1.240000000000000000e+02
1.830000000000000000e+02 2.380000000000000000e+02 2.660000000000000000e+02 3.310000000000000000e+02
2.410000000000000000e+02 1.740000000000000000e+02 3.280000000000000000e+02 2.540000000000000000e+02
2.440000000000000000e+02 4.800000000000000000e+02 3.180000000000000000e+02 5.120000000000000000e+02
3.210000000000000000e+02 1.330000000000000000e+02 3.820000000000000000e+02 1.990000000000000000e+02
3.240000000000000000e+02 2.780000000000000000e+02 3.860000000000000000e+02 3.440000000000000000e+02
3.380000000000000000e+02 3.540000000000000000e+02 3.940000000000000000e+02 4.160000000000000000e+02
3.830000000000000000e+02 1.870000000000000000e+02 4.550000000000000000e+02 2.410000000000000000e+02
3.900000000000000000e+02 1.110000000000000000e+02 4.620000000000000000e+02 1.900000000000000000e+02
4.320000000000000000e+02 3.540000000000000000e+02 5.010000000000000000e+02 4.260000000000000000e+02
4.400000000000000000e+02 0.000000000000000000e+00 5.100000000000000000e+02 4.500000000000000000e+01
4.620000000000000000e+02 1.940000000000000000e+02 5.120000000000000000e+02 2.580000000000000000e+02
4.870000000000000000e+02 3.300000000000000000e+02 5.120000000000000000e+02 3.680000000000000000e+02
4.880000000000000000e+02 4.310000000000000000e+02 5.120000000000000000e+02 4.940000000000000000e+02
4.980000000000000000e+02 1.400000000000000000e+02 5.120000000000000000e+02 1.830000000000000000e+02
