0.000000000000000000e+00 3.670000000000000000e+02 3.300000000000000000e+01 4.350000000000000000e+02
0.000000000000000000e+00 4.610000000000000000e+02 6.600000000000000000e+01 5.120000000000000000e+02
2.000000000000000000e+01 0.000000000000000000e+00 9.400000000000000000e+01 9.100000000000000000e+01
4.800000000000000000e+01 1.700000000000000000e+02 1.290000000000000000e+02 2.510000000000000000e+02
4.800000000000000000e+01 3.770000000000000000e+02 1.050000000000000000e+02 4.280000000000000000e+02
4.900000000000000000e+01 9.000000000000000000e+01 1.310000000000000000e+02 1.560000000000000000e+02
8.700000000000000000e+01 4.730000000000000000e+02 1.430000000000000000e+02 5.120000000000000000e+02
1.390000000000000000e+02 3.720000000000000000e+02 2.370000000000000000e+02 4.670000000000000000e+02
1.930000000000000000e+02 2.000000000000000000e+02 2.780000000000000000e+02 2.820000000000000000e+02
2.420000000000000000e+02 1.130000000000000000e+02 3.000000000000000000e+02 1.720000000000000000e+02
2.430000000000000000e+02 3.230000000000000000e+02 3.170000000000000000e+02 4.300000000000000000e+02
2.480000000000000000e+02 2.640000000000000000e+02 3.080000000000000000e+02 3.170000000000000000e+02
2.810000000000000000e+02 4.880000000000000000e+02 3.440000000000000000e+02 5.120000000000000000e+02
3.640000000000000000e+02 1.440000000000000000e+02 4.280000000000000000e+02 2.180000000000000000e+02
3.720000000000000000e+02 2.660000000000000000e+02 4.280000000000000000e+02 3.260000000000000000e+02
3.780000000000000000e+02 0.000000000000000000e+00 4.630000000000000000e+02 7.400000000000000000e+01
4.030000000000000000e+02 3.360000000000000000e+02 4.620000000000000000e+02 4.010000000000000000e+02
4.410000000000000000e+02 9.500000000000000000e+01 5.010000000000000000e+02 1.610000000000000000e+02
4.630000000000000000e+02 1.830000000000000000e+02 5.120000000000000000e+02 2.360000000000000000e+02
4.950000000000000000e+02 0.000000000000000000e+00 5.120000000000000000e+02 1.100000000000000000e+01
4.980000000000000000e+02 3.600000000000000000e+01 5.120000000000000000e+02 7.200000000000000000e+01
