5.000000000000000000e+00 1.860000000000000000e+02 5.500000000000000000e+01 2.740000000000000000e+02
4.800000000000000000e+01 2.670000000000000000e+02 1.070000000000000000e+02 3.250000000000000000e+02
1.160000000000000000e+02 2.660000000000000000e+02 1.750000000000000000e+02 3.400000000000000000e+02
1.190000000000000000e+02 1.700000000000000000e+01 1.630000000000000000e+02 6.600000000000000000e+01
1.540000000000000000e+02 0.000000000000000000e+00 2.090000000000000000e+02 4.500000000000000000e+01
1.590000000000000000e+02 3.130000000000000000e+02 2.100000000000000000e+02 3.610000000000000000e+02
1.790000000000000000e+02 4.610000000000000000e+02 2.300000000000000000e+02 5.120000000000000000e+02
2.250000000000000000e+02 3.190000000000000000e+02 3.100000000000000000e+02 4.200000000000000000e+02
2.840000000000000000e+02 2.140000000000000000e+02 3.220000000000000000e+02 2.530000000000000000e+02
3.530000000000000000e+02 2.400000000000000000e+01 4.080000000000000000e+02 8.400000000000000000e+01
4.050000000000000000e+02 3.590000000000000000e+02 4.540000000000000000e+02 3.960000000000000000e+02
4.270000000000000000e+02 2.720000000000000000e+02 4.730000000000000000e+02 3.110000000000000000e+02
4.440000000000000000e+02 1.410000000000000000e+02 4.900000000000000000e+02 1.960000000000000000e+02
4.450000000000000000e+02 8.400000000000000000e+01 5.120000000000000000e+02 1.400000000000000000e+02
5.060000000000000000e+02 5.700000000000000000e+01 5.120000000000000000e+02 7.200000000000000000e+01
