0.000000000000000000e+00 1.510000000000000000e+02 2.700000000000000000e+01 2.160000000000000000e+02
0.000000000000000000e+00 2.330000000000000000e+02 3.300000000000000000e+01 3.060000000000000000e+02
0.000000000000000000e+00 4.890000000000000000e+02 1.500000000000000000e+01 5.100000000000000000e+02
1.000000000000000000e+01 5.000000000000000000e+01 1.850000000000000000e+02 1.590000000000000000e+02
4.100000000000000000e+01 1.000000000000000000e+00 9.400000000000000000e+01 4.700000000000000000e+01
4.700000000000000000e+01 4.930000000000000000e+02 9.100000000000000000e+01 5.120000000000000000e+02
5.300000000000000000e+01 2.910000000000000000e+02 1.140000000000000000e+02 3.540000000000000000e+02
5.300000000000000000e+01 3.890000000000000000e+02 1.470000000000000000e+02 4.650000000000000000e+02
8.400000000000000000e+01 2.540000000000000000e+02 1.310000000000000000e+02 2.990000000000000000e+02
1.110000000000000000e+02 1.990000000000000000e+02 1.540000000000000000e+02 2.360000000000000000e+02
1.740000000000000000e+02 3.490000000000000000e+02 2.310000000000000000e+02 4.020000000000000000e+02
1.790000000000000000e+02 4.220000000000000000e+02 2.420000000000000000e+02 4.850000000000000000e+02
1.890000000000000000e+02 2.760000000000000000e+02 2.600000000000000000e+02 3.470000000000000000e+02
2.220000000000000000e+02 8.400000000000000000e+01 2.750000000000000000e+02 1.350000000000000000e+02
3.030000000000000000e+02 1.920000000000000000e+02 3.640000000000000000e+02 2.530000000000000000e+02
3.040000000000000000e+02 9.500000000000000000e+01 3.490000000000000000e+02 1.400000000000000000e+02
3.220000000000000000e+02 4.520000000000000000e+02 4.240000000000000000e+02 5.110000000000000000e+02
3.630000000000000000e+02 1.000000000000000000e+00 4.080000000000000000e+02 3.800000000000000000e+01
3.890000000000000000e+02 1.070000000000000000e+02 4.380000000000000000e+02 1.520000000000000000e+02
3.980000000000000000e+02 3.560000000000000000e+02 4.690000000000000000e+02 4.210000000000000000e+02
4.870000000000000000e+02 3.630000000000000000e+02 5.100000000000000000e+02 4.170000000000000000e+02
