1.800000000000000000e+01 1.970000000000000000e+02 5.000000000000000000e+01 2.400000000000000000e+02
1.900000000000000000e+01 3.130000000000000000e+02 8.500000000000000000e+01 3.930000000000000000e+02
1.900000000000000000e+01 4.640000000000000000e+02 7.800000000000000000e+01 5.120000000000000000e+02
7.500000000000000000e+01 1.890000000000000000e+02 1.490000000000000000e+02 2.610000000000000000e+02
1.350000000000000000e+02 4.170000000000000000e+02 1.760000000000000000e+02 4.630000000000000000e+02
2.490000000000000000e+02 4.580000000000000000e+02 3.060000000000000000e+02 5.120000000000000000e+02
2.890000000000000000e+02 8.100000000000000000e+01 3.310000000000000000e+02 1.190000000000000000e+02
2.930000000000000000e+02 3.520000000000000000e+02 3.340000000000000000e+02 4.000000000000000000e+02
3.070000000000000000e+02 2.380000000000000000e+02 3.700000000000000000e+02 3.030000000000000000e+02
3.120000000000000000e+02 1.190000000000000000e+02 3.450000000000000000e+02 1.480000000000000000e+02
3.250000000000000000e+02 1.390000000000000000e+02 3.820000000000000000e+02 1.890000000000000000e+02
3.780000000000000000e+02 3.090000000000000000e+02 4.060000000000000000e+02 3.470000000000000000e+02
4.120000000000000000e+02 4.320000000000000000e+02 4.870000000000000000e+02 5.050000000000000000e+02
4.340000000000000000e+02 1.950000000000000000e+02 4.700000000000000000e+02 2.510000000000000000e+02
4.610000000000000000e+02 1.710000000000000000e+02 5.000000000000000000e+02 2.340000000000000000e+02
