0.000000000000000000e+00 9.100000000000000000e+01 5.100000000000000000e+01 1.680000000000000000e+02
6.000000000000000000e+00 3.280000000000000000e+02 4.300000000000000000e+01 3.710000000000000000e+02
3.500000000000000000e+01 4.610000000000000000e+02 1.120000000000000000e+02 5.120000000000000000e+02
6.100000000000000000e+01 3.820000000000000000e+02 1.120000000000000000e+02 4.300000000000000000e+02
2.310000000000000000e+02 2.700000000000000000e+02 3.030000000000000000e+02 3.350000000000000000e+02
2.350000000000000000e+02 1.820000000000000000e+02 3.090000000000000000e+02 2.520000000000000000e+02
2.510000000000000000e+02 0.000000000000000000e+00 2.610000000000000000e+02 1.000000000000000000e+00
2.550000000000000000e+02 5.800000000000000000e+01 3.420000000000000000e+02 1.540000000000000000e+02
2.640000000000000000e+02 4.010000000000000000e+02 3.320000000000000000e+02 4.690000000000000000e+02
3.510000000000000000e+02 3.920000000000000000e+02 4.710000000000000000e+02 4.730000000000000000e+02
3.530000000000000000e+02 2.410000000000000000e+02 4.570000000000000000e+02 3.710000000000000000e+02
4.070000000000000000e+02 3.000000000000000000e+00 5.120000000000000000e+02 1.080000000000000000e+02
4.770000000000000000e+02 2.080000000000000000e+02 5.120000000000000000e+02 3.010000000000000000e+02
5.090000000000000000e+02 4.800000000000000000e+02 5.120000000000000000e+02 5.030000000000000000e+02
5.110000000000000000e+02 4.160000000000000000e+02 5.120000000000000000e+02 4.240000000000000000e+02
