6.000000000000000000e+00 4.960000000000000000e+02 4.100000000000000000e+01 5.110000000000000000e+02
3.800000000000000000e+01 0.000000000000000000e+00 7.600000000000000000e+01 1.500000000000000000e+01
4.500000000000000000e+01 2.780000000000000000e+02 7.700000000000000000e+01 3.100000000000000000e+02
9.200000000000000000e+01 2.510000000000000000e+02 1.710000000000000000e+02 3.360000000000000000e+02
1.250000000000000000e+02 0.000000000000000000e+00 1.710000000000000000e+02 2.800000000000000000e+01
1.590000000000000000e+02 1.570000000000000000e+02 2.620000000000000000e+02 2.820000000000000000e+02
2.040000000000000000e+02 0.000000000000000000e+00 2.520000000000000000e+02 2.400000000000000000e+01
2.880000000000000000e+02 4.480000000000000000e+02 3.520000000000000000e+02 5.120000000000000000e+02
3.700000000000000000e+02 2.920000000000000000e+02 4.190000000000000000e+02 3.440000000000000000e+02
3.980000000000000000e+02 1.880000000000000000e+02 4.590000000000000000e+02 2.620000000000000000e+02
4.410000000000000000e+02 0.000000000000000000e+00 4.770000000000000000e+02 4.700000000000000000e+01
4.770000000000000000e+02 5.000000000000000000e+01 5.080000000000000000e+02 8.000000000000000000e+01
4.810000000000000000e+02 1.800000000000000000e+02 5.120000000000000000e+02 2.550000000000000000e+02
