0.000000000000000000e+00 2.780000000000000000e+02 1.100000000000000000e+01 3.110000000000000000e+02
1.100000000000000000e+01 4.090000000000000000e+02 1.020000000000000000e+02 4.890000000000000000e+02
2.300000000000000000e+01 2.390000000000000000e+02 8.200000000000000000e+01 2.990000000000000000e+02
9.900000000000000000e+01 2.160000000000000000e+02 1.160000000000000000e+02 2.480000000000000000e+02
1.180000000000000000e+02 4.830000000000000000e+02 1.340000000000000000e+02 4.970000000000000000e+02
1.220000000000000000e+02 3.230000000000000000e+02 1.760000000000000000e+02 3.800000000000000000e+02
1.520000000000000000e+02 1.630000000000000000e+02 1.790000000000000000e+02 1.830000000000000000e+02
1.870000000000000000e+02 1.930000000000000000e+02 2.290000000000000000e+02 2.390000000000000000e+02
1.880000000000000000e+02 4.880000000000000000e+02 2.240000000000000000e+02 5.120000000000000000e+02
2.100000000000000000e+02 3.130000000000000000e+02 2.780000000000000000e+02 3.880000000000000000e+02
2.620000000000000000e+02 1.650000000000000000e+02 3.190000000000000000e+02 2.150000000000000000e+02
3.370000000000000000e+02 1.860000000000000000e+02 3.800000000000000000e+02 2.420000000000000000e+02
3.730000000000000000e+02 3.300000000000000000e+02 4.240000000000000000e+02 3.900000000000000000e+02
4.220000000000000000e+02 2.720000000000000000e+02 5.000000000000000000e+02 3.340000000000000000e+02
5.040000000000000000e+02 1.300000000000000000e+01 5.120000000000000000e+02 4.300000000000000000e+01
