0.000000000000000000e+00 1.770000000000000000e+02 5.900000000000000000e+01 2.380000000000000000e+02
7.000000000000000000e+00 1.200000000000000000e+01 8.600000000000000000e+01 8.500000000000000000e+01
2.200000000000000000e+01 4.610000000000000000e+02 8.500000000000000000e+01 5.120000000000000000e+02
4.100000000000000000e+01 9.800000000000000000e+01 1.180000000000000000e+02 1.730000000000000000e+02
1.390000000000000000e+02 1.780000000000000000e+02 2.220000000000000000e+02 2.570000000000000000e+02
1.440000000000000000e+02 3.790000000000000000e+02 1.970000000000000000e+02 4.320000000000000000e+02
2.560000000000000000e+02 3.000000000000000000e+01 3.470000000000000000e+02 1.170000000000000000e+02
2.890000000000000000e+02 1.720000000000000000e+02 3.440000000000000000e+02 2.350000000000000000e+02
3.480000000000000000e+02 3.030000000000000000e+02 3.910000000000000000e+02 3.540000000000000000e+02
3.870000000000000000e+02 6.400000000000000000e+01 4.320000000000000000e+02 1.090000000000000000e+02
4.730000000000000000e+02 1.800000000000000000e+01 5.120000000000000000e+02 1.010000000000000000e+02
