1.000000000000000000e+00 1.220000000000000000e+02 4.600000000000000000e+01 1.690000000000000000e+02
1.000000000000000000e+00 3.560000000000000000e+02 1.800000000000000000e+01 3.760000000000000000e+02
4.000000000000000000e+00 4.370000000000000000e+02 5.700000000000000000e+01 4.860000000000000000e+02
3.900000000000000000e+01 2.720000000000000000e+02 1.200000000000000000e+02 3.500000000000000000e+02
4.900000000000000000e+01 4.300000000000000000e+01 1.610000000000000000e+02 1.380000000000000000e+02
1.130000000000000000e+02 2.040000000000000000e+02 2.600000000000000000e+02 3.070000000000000000e+02
1.380000000000000000e+02 1.400000000000000000e+02 1.650000000000000000e+02 1.690000000000000000e+02
1.440000000000000000e+02 4.430000000000000000e+02 1.830000000000000000e+02 4.840000000000000000e+02
2.370000000000000000e+02 3.040000000000000000e+02 2.820000000000000000e+02 3.570000000000000000e+02
2.950000000000000000e+02 2.690000000000000000e+02 3.720000000000000000e+02 3.120000000000000000e+02
2.990000000000000000e+02 3.290000000000000000e+02 3.600000000000000000e+02 3.740000000000000000e+02
3.660000000000000000e+02 4.140000000000000000e+02 4.490000000000000000e+02 5.120000000000000000e+02
4.580000000000000000e+02 1.780000000000000000e+02 5.120000000000000000e+02 2.560000000000000000e+02
