0.000000000000000000e+00 1.800000000000000000e+01 2.800000000000000000e+01 9.300000000000000000e+01
0.000000000000000000e+00 2.260000000000000000e+02 5.700000000000000000e+01 2.820000000000000000e+02
9.200000000000000000e+01 9.900000000000000000e+01 1.300000000000000000e+02 1.370000000000000000e+02
1.440000000000000000e+02 4.890000000000000000e+02 2.620000000000000000e+02 5.120000000000000000e+02
1.540000000000000000e+02 1.510000000000000000e+02 3.100000000000000000e+02 2.540000000000000000e+02
1.790000000000000000e+02 7.500000000000000000e+01 2.290000000000000000e+02 1.230000000000000000e+02
2.600000000000000000e+02 4.310000000000000000e+02 3.090000000000000000e+02 4.840000000000000000e+02
2.890000000000000000e+02 3.870000000000000000e+02 3.270000000000000000e+02 4.250000000000000000e+02
2.970000000000000000e+02 0.000000000000000000e+00 3.060000000000000000e+02 2.000000000000000000e+00
3.030000000000000000e+02 2.130000000000000000e+02 3.510000000000000000e+02 2.640000000000000000e+02
3.170000000000000000e+02 6.700000000000000000e+01 4.090000000000000000e+02 1.610000000000000000e+02
4.430000000000000000e+02 2.900000000000000000e+01 5.120000000000000000e+02 1.000000000000000000e+02
5.080000000000000000e+02 2.450000000000000000e+02 5.120000000000000000e+02 2.610000000000000000e+02
