0.000000000000000000e+00 1.490000000000000000e+02 1.400000000000000000e+01 1.890000000000000000e+02
2.500000000000000000e+01 1.840000000000000000e+02 8.100000000000000000e+01 2.400000000000000000e+02
3.500000000000000000e+01 0.000000000000000000e+00 8.100000000000000000e+01 2.000000000000000000e+01
7.500000000000000000e+01 1.400000000000000000e+02 1.240000000000000000e+02 1.860000000000000000e+02
1.470000000000000000e+02 3.870000000000000000e+02 2.740000000000000000e+02 4.700000000000000000e+02
1.610000000000000000e+02 9.000000000000000000e+00 2.460000000000000000e+02 1.170000000000000000e+02
1.720000000000000000e+02 2.290000000000000000e+02 2.320000000000000000e+02 2.900000000000000000e+02
2.020000000000000000e+02 1.130000000000000000e+02 2.610000000000000000e+02 1.630000000000000000e+02
2.580000000000000000e+02 1.800000000000000000e+02 3.530000000000000000e+02 2.760000000000000000e+02
2.680000000000000000e+02 1.310000000000000000e+02 3.190000000000000000e+02 1.770000000000000000e+02
3.210000000000000000e+02 3.950000000000000000e+02 3.770000000000000000e+02 4.490000000000000000e+02
4.300000000000000000e+02 4.590000000000000000e+02 5.100000000000000000e+02 5.100000000000000000e+02
4.490000000000000000e+02 1.100000000000000000e+01 5.040000000000000000e+02 6.600000000000000000e+01
4.650000000000000000e+02 1.940000000000000000e+02 4.990000000000000000e+02 2.330000000000000000e+02
