0.000000000000000000e+00 1.280000000000000000e+02 5.500000000000000000e+01 2.310000000000000000e+02
0.000000000000000000e+00 3.840000000000000000e+02 7.600000000000000000e+01 4.790000000000000000e+02
1.460000000000000000e+02 1.320000000000000000e+02 2.610000000000000000e+02 2.370000000000000000e+02
1.500000000000000000e+02 2.800000000000000000e+01 2.210000000000000000e+02 9.300000000000000000e+01
2.030000000000000000e+02 3.380000000000000000e+02 2.780000000000000000e+02 4.270000000000000000e+02
3.300000000000000000e+02 1.300000000000000000e+02 3.690000000000000000e+02 1.750000000000000000e+02
3.300000000000000000e+02 2.770000000000000000e+02 3.730000000000000000e+02 3.280000000000000000e+02
3.630000000000000000e+02 4.420000000000000000e+02 4.190000000000000000e+02 5.110000000000000000e+02
4.240000000000000000e+02 1.000000000000000000e+00 5.110000000000000000e+02 6.700000000000000000e+01
4.790000000000000000e+02 1.430000000000000000e+02 5.110000000000000000e+02 1.990000000000000000e+02
