0.000000000000000000e+00 1.950000000000000000e+02 1.800000000000000000e+01 2.530000000000000000e+02
0.000000000000000000e+00 2.810000000000000000e+02 4.900000000000000000e+01 3.350000000000000000e+02
5.200000000000000000e+01 1.870000000000000000e+02 8.000000000000000000e+01 2.110000000000000000e+02
6.400000000000000000e+01 3.570000000000000000e+02 1.210000000000000000e+02 3.950000000000000000e+02
8.600000000000000000e+01 3.940000000000000000e+02 1.150000000000000000e+02 4.210000000000000000e+02
9.600000000000000000e+01 4.200000000000000000e+02 1.300000000000000000e+02 4.480000000000000000e+02
1.230000000000000000e+02 5.400000000000000000e+01 1.510000000000000000e+02 7.900000000000000000e+01
1.700000000000000000e+02 5.100000000000000000e+02 1.750000000000000000e+02 5.120000000000000000e+02
1.860000000000000000e+02 6.500000000000000000e+01 2.060000000000000000e+02 9.400000000000000000e+01
1.940000000000000000e+02 4.880000000000000000e+02 2.270000000000000000e+02 5.120000000000000000e+02
2.040000000000000000e+02 3.810000000000000000e+02 2.490000000000000000e+02 4.240000000000000000e+02
2.250000000000000000e+02 4.630000000000000000e+02 2.730000000000000000e+02 5.120000000000000000e+02
2.390000000000000000e+02 1.230000000000000000e+02 2.500000000000000000e+02 1.300000000000000000e+02
2.440000000000000000e+02 1.570000000000000000e+02 2.900000000000000000e+02 1.960000000000000000e+02
2.610000000000000000e+02 2.250000000000000000e+02 3.300000000000000000e+02 2.980000000000000000e+02
2.800000000000000000e+02 3.600000000000000000e+01 3.250000000000000000e+02 8.700000000000000000e+01
2.890000000000000000e+02 1.250000000000000000e+02 3.050000000000000000e+02 1.430000000000000000e+02
3.180000000000000000e+02 0.000000000000000000e+00 3.650000000000000000e+02 4.000000000000000000e+01
3.630000000000000000e+02 0.000000000000000000e+00 3.940000000000000000e+02 1.100000000000000000e+01
4.080000000000000000e+02 9.700000000000000000e+01 4.510000000000000000e+02 1.560000000000000000e+02
4.380000000000000000e+02 6.100000000000000000e+01 4.900000000000000000e+02 1.210000000000000000e+02
4.390000000000000000e+02 1.630000000000000000e+02 4.700000000000000000e+02 1.940000000000000000e+02
4.780000000000000000e+02 2.900000000000000000e+01 5.060000000000000000e+02 7.100000000000000000e+01
4.880000000000000000e+02 4.040000000000000000e+02 5.110000000000000000e+02 4.600000000000000000e+02
