0.000000000000000000e+00 1.600000000000000000e+01 4.600000000000000000e+01 1.110000000000000000e+02
6.100000000000000000e+01 2.830000000000000000e+02 1.020000000000000000e+02 3.010000000000000000e+02
8.200000000000000000e+01 2.370000000000000000e+02 1.250000000000000000e+02 2.650000000000000000e+02
1.430000000000000000e+02 6.700000000000000000e+01 1.980000000000000000e+02 1.390000000000000000e+02
1.490000000000000000e+02 3.000000000000000000e+01 2.060000000000000000e+02 6.400000000000000000e+01
1.570000000000000000e+02 2.190000000000000000e+02 2.170000000000000000e+02 2.610000000000000000e+02
2.730000000000000000e+02 2.710000000000000000e+02 3.120000000000000000e+02 3.120000000000000000e+02
2.910000000000000000e+02 3.930000000000000000e+02 3.580000000000000000e+02 4.630000000000000000e+02
3.490000000000000000e+02 5.000000000000000000e+01 3.930000000000000000e+02 8.400000000000000000e+01
3.840000000000000000e+02 2.250000000000000000e+02 4.900000000000000000e+02 2.870000000000000000e+02
4.500000000000000000e+02 9.000000000000000000e+01 5.120000000000000000e+02 1.650000000000000000e+02
4.830000000000000000e+02 1.470000000000000000e+02 5.120000000000000000e+02 2.090000000000000000e+02
4.990000000000000000e+02 3.610000000000000000e+02 5.120000000000000000e+02 4.050000000000000000e+02
