0.000000000000000000e+00 4.670000000000000000e+02 2.700000000000000000e+01 5.120000000000000000e+02
1.000000000000000000e+00 4.100000000000000000e+01 5.200000000000000000e+01 1.430000000000000000e+02
8.800000000000000000e+01 4.960000000000000000e+02 1.250000000000000000e+02 5.120000000000000000e+02
1.000000000000000000e+02 3.500000000000000000e+01 2.660000000000000000e+02 1.460000000000000000e+02
1.270000000000000000e+02 3.470000000000000000e+02 1.760000000000000000e+02 3.980000000000000000e+02
1.390000000000000000e+02 2.100000000000000000e+02 2.080000000000000000e+02 2.800000000000000000e+02
2.810000000000000000e+02 1.650000000000000000e+02 3.500000000000000000e+02 2.300000000000000000e+02
2.820000000000000000e+02 2.490000000000000000e+02 3.550000000000000000e+02 3.100000000000000000e+02
3.380000000000000000e+02 4.290000000000000000e+02 3.930000000000000000e+02 4.820000000000000000e+02
3.780000000000000000e+02 2.000000000000000000e+00 4.630000000000000000e+02 1.000000000000000000e+02
4.700000000000000000e+02 1.480000000000000000e+02 5.100000000000000000e+02 2.120000000000000000e+02
