2.000000000000000000e+00 4.080000000000000000e+02 7.300000000000000000e+01 4.860000000000000000e+02
1.270000000000000000e+02 3.030000000000000000e+02 2.020000000000000000e+02 3.700000000000000000e+02
2.160000000000000000e+02 2.000000000000000000e+01 3.250000000000000000e+02 1.550000000000000000e+02
2.390000000000000000e+02 0.000000000000000000e+00 2.830000000000000000e+02 1.600000000000000000e+01
2.470000000000000000e+02 1.600000000000000000e+02 3.180000000000000000e+02 2.190000000000000000e+02
2.620000000000000000e+02 2.210000000000000000e+02 4.060000000000000000e+02 4.260000000000000000e+02
2.640000000000000000e+02 3.950000000000000000e+02 3.460000000000000000e+02 4.830000000000000000e+02
2.860000000000000000e+02 2.500000000000000000e+01 3.250000000000000000e+02 6.600000000000000000e+01
3.220000000000000000e+02 4.910000000000000000e+02 3.810000000000000000e+02 5.120000000000000000e+02
4.090000000000000000e+02 2.850000000000000000e+02 4.640000000000000000e+02 3.400000000000000000e+02
4.740000000000000000e+02 4.050000000000000000e+02 5.120000000000000000e+02 4.820000000000000000e+02
