0.000000000000000000e+00 1.820000000000000000e+02 1.800000000000000000e+01 2.070000000000000000e+02
0.000000000000000000e+00 2.300000000000000000e+02 4.400000000000000000e+01 2.930000000000000000e+02
1.270000000000000000e+02 3.210000000000000000e+02 2.430000000000000000e+02 4.210000000000000000e+02
2.320000000000000000e+02 4.750000000000000000e+02 2.800000000000000000e+02 5.120000000000000000e+02
2.670000000000000000e+02 1.290000000000000000e+02 3.280000000000000000e+02 1.840000000000000000e+02
2.710000000000000000e+02 3.220000000000000000e+02 3.450000000000000000e+02 3.940000000000000000e+02
2.940000000000000000e+02 4.120000000000000000e+02 3.470000000000000000e+02 4.630000000000000000e+02
4.070000000000000000e+02 4.660000000000000000e+02 5.110000000000000000e+02 5.120000000000000000e+02
4.360000000000000000e+02 1.000000000000000000e+00 4.940000000000000000e+02 2.300000000000000000e+01
4.470000000000000000e+02 6.400000000000000000e+01 5.120000000000000000e+02 1.230000000000000000e+02
4.690000000000000000e+02 3.230000000000000000e+02 5.120000000000000000e+02 3.860000000000000000e+02
