0.000000000000000000e+00 1.290000000000000000e+02 1.800000000000000000e+01 1.850000000000000000e+02
1.100000000000000000e+01 5.600000000000000000e+01 1.030000000000000000e+02 1.190000000000000000e+02
1.700000000000000000e+01 3.750000000000000000e+02 7.500000000000000000e+01 4.310000000000000000e+02
2.600000000000000000e+01 2.160000000000000000e+02 9.100000000000000000e+01 2.860000000000000000e+02
9.400000000000000000e+01 4.700000000000000000e+02 1.360000000000000000e+02 5.120000000000000000e+02
1.100000000000000000e+02 2.700000000000000000e+02 1.550000000000000000e+02 3.130000000000000000e+02
1.780000000000000000e+02 2.900000000000000000e+02 2.760000000000000000e+02 3.770000000000000000e+02
1.950000000000000000e+02 3.960000000000000000e+02 2.840000000000000000e+02 4.850000000000000000e+02
1.980000000000000000e+02 4.500000000000000000e+01 3.030000000000000000e+02 1.510000000000000000e+02
2.960000000000000000e+02 1.220000000000000000e+02 3.490000000000000000e+02 1.750000000000000000e+02
3.160000000000000000e+02 4.190000000000000000e+02 3.880000000000000000e+02 4.840000000000000000e+02
3.610000000000000000e+02 1.330000000000000000e+02 4.990000000000000000e+02 2.950000000000000000e+02
3.730000000000000000e+02 2.990000000000000000e+02 4.520000000000000000e+02 3.830000000000000000e+02
4.490000000000000000e+02 3.720000000000000000e+02 4.960000000000000000e+02 4.200000000000000000e+02
