0.000000000000000000e+00 4.800000000000000000e+01 6.500000000000000000e+01 1.350000000000000000e+02
1.000000000000000000e+00 2.770000000000000000e+02 3.400000000000000000e+01 3.620000000000000000e+02
6.000000000000000000e+00 4.070000000000000000e+02 6.900000000000000000e+01 4.720000000000000000e+02
3.100000000000000000e+01 1.500000000000000000e+02 2.060000000000000000e+02 2.440000000000000000e+02
4.700000000000000000e+01 2.560000000000000000e+02 1.320000000000000000e+02 3.420000000000000000e+02
1.030000000000000000e+02 3.430000000000000000e+02 1.960000000000000000e+02 4.380000000000000000e+02
1.330000000000000000e+02 8.700000000000000000e+01 2.000000000000000000e+02 1.540000000000000000e+02
1.570000000000000000e+02 0.000000000000000000e+00 2.140000000000000000e+02 2.300000000000000000e+01
2.360000000000000000e+02 9.900000000000000000e+01 3.010000000000000000e+02 1.640000000000000000e+02
2.800000000000000000e+02 2.650000000000000000e+02 3.890000000000000000e+02 3.700000000000000000e+02
3.030000000000000000e+02 3.730000000000000000e+02 3.870000000000000000e+02 4.540000000000000000e+02
3.060000000000000000e+02 7.400000000000000000e+01 3.690000000000000000e+02 1.470000000000000000e+02
4.450000000000000000e+02 1.050000000000000000e+02 5.120000000000000000e+02 1.760000000000000000e+02
4.730000000000000000e+02 4.850000000000000000e+02 5.120000000000000000e+02 5.120000000000000000e+02
