0.000000000000000000e+00 4.000000000000000000e+01 6.800000000000000000e+01 1.130000000000000000e+02
0.000000000000000000e+00 1.770000000000000000e+02 1.100000000000000000e+01 2.240000000000000000e+02
0.000000000000000000e+00 2.300000000000000000e+02 6.400000000000000000e+01 2.960000000000000000e+02
1.250000000000000000e+02 3.800000000000000000e+02 1.460000000000000000e+02 4.260000000000000000e+02
1.450000000000000000e+02 1.000000000000000000e+02 1.950000000000000000e+02 1.570000000000000000e+02
1.600000000000000000e+02 3.910000000000000000e+02 1.950000000000000000e+02 4.370000000000000000e+02
2.030000000000000000e+02 4.140000000000000000e+02 2.380000000000000000e+02 4.510000000000000000e+02
2.150000000000000000e+02 1.160000000000000000e+02 2.510000000000000000e+02 1.510000000000000000e+02
2.810000000000000000e+02 3.010000000000000000e+02 3.680000000000000000e+02 3.800000000000000000e+02
2.900000000000000000e+02 1.390000000000000000e+02 3.290000000000000000e+02 1.950000000000000000e+02
3.130000000000000000e+02 4.110000000000000000e+02 3.470000000000000000e+02 4.640000000000000000e+02
3.420000000000000000e+02 1.670000000000000000e+02 3.860000000000000000e+02 2.210000000000000000e+02
3.670000000000000000e+02 3.650000000000000000e+02 4.030000000000000000e+02 4.250000000000000000e+02
4.000000000000000000e+02 1.930000000000000000e+02 4.230000000000000000e+02 2.380000000000000000e+02
4.270000000000000000e+02 1.400000000000000000e+01 4.820000000000000000e+02 7.200000000000000000e+01
4.310000000000000000e+02 5.020000000000000000e+02 4.630000000000000000e+02 5.120000000000000000e+02
4.980000000000000000e+02 3.570000000000000000e+02 5.120000000000000000e+02 4.070000000000000000e+02
