2.000000000000000000e+00 2.880000000000000000e+02 2.900000000000000000e+01 3.560000000000000000e+02
3.000000000000000000e+00 4.690000000000000000e+02 6.400000000000000000e+01 5.050000000000000000e+02
1.700000000000000000e+01 3.530000000000000000e+02 8.800000000000000000e+01 4.160000000000000000e+02
2.500000000000000000e+01 9.800000000000000000e+01 1.140000000000000000e+02 1.750000000000000000e+02
5.000000000000000000e+01 4.160000000000000000e+02 1.290000000000000000e+02 4.850000000000000000e+02
9.400000000000000000e+01 2.000000000000000000e+02 1.910000000000000000e+02 2.930000000000000000e+02
1.640000000000000000e+02 8.900000000000000000e+01 2.250000000000000000e+02 1.700000000000000000e+02
2.200000000000000000e+02 4.660000000000000000e+02 2.940000000000000000e+02 5.060000000000000000e+02
2.240000000000000000e+02 2.540000000000000000e+02 2.930000000000000000e+02 3.270000000000000000e+02
2.250000000000000000e+02 3.910000000000000000e+02 2.680000000000000000e+02 4.420000000000000000e+02
2.430000000000000000e+02 4.000000000000000000e+00 3.180000000000000000e+02 7.900000000000000000e+01
2.660000000000000000e+02 6.200000000000000000e+01 4.350000000000000000e+02 2.200000000000000000e+02
2.930000000000000000e+02 4.250000000000000000e+02 3.960000000000000000e+02 5.080000000000000000e+02
3.080000000000000000e+02 3.400000000000000000e+02 3.730000000000000000e+02 4.150000000000000000e+02
3.270000000000000000e+02 2.370000000000000000e+02 4.080000000000000000e+02 3.160000000000000000e+02
3.860000000000000000e+02 2.000000000000000000e+00 4.730000000000000000e+02 5.600000000000000000e+01
4.470000000000000000e+02 1.960000000000000000e+02 5.120000000000000000e+02 2.690000000000000000e+02
4.660000000000000000e+02 3.000000000000000000e+00 5.120000000000000000e+02 7.400000000000000000e+01
4.670000000000000000e+02 3.470000000000000000e+02 5.120000000000000000e+02 4.060000000000000000e+02
4.800000000000000000e+02 4.060000000000000000e+02 5.110000000000000000e+02 4.600000000000000000e+02
