0.000000000000000000e+00 1.680000000000000000e+02 3.800000000000000000e+01 2.310000000000000000e+02
0.000000000000000000e+00 3.340000000000000000e+02 5.400000000000000000e+01 4.370000000000000000e+02
7.600000000000000000e+01 3.170000000000000000e+02 1.830000000000000000e+02 4.060000000000000000e+02
9.200000000000000000e+01 3.300000000000000000e+01 1.390000000000000000e+02 8.400000000000000000e+01
1.710000000000000000e+02 5.600000000000000000e+01 2.320000000000000000e+02 1.170000000000000000e+02
2.380000000000000000e+02 1.990000000000000000e+02 2.930000000000000000e+02 2.540000000000000000e+02
2.490000000000000000e+02 4.610000000000000000e+02 2.980000000000000000e+02 5.120000000000000000e+02
3.080000000000000000e+02 4.150000000000000000e+02 4.020000000000000000e+02 5.120000000000000000e+02
4.070000000000000000e+02 3.630000000000000000e+02 4.680000000000000000e+02 4.280000000000000000e+02
4.840000000000000000e+02 1.510000000000000000e+02 5.120000000000000000e+02 2.270000000000000000e+02
