2.000000000000000000e+00 2.600000000000000000e+01 7.300000000000000000e+01 1.040000000000000000e+02
1.270000000000000000e+02 1.420000000000000000e+02 2.020000000000000000e+02 2.090000000000000000e+02
2.160000000000000000e+02 3.570000000000000000e+02 3.250000000000000000e+02 4.920000000000000000e+02
2.390000000000000000e+02 4.960000000000000000e+02 2.830000000000000000e+02 5.120000000000000000e+02
2.470000000000000000e+02 2.930000000000000000e+02 3.180000000000000000e+02 3.520000000000000000e+02
2.620000000000000000e+02 8.600000000000000000e+01 4.060000000000000000e+02 2.910000000000000000e+02
2.640000000000000000e+02 2.900000000000000000e+01 3.460000000000000000e+02 1.170000000000000000e+02
2.860000000000000000e+02 4.460000000000000000e+02 3.250000000000000000e+02 4.870000000000000000e+02
3.220000000000000000e+02 0.000000000000000000e+00 3.810000000000000000e+02 2.100000000000000000e+01
4.090000000000000000e+02 1.720000000000000000e+02 4.640000000000000000e+02 2.270000000000000000e+02
4.740000000000000000e+02 3.000000000000000000e+01 5.120000000000000000e+02 1.070000000000000000e+02
