0.000000000000000000e+00 2.880000000000000000e+02 4.900000000000000000e+01 3.580000000000000000e+02
1.300000000000000000e+01 7.600000000000000000e+01 8.800000000000000000e+01 1.520000000000000000e+02
3.700000000000000000e+01 4.910000000000000000e+02 8.600000000000000000e+01 5.120000000000000000e+02
1.080000000000000000e+02 1.950000000000000000e+02 1.770000000000000000e+02 2.560000000000000000e+02
1.200000000000000000e+02 8.400000000000000000e+01 2.220000000000000000e+02 1.690000000000000000e+02
1.580000000000000000e+02 4.080000000000000000e+02 2.150000000000000000e+02 4.750000000000000000e+02
1.630000000000000000e+02 2.370000000000000000e+02 2.090000000000000000e+02 2.830000000000000000e+02
1.680000000000000000e+02 1.740000000000000000e+02 2.350000000000000000e+02 2.340000000000000000e+02
2.220000000000000000e+02 3.990000000000000000e+02 3.370000000000000000e+02 5.030000000000000000e+02
2.360000000000000000e+02 7.200000000000000000e+01 3.270000000000000000e+02 1.640000000000000000e+02
3.360000000000000000e+02 6.300000000000000000e+01 4.110000000000000000e+02 1.420000000000000000e+02
3.480000000000000000e+02 4.050000000000000000e+02 4.320000000000000000e+02 5.000000000000000000e+02
4.400000000000000000e+02 7.100000000000000000e+01 5.120000000000000000e+02 1.400000000000000000e+02
4.670000000000000000e+02 4.850000000000000000e+02 5.120000000000000000e+02 5.110000000000000000e+02
