0.000000000000000000e+00 5.600000000000000000e+01 8.300000000000000000e+01 1.310000000000000000e+02
0.000000000000000000e+00 4.130000000000000000e+02 6.700000000000000000e+01 5.120000000000000000e+02
5.700000000000000000e+01 3.120000000000000000e+02 7.400000000000000000e+01 3.290000000000000000e+02
9.900000000000000000e+01 1.520000000000000000e+02 1.570000000000000000e+02 2.120000000000000000e+02
1.010000000000000000e+02 2.580000000000000000e+02 1.900000000000000000e+02 3.550000000000000000e+02
1.420000000000000000e+02 3.870000000000000000e+02 1.730000000000000000e+02 4.220000000000000000e+02
1.740000000000000000e+02 4.210000000000000000e+02 3.070000000000000000e+02 5.020000000000000000e+02
1.900000000000000000e+02 5.010000000000000000e+02 2.280000000000000000e+02 5.120000000000000000e+02
2.550000000000000000e+02 1.160000000000000000e+02 3.000000000000000000e+02 1.630000000000000000e+02
2.920000000000000000e+02 4.900000000000000000e+02 3.140000000000000000e+02 5.120000000000000000e+02
3.270000000000000000e+02 5.060000000000000000e+02 3.530000000000000000e+02 5.120000000000000000e+02
3.740000000000000000e+02 0.000000000000000000e+00 3.940000000000000000e+02 6.000000000000000000e+00
3.800000000000000000e+02 4.270000000000000000e+02 4.050000000000000000e+02 4.560000000000000000e+02
4.030000000000000000e+02 1.200000000000000000e+01 4.850000000000000000e+02 8.300000000000000000e+01
4.030000000000000000e+02 2.400000000000000000e+02 5.120000000000000000e+02 3.820000000000000000e+02
4.120000000000000000e+02 4.920000000000000000e+02 4.620000000000000000e+02 5.120000000000000000e+02
4.770000000000000000e+02 1.330000000000000000e+02 5.120000000000000000e+02 2.250000000000000000e+02
