0.000000000000000000e+00 3.420000000000000000e+02 1.200000000000000000e+01 3.730000000000000000e+02
0.000000000000000000e+00 4.460000000000000000e+02 5.500000000000000000e+01 5.120000000000000000e+02
1.000000000000000000e+00 1.420000000000000000e+02 4.300000000000000000e+01 2.000000000000000000e+02
5.000000000000000000e+01 2.530000000000000000e+02 1.190000000000000000e+02 3.240000000000000000e+02
1.410000000000000000e+02 1.420000000000000000e+02 3.770000000000000000e+02 2.730000000000000000e+02
1.500000000000000000e+02 8.000000000000000000e+01 2.240000000000000000e+02 1.450000000000000000e+02
1.970000000000000000e+02 4.960000000000000000e+02 2.260000000000000000e+02 5.120000000000000000e+02
2.060000000000000000e+02 4.000000000000000000e+00 3.300000000000000000e+02 9.900000000000000000e+01
3.570000000000000000e+02 3.720000000000000000e+02 4.660000000000000000e+02 4.530000000000000000e+02
4.060000000000000000e+02 9.800000000000000000e+01 4.550000000000000000e+02 1.410000000000000000e+02
4.610000000000000000e+02 2.040000000000000000e+02 5.120000000000000000e+02 2.790000000000000000e+02
4.730000000000000000e+02 5.400000000000000000e+01 5.100000000000000000e+02 1.280000000000000000e+02
4.970000000000000000e+02 4.250000000000000000e+02 5.120000000000000000e+02 4.800000000000000000e+02
