0.000000000000000000e+00 1.490000000000000000e+02 4.300000000000000000e+01 2.460000000000000000e+02
1.000000000000000000e+00 3.950000000000000000e+02 2.100000000000000000e+01 4.420000000000000000e+02
2.100000000000000000e+01 0.000000000000000000e+00 7.400000000000000000e+01 2.600000000000000000e+01
5.600000000000000000e+01 4.680000000000000000e+02 1.410000000000000000e+02 5.120000000000000000e+02
6.500000000000000000e+01 3.560000000000000000e+02 1.640000000000000000e+02 4.620000000000000000e+02
8.300000000000000000e+01 1.040000000000000000e+02 1.700000000000000000e+02 1.890000000000000000e+02
8.800000000000000000e+01 2.180000000000000000e+02 1.710000000000000000e+02 3.050000000000000000e+02
1.450000000000000000e+02 1.700000000000000000e+01 2.020000000000000000e+02 7.400000000000000000e+01
1.790000000000000000e+02 3.110000000000000000e+02 2.780000000000000000e+02 4.080000000000000000e+02
1.870000000000000000e+02 2.300000000000000000e+02 2.400000000000000000e+02 2.890000000000000000e+02
2.870000000000000000e+02 9.000000000000000000e+00 3.820000000000000000e+02 1.000000000000000000e+02
3.010000000000000000e+02 2.540000000000000000e+02 3.920000000000000000e+02 3.470000000000000000e+02
3.120000000000000000e+02 3.650000000000000000e+02 4.070000000000000000e+02 4.580000000000000000e+02
3.290000000000000000e+02 4.610000000000000000e+02 3.940000000000000000e+02 5.080000000000000000e+02
3.780000000000000000e+02 1.570000000000000000e+02 4.890000000000000000e+02 2.720000000000000000e+02
4.800000000000000000e+02 0.000000000000000000e+00 5.110000000000000000e+02 3.100000000000000000e+01
