0.000000000000000000e+00 2.500000000000000000e+01 6.800000000000000000e+01 1.170000000000000000e+02
0.000000000000000000e+00 2.080000000000000000e+02 2.900000000000000000e+01 2.540000000000000000e+02
0.000000000000000000e+00 4.230000000000000000e+02 5.000000000000000000e+00 4.460000000000000000e+02
0.000000000000000000e+00 4.940000000000000000e+02 3.000000000000000000e+00 5.040000000000000000e+02
1.000000000000000000e+01 5.100000000000000000e+02 2.800000000000000000e+01 5.120000000000000000e+02
5.100000000000000000e+01 1.380000000000000000e+02 1.020000000000000000e+02 1.910000000000000000e+02
1.030000000000000000e+02 1.790000000000000000e+02 1.530000000000000000e+02 2.250000000000000000e+02
1.050000000000000000e+02 3.190000000000000000e+02 1.600000000000000000e+02 3.990000000000000000e+02
1.870000000000000000e+02 3.120000000000000000e+02 2.290000000000000000e+02 3.760000000000000000e+02
2.600000000000000000e+02 3.000000000000000000e+02 3.080000000000000000e+02 3.570000000000000000e+02
2.660000000000000000e+02 2.090000000000000000e+02 3.070000000000000000e+02 2.600000000000000000e+02
3.200000000000000000e+02 3.970000000000000000e+02 3.710000000000000000e+02 4.730000000000000000e+02
3.520000000000000000e+02 4.250000000000000000e+02 3.980000000000000000e+02 4.820000000000000000e+02
3.770000000000000000e+02 5.050000000000000000e+02 4.130000000000000000e+02 5.120000000000000000e+02
3.780000000000000000e+02 1.420000000000000000e+02 4.380000000000000000e+02 2.130000000000000000e+02
4.230000000000000000e+02 0.000000000000000000e+00 4.730000000000000000e+02 4.200000000000000000e+01
4.270000000000000000e+02 2.700000000000000000e+02 5.040000000000000000e+02 3.400000000000000000e+02
4.440000000000000000e+02 1.100000000000000000e+02 4.850000000000000000e+02 1.570000000000000000e+02
4.710000000000000000e+02 4.900000000000000000e+02 5.120000000000000000e+02 5.120000000000000000e+02
4.840000000000000000e+02 3.700000000000000000e+02 5.120000000000000000e+02 4.330000000000000000e+02
