1.000000000000000000e+00 3.580000000000000000e+02 3.600000000000000000e+01 4.200000000000000000e+02
1.000000000000000000e+00 4.580000000000000000e+02 1.300000000000000000e+01 4.890000000000000000e+02
5.000000000000000000e+00 2.540000000000000000e+02 1.220000000000000000e+02 3.580000000000000000e+02
2.000000000000000000e+01 3.840000000000000000e+02 9.000000000000000000e+01 4.520000000000000000e+02
6.600000000000000000e+01 4.680000000000000000e+02 1.270000000000000000e+02 5.120000000000000000e+02
9.000000000000000000e+01 2.210000000000000000e+02 1.530000000000000000e+02 2.760000000000000000e+02
1.330000000000000000e+02 2.830000000000000000e+02 1.860000000000000000e+02 3.400000000000000000e+02
1.570000000000000000e+02 1.190000000000000000e+02 2.220000000000000000e+02 1.820000000000000000e+02
2.300000000000000000e+02 4.570000000000000000e+02 3.290000000000000000e+02 5.110000000000000000e+02
2.690000000000000000e+02 3.250000000000000000e+02 3.360000000000000000e+02 3.950000000000000000e+02
2.720000000000000000e+02 2.260000000000000000e+02 3.230000000000000000e+02 2.690000000000000000e+02
3.510000000000000000e+02 3.900000000000000000e+02 4.150000000000000000e+02 4.520000000000000000e+02
4.030000000000000000e+02 4.910000000000000000e+02 4.440000000000000000e+02 5.120000000000000000e+02
4.870000000000000000e+02 4.540000000000000000e+02 5.120000000000000000e+02 5.050000000000000000e+02
