0.000000000000000000e+00 8.700000000000000000e+01 1.100000000000000000e+01 1.190000000000000000e+02
0.000000000000000000e+00 4.740000000000000000e+02 7.700000000000000000e+01 5.110000000000000000e+02
1.400000000000000000e+01 3.500000000000000000e+02 9.300000000000000000e+01 4.280000000000000000e+02
5.000000000000000000e+01 1.240000000000000000e+02 2.410000000000000000e+02 2.560000000000000000e+02
1.550000000000000000e+02 4.290000000000000000e+02 2.240000000000000000e+02 4.970000000000000000e+02
1.570000000000000000e+02 3.420000000000000000e+02 2.470000000000000000e+02 4.300000000000000000e+02
1.820000000000000000e+02 6.200000000000000000e+01 2.520000000000000000e+02 1.290000000000000000e+02
2.450000000000000000e+02 3.880000000000000000e+02 2.860000000000000000e+02 4.400000000000000000e+02
2.590000000000000000e+02 4.500000000000000000e+01 3.390000000000000000e+02 1.250000000000000000e+02
2.790000000000000000e+02 0.000000000000000000e+00 3.060000000000000000e+02 7.000000000000000000e+00
3.220000000000000000e+02 2.500000000000000000e+02 4.130000000000000000e+02 3.130000000000000000e+02
3.330000000000000000e+02 3.360000000000000000e+02 3.990000000000000000e+02 3.940000000000000000e+02
3.510000000000000000e+02 5.400000000000000000e+01 4.160000000000000000e+02 1.280000000000000000e+02
3.970000000000000000e+02 0.000000000000000000e+00 4.650000000000000000e+02 4.600000000000000000e+01
4.230000000000000000e+02 1.870000000000000000e+02 4.920000000000000000e+02 2.590000000000000000e+02
4.320000000000000000e+02 2.850000000000000000e+02 4.990000000000000000e+02 3.540000000000000000e+02
4.600000000000000000e+02 2.200000000000000000e+01 5.120000000000000000e+02 9.400000000000000000e+01
5.020000000000000000e+02 0.000000000000000000e+00 5.120000000000000000e+02 8.000000000000000000e+00
