2.300000000000000000e+01 0.000000000000000000e+00 3.200000000000000000e+01 3.000000000000000000e+00
4.300000000000000000e+01 2.480000000000000000e+02 1.030000000000000000e+02 3.070000000000000000e+02
6.200000000000000000e+01 2.270000000000000000e+02 1.200000000000000000e+02 2.520000000000000000e+02
9.300000000000000000e+01 0.000000000000000000e+00 1.290000000000000000e+02 1.400000000000000000e+01
1.100000000000000000e+02 5.100000000000000000e+02 1.230000000000000000e+02 5.120000000000000000e+02
1.140000000000000000e+02 4.520000000000000000e+02 1.350000000000000000e+02 4.770000000000000000e+02
1.150000000000000000e+02 2.840000000000000000e+02 1.770000000000000000e+02 3.330000000000000000e+02
2.000000000000000000e+02 2.640000000000000000e+02 2.790000000000000000e+02 3.300000000000000000e+02
2.050000000000000000e+02 4.330000000000000000e+02 2.810000000000000000e+02 4.900000000000000000e+02
2.650000000000000000e+02 2.500000000000000000e+02 2.990000000000000000e+02 2.890000000000000000e+02
2.780000000000000000e+02 3.980000000000000000e+02 3.010000000000000000e+02 4.310000000000000000e+02
3.120000000000000000e+02 3.500000000000000000e+02 3.310000000000000000e+02 3.730000000000000000e+02
3.800000000000000000e+02 3.010000000000000000e+02 4.380000000000000000e+02 3.600000000000000000e+02
3.850000000000000000e+02 4.070000000000000000e+02 4.390000000000000000e+02 4.380000000000000000e+02
4.160000000000000000e+02 0.000000000000000000e+00 4.730000000000000000e+02 4.300000000000000000e+01
5.090000000000000000e+02 5.070000000000000000e+02 5.120000000000000000e+02 5.120000000000000000e+02
