0.000000000000000000e+00 2.000000000000000000e+02 1.100000000000000000e+01 2.180000000000000000e+02
0.000000000000000000e+00 2.580000000000000000e+02 1.600000000000000000e+01 3.110000000000000000e+02
3.200000000000000000e+01 4.190000000000000000e+02 5.800000000000000000e+01 4.480000000000000000e+02
5.700000000000000000e+01 8.000000000000000000e+01 1.120000000000000000e+02 1.200000000000000000e+02
1.150000000000000000e+02 0.000000000000000000e+00 1.670000000000000000e+02 4.900000000000000000e+01
1.160000000000000000e+02 3.950000000000000000e+02 1.550000000000000000e+02 4.320000000000000000e+02
1.290000000000000000e+02 3.210000000000000000e+02 2.090000000000000000e+02 4.060000000000000000e+02
1.530000000000000000e+02 9.300000000000000000e+01 2.270000000000000000e+02 1.680000000000000000e+02
2.030000000000000000e+02 2.920000000000000000e+02 2.230000000000000000e+02 3.100000000000000000e+02
2.150000000000000000e+02 4.810000000000000000e+02 2.400000000000000000e+02 4.950000000000000000e+02
2.210000000000000000e+02 0.000000000000000000e+00 2.500000000000000000e+02 6.000000000000000000e+00
2.230000000000000000e+02 1.710000000000000000e+02 2.670000000000000000e+02 2.000000000000000000e+02
2.290000000000000000e+02 4.800000000000000000e+01 2.910000000000000000e+02 1.100000000000000000e+02
2.470000000000000000e+02 1.380000000000000000e+02 3.240000000000000000e+02 2.010000000000000000e+02
2.620000000000000000e+02 4.060000000000000000e+02 3.150000000000000000e+02 4.700000000000000000e+02
3.020000000000000000e+02 9.900000000000000000e+01 3.530000000000000000e+02 1.440000000000000000e+02
3.110000000000000000e+02 5.070000000000000000e+02 3.390000000000000000e+02 5.120000000000000000e+02
4.440000000000000000e+02 4.040000000000000000e+02 5.020000000000000000e+02 4.700000000000000000e+02
4.580000000000000000e+02 0.000000000000000000e+00 4.930000000000000000e+02 1.000000000000000000e+01
