0.000000000000000000e+00 1.380000000000000000e+02 1.500000000000000000e+01 1.810000000000000000e+02
0.000000000000000000e+00 2.400000000000000000e+02 4.000000000000000000e+01 2.760000000000000000e+02
0.000000000000000000e+00 3.870000000000000000e+02 8.100000000000000000e+01 5.120000000000000000e+02
5.000000000000000000e+00 1.200000000000000000e+02 4.200000000000000000e+01 1.650000000000000000e+02
3.400000000000000000e+01 1.090000000000000000e+02 6.700000000000000000e+01 1.550000000000000000e+02
8.000000000000000000e+01 3.060000000000000000e+02 1.900000000000000000e+02 4.130000000000000000e+02
8.900000000000000000e+01 4.490000000000000000e+02 1.610000000000000000e+02 5.110000000000000000e+02
1.080000000000000000e+02 1.000000000000000000e+02 1.590000000000000000e+02 1.510000000000000000e+02
1.640000000000000000e+02 2.220000000000000000e+02 2.340000000000000000e+02 2.940000000000000000e+02
2.320000000000000000e+02 4.600000000000000000e+01 2.850000000000000000e+02 1.040000000000000000e+02
2.370000000000000000e+02 1.380000000000000000e+02 3.050000000000000000e+02 2.000000000000000000e+02
2.720000000000000000e+02 4.140000000000000000e+02 3.510000000000000000e+02 4.860000000000000000e+02
3.030000000000000000e+02 3.430000000000000000e+02 3.520000000000000000e+02 3.930000000000000000e+02
3.390000000000000000e+02 2.510000000000000000e+02 4.190000000000000000e+02 3.330000000000000000e+02
3.550000000000000000e+02 8.000000000000000000e+01 3.910000000000000000e+02 1.170000000000000000e+02
3.720000000000000000e+02 1.210000000000000000e+02 5.120000000000000000e+02 2.250000000000000000e+02
4.560000000000000000e+02 4.760000000000000000e+02 5.020000000000000000e+02 5.120000000000000000e+02
4.870000000000000000e+02 3.880000000000000000e+02 5.120000000000000000e+02 4.440000000000000000e+02
