3.600000000000000000e+01 3.720000000000000000e+02 1.120000000000000000e+02 4.810000000000000000e+02
3.800000000000000000e+01 4.600000000000000000e+01 1.170000000000000000e+02 1.170000000000000000e+02
5.500000000000000000e+01 1.360000000000000000e+02 9.400000000000000000e+01 1.960000000000000000e+02
1.670000000000000000e+02 5.010000000000000000e+02 2.040000000000000000e+02 5.120000000000000000e+02
1.770000000000000000e+02 4.740000000000000000e+02 2.150000000000000000e+02 4.990000000000000000e+02
1.860000000000000000e+02 4.320000000000000000e+02 2.410000000000000000e+02 4.710000000000000000e+02
2.070000000000000000e+02 2.370000000000000000e+02 2.190000000000000000e+02 2.530000000000000000e+02
2.240000000000000000e+02 3.160000000000000000e+02 2.710000000000000000e+02 3.660000000000000000e+02
2.530000000000000000e+02 0.000000000000000000e+00 3.450000000000000000e+02 8.000000000000000000e+01
2.590000000000000000e+02 2.210000000000000000e+02 2.830000000000000000e+02 2.530000000000000000e+02
3.440000000000000000e+02 0.000000000000000000e+00 4.000000000000000000e+02 8.500000000000000000e+01
3.520000000000000000e+02 2.240000000000000000e+02 4.290000000000000000e+02 3.020000000000000000e+02
4.010000000000000000e+02 4.150000000000000000e+02 4.450000000000000000e+02 4.650000000000000000e+02
4.040000000000000000e+02 1.140000000000000000e+02 4.520000000000000000e+02 1.550000000000000000e+02
5.030000000000000000e+02 2.900000000000000000e+02 5.120000000000000000e+02 3.230000000000000000e+02
