0.000000000000000000e+00 1.620000000000000000e+02 1.000000000000000000e+00 1.640000000000000000e+02
2.000000000000000000e+01 9.300000000000000000e+01 9.900000000000000000e+01 1.740000000000000000e+02
3.100000000000000000e+01 2.100000000000000000e+02 8.900000000000000000e+01 2.700000000000000000e+02
7.200000000000000000e+01 3.140000000000000000e+02 1.330000000000000000e+02 3.730000000000000000e+02
1.110000000000000000e+02 2.170000000000000000e+02 2.000000000000000000e+02 3.040000000000000000e+02
1.410000000000000000e+02 2.600000000000000000e+01 2.090000000000000000e+02 9.300000000000000000e+01
1.630000000000000000e+02 2.790000000000000000e+02 2.500000000000000000e+02 3.610000000000000000e+02
2.140000000000000000e+02 3.940000000000000000e+02 2.610000000000000000e+02 4.400000000000000000e+02
2.640000000000000000e+02 4.440000000000000000e+02 3.470000000000000000e+02 5.080000000000000000e+02
2.860000000000000000e+02 3.000000000000000000e+01 3.690000000000000000e+02 1.050000000000000000e+02
2.930000000000000000e+02 0.000000000000000000e+00 3.630000000000000000e+02 3.200000000000000000e+01
3.650000000000000000e+02 4.490000000000000000e+02 4.530000000000000000e+02 5.080000000000000000e+02
4.440000000000000000e+02 3.350000000000000000e+02 5.100000000000000000e+02 4.050000000000000000e+02
4.490000000000000000e+02 9.900000000000000000e+01 5.120000000000000000e+02 1.780000000000000000e+02
4.700000000000000000e+02 2.750000000000000000e+02 5.120000000000000000e+02 3.370000000000000000e+02
