0.000000000000000000e+00 2.050000000000000000e+02 1.000000000000000000e+00 2.110000000000000000e+02
0.000000000000000000e+00 3.110000000000000000e+02 2.100000000000000000e+01 3.550000000000000000e+02
5.300000000000000000e+01 3.370000000000000000e+02 1.090000000000000000e+02 3.870000000000000000e+02
9.400000000000000000e+01 9.700000000000000000e+01 1.440000000000000000e+02 1.450000000000000000e+02
9.400000000000000000e+01 4.330000000000000000e+02 1.300000000000000000e+02 4.740000000000000000e+02
1.010000000000000000e+02 0.000000000000000000e+00 1.800000000000000000e+02 8.400000000000000000e+01
1.100000000000000000e+02 2.240000000000000000e+02 1.510000000000000000e+02 2.680000000000000000e+02
2.010000000000000000e+02 2.680000000000000000e+02 3.010000000000000000e+02 3.730000000000000000e+02
2.420000000000000000e+02 4.290000000000000000e+02 3.000000000000000000e+02 4.850000000000000000e+02
3.410000000000000000e+02 4.830000000000000000e+02 3.860000000000000000e+02 5.120000000000000000e+02
3.690000000000000000e+02 3.060000000000000000e+02 4.900000000000000000e+02 4.070000000000000000e+02
3.840000000000000000e+02 1.690000000000000000e+02 4.370000000000000000e+02 2.200000000000000000e+02
4.000000000000000000e+02 9.100000000000000000e+01 4.600000000000000000e+02 1.480000000000000000e+02
4.530000000000000000e+02 6.000000000000000000e+00 5.050000000000000000e+02 5.800000000000000000e+01
