0.000000000000000000e+00 7.200000000000000000e+01 2.500000000000000000e+01 1.090000000000000000e+02
0.000000000000000000e+00 1.230000000000000000e+02 1.800000000000000000e+01 1.650000000000000000e+02
0.000000000000000000e+00 3.100000000000000000e+02 9.200000000000000000e+01 4.250000000000000000e+02
1.000000000000000000e+02 2.630000000000000000e+02 1.930000000000000000e+02 3.300000000000000000e+02
1.170000000000000000e+02 5.600000000000000000e+01 1.940000000000000000e+02 1.190000000000000000e+02
2.590000000000000000e+02 1.000000000000000000e+00 3.310000000000000000e+02 2.600000000000000000e+01
3.200000000000000000e+02 4.960000000000000000e+02 3.630000000000000000e+02 5.120000000000000000e+02
3.350000000000000000e+02 1.950000000000000000e+02 3.920000000000000000e+02 2.380000000000000000e+02
3.580000000000000000e+02 4.120000000000000000e+02 4.820000000000000000e+02 4.910000000000000000e+02
3.980000000000000000e+02 0.000000000000000000e+00 4.750000000000000000e+02 4.900000000000000000e+01
4.000000000000000000e+02 3.380000000000000000e+02 4.610000000000000000e+02 3.770000000000000000e+02
