0.000000000000000000e+00 2.900000000000000000e+01 7.400000000000000000e+01 1.250000000000000000e+02
0.000000000000000000e+00 2.140000000000000000e+02 8.000000000000000000e+01 3.020000000000000000e+02
9.000000000000000000e+00 4.330000000000000000e+02 6.600000000000000000e+01 4.860000000000000000e+02
5.300000000000000000e+01 4.770000000000000000e+02 9.600000000000000000e+01 5.120000000000000000e+02
6.800000000000000000e+01 2.000000000000000000e+00 1.170000000000000000e+02 1.700000000000000000e+01
9.100000000000000000e+01 4.790000000000000000e+02 1.740000000000000000e+02 5.120000000000000000e+02
1.700000000000000000e+02 1.310000000000000000e+02 2.430000000000000000e+02 2.020000000000000000e+02
2.160000000000000000e+02 4.990000000000000000e+02 2.550000000000000000e+02 5.120000000000000000e+02
2.170000000000000000e+02 3.500000000000000000e+02 3.060000000000000000e+02 4.290000000000000000e+02
2.330000000000000000e+02 0.000000000000000000e+00 2.810000000000000000e+02 1.700000000000000000e+01
2.600000000000000000e+02 1.700000000000000000e+02 3.490000000000000000e+02 2.570000000000000000e+02
2.730000000000000000e+02 1.000000000000000000e+00 3.840000000000000000e+02 8.200000000000000000e+01
3.400000000000000000e+02 2.140000000000000000e+02 4.290000000000000000e+02 2.750000000000000000e+02
4.130000000000000000e+02 9.500000000000000000e+01 4.970000000000000000e+02 1.720000000000000000e+02
4.400000000000000000e+02 7.000000000000000000e+00 5.120000000000000000e+02 8.200000000000000000e+01
