0.000000000000000000e+00 1.000000000000000000e+00 5.500000000000000000e+01 8.500000000000000000e+01
1.000000000000000000e+01 1.060000000000000000e+02 8.300000000000000000e+01 1.820000000000000000e+02
1.190000000000000000e+02 8.100000000000000000e+01 1.610000000000000000e+02 1.260000000000000000e+02
1.820000000000000000e+02 3.170000000000000000e+02 2.740000000000000000e+02 4.180000000000000000e+02
1.960000000000000000e+02 4.780000000000000000e+02 2.700000000000000000e+02 5.120000000000000000e+02
2.810000000000000000e+02 5.000000000000000000e+00 3.500000000000000000e+02 9.000000000000000000e+01
2.910000000000000000e+02 4.820000000000000000e+02 3.560000000000000000e+02 5.120000000000000000e+02
2.980000000000000000e+02 3.740000000000000000e+02 3.660000000000000000e+02 4.400000000000000000e+02
3.960000000000000000e+02 2.360000000000000000e+02 4.410000000000000000e+02 2.900000000000000000e+02
4.110000000000000000e+02 1.110000000000000000e+02 4.940000000000000000e+02 1.840000000000000000e+02
4.170000000000000000e+02 1.940000000000000000e+02 4.790000000000000000e+02 2.690000000000000000e+02
4.270000000000000000e+02 3.630000000000000000e+02 4.850000000000000000e+02 4.310000000000000000e+02
