0.000000000000000000e+00 0.000000000000000000e+00 7.000000000000000000e+00 2.600000000000000000e+01
0.000000000000000000e+00 3.010000000000000000e+02 3.600000000000000000e+01 3.790000000000000000e+02
2.800000000000000000e+01 3.130000000000000000e+02 9.100000000000000000e+01 3.980000000000000000e+02
1.830000000000000000e+02 5.200000000000000000e+01 2.270000000000000000e+02 8.800000000000000000e+01
2.060000000000000000e+02 1.850000000000000000e+02 2.630000000000000000e+02 2.650000000000000000e+02
2.150000000000000000e+02 0.000000000000000000e+00 2.680000000000000000e+02 2.500000000000000000e+01
2.400000000000000000e+02 2.870000000000000000e+02 2.960000000000000000e+02 3.370000000000000000e+02
2.630000000000000000e+02 1.410000000000000000e+02 3.170000000000000000e+02 1.790000000000000000e+02
3.290000000000000000e+02 0.000000000000000000e+00 3.640000000000000000e+02 2.100000000000000000e+01
3.290000000000000000e+02 3.610000000000000000e+02 3.660000000000000000e+02 3.990000000000000000e+02
3.670000000000000000e+02 4.420000000000000000e+02 4.090000000000000000e+02 4.680000000000000000e+02
3.790000000000000000e+02 4.700000000000000000e+02 4.230000000000000000e+02 4.920000000000000000e+02
4.690000000000000000e+02 1.090000000000000000e+02 5.120000000000000000e+02 1.530000000000000000e+02
4.800000000000000000e+02 1.800000000000000000e+01 4.990000000000000000e+02 3.700000000000000000e+01
