8.000000000000000000e+00 3.160000000000000000e+02 1.090000000000000000e+02 4.070000000000000000e+02
3.000000000000000000e+01 2.160000000000000000e+02 1.160000000000000000e+02 3.050000000000000000e+02
3.300000000000000000e+01 7.500000000000000000e+01 9.400000000000000000e+01 1.480000000000000000e+02
1.340000000000000000e+02 6.900000000000000000e+01 2.270000000000000000e+02 1.480000000000000000e+02
1.460000000000000000e+02 4.060000000000000000e+02 2.290000000000000000e+02 4.930000000000000000e+02
1.480000000000000000e+02 1.000000000000000000e+00 2.220000000000000000e+02 3.700000000000000000e+01
2.350000000000000000e+02 9.000000000000000000e+01 3.340000000000000000e+02 1.950000000000000000e+02
2.430000000000000000e+02 1.000000000000000000e+00 3.200000000000000000e+02 3.200000000000000000e+01
3.410000000000000000e+02 3.740000000000000000e+02 3.960000000000000000e+02 4.310000000000000000e+02
4.160000000000000000e+02 3.250000000000000000e+02 4.970000000000000000e+02 4.080000000000000000e+02
4.550000000000000000e+02 4.350000000000000000e+02 5.110000000000000000e+02 5.110000000000000000e+02
