0.000000000000000000e+00 1.900000000000000000e+01 4.800000000000000000e+01 7.800000000000000000e+01
0.000000000000000000e+00 2.490000000000000000e+02 5.400000000000000000e+01 3.060000000000000000e+02
7.000000000000000000e+00 4.120000000000000000e+02 8.000000000000000000e+01 4.870000000000000000e+02
4.900000000000000000e+01 1.350000000000000000e+02 9.500000000000000000e+01 1.760000000000000000e+02
1.120000000000000000e+02 2.930000000000000000e+02 1.600000000000000000e+02 3.340000000000000000e+02
1.190000000000000000e+02 1.900000000000000000e+01 1.990000000000000000e+02 8.500000000000000000e+01
1.650000000000000000e+02 3.780000000000000000e+02 2.030000000000000000e+02 4.060000000000000000e+02
2.090000000000000000e+02 3.070000000000000000e+02 2.740000000000000000e+02 3.700000000000000000e+02
2.510000000000000000e+02 7.500000000000000000e+01 3.230000000000000000e+02 1.490000000000000000e+02
2.610000000000000000e+02 4.340000000000000000e+02 3.170000000000000000e+02 4.700000000000000000e+02
2.720000000000000000e+02 1.800000000000000000e+01 3.150000000000000000e+02 5.000000000000000000e+01
2.780000000000000000e+02 4.610000000000000000e+02 3.410000000000000000e+02 5.000000000000000000e+02
3.230000000000000000e+02 3.250000000000000000e+02 3.730000000000000000e+02 3.820000000000000000e+02
3.640000000000000000e+02 3.120000000000000000e+02 3.930000000000000000e+02 3.450000000000000000e+02
3.930000000000000000e+02 2.890000000000000000e+02 4.310000000000000000e+02 3.310000000000000000e+02
