2.000000000000000000e+00 4.380000000000000000e+02 1.300000000000000000e+01 4.650000000000000000e+02
3.000000000000000000e+00 4.750000000000000000e+02 5.500000000000000000e+01 5.110000000000000000e+02
4.000000000000000000e+00 1.530000000000000000e+02 5.400000000000000000e+01 2.530000000000000000e+02
4.100000000000000000e+01 3.840000000000000000e+02 9.600000000000000000e+01 4.390000000000000000e+02
7.000000000000000000e+01 3.200000000000000000e+02 1.010000000000000000e+02 3.510000000000000000e+02
1.400000000000000000e+02 1.000000000000000000e+00 2.100000000000000000e+02 3.200000000000000000e+01
1.450000000000000000e+02 2.400000000000000000e+02 2.040000000000000000e+02 3.020000000000000000e+02
1.550000000000000000e+02 1.460000000000000000e+02 2.260000000000000000e+02 2.250000000000000000e+02
1.560000000000000000e+02 3.780000000000000000e+02 2.150000000000000000e+02 4.370000000000000000e+02
2.370000000000000000e+02 6.000000000000000000e+01 3.160000000000000000e+02 1.370000000000000000e+02
2.580000000000000000e+02 2.070000000000000000e+02 3.350000000000000000e+02 3.110000000000000000e+02
3.230000000000000000e+02 2.780000000000000000e+02 3.860000000000000000e+02 3.390000000000000000e+02
3.420000000000000000e+02 1.000000000000000000e+00 3.990000000000000000e+02 4.100000000000000000e+01
3.450000000000000000e+02 4.180000000000000000e+02 3.640000000000000000e+02 5.050000000000000000e+02
3.640000000000000000e+02 4.430000000000000000e+02 4.270000000000000000e+02 5.120000000000000000e+02
3.820000000000000000e+02 8.400000000000000000e+01 4.450000000000000000e+02 1.490000000000000000e+02
4.360000000000000000e+02 0.000000000000000000e+00 4.830000000000000000e+02 2.400000000000000000e+01
4.360000000000000000e+02 4.470000000000000000e+02 5.110000000000000000e+02 5.100000000000000000e+02
4.410000000000000000e+02 2.110000000000000000e+02 5.120000000000000000e+02 3.200000000000000000e+02
4.510000000000000000e+02 8.400000000000000000e+01 4.940000000000000000e+02 1.270000000000000000e+02
4.740000000000000000e+02 3.970000000000000000e+02 5.110000000000000000e+02 4.460000000000000000e+02
4.980000000000000000e+02 1.200000000000000000e+01 5.110000000000000000e+02 4.800000000000000000e+01
