0.000000000000000000e+00 3.230000000000000000e+02 3.900000000000000000e+01 4.030000000000000000e+02
2.200000000000000000e+01 4.780000000000000000e+02 7.900000000000000000e+01 5.080000000000000000e+02
2.700000000000000000e+01 2.750000000000000000e+02 8.800000000000000000e+01 3.240000000000000000e+02
4.600000000000000000e+01 1.210000000000000000e+02 8.100000000000000000e+01 1.520000000000000000e+02
5.000000000000000000e+01 1.820000000000000000e+02 9.900000000000000000e+01 2.150000000000000000e+02
5.500000000000000000e+01 4.040000000000000000e+02 1.450000000000000000e+02 4.800000000000000000e+02
1.150000000000000000e+02 2.820000000000000000e+02 1.420000000000000000e+02 3.090000000000000000e+02
1.170000000000000000e+02 2.320000000000000000e+02 1.420000000000000000e+02 2.550000000000000000e+02
1.600000000000000000e+02 4.340000000000000000e+02 1.970000000000000000e+02 4.770000000000000000e+02
1.890000000000000000e+02 1.000000000000000000e+00 2.540000000000000000e+02 2.100000000000000000e+01
2.180000000000000000e+02 2.580000000000000000e+02 2.930000000000000000e+02 3.230000000000000000e+02
2.810000000000000000e+02 1.000000000000000000e+00 3.400000000000000000e+02 5.300000000000000000e+01
3.480000000000000000e+02 6.700000000000000000e+01 4.490000000000000000e+02 1.340000000000000000e+02
3.700000000000000000e+02 2.010000000000000000e+02 4.250000000000000000e+02 2.520000000000000000e+02
4.030000000000000000e+02 4.830000000000000000e+02 4.550000000000000000e+02 5.060000000000000000e+02
4.550000000000000000e+02 1.500000000000000000e+02 5.120000000000000000e+02 2.730000000000000000e+02
