0.000000000000000000e+00 0.000000000000000000e+00 3.100000000000000000e+01 2.100000000000000000e+01
0.000000000000000000e+00 1.400000000000000000e+02 2.800000000000000000e+01 1.890000000000000000e+02
3.500000000000000000e+01 1.000000000000000000e+01 8.100000000000000000e+01 5.900000000000000000e+01
9.300000000000000000e+01 4.450000000000000000e+02 1.460000000000000000e+02 5.000000000000000000e+02
1.310000000000000000e+02 2.730000000000000000e+02 1.600000000000000000e+02 3.040000000000000000e+02
1.430000000000000000e+02 1.210000000000000000e+02 1.820000000000000000e+02 1.650000000000000000e+02
2.440000000000000000e+02 3.330000000000000000e+02 3.110000000000000000e+02 4.150000000000000000e+02
2.570000000000000000e+02 1.740000000000000000e+02 2.820000000000000000e+02 2.020000000000000000e+02
2.650000000000000000e+02 1.360000000000000000e+02 3.210000000000000000e+02 1.680000000000000000e+02
2.740000000000000000e+02 1.060000000000000000e+02 3.120000000000000000e+02 1.310000000000000000e+02
2.880000000000000000e+02 2.300000000000000000e+01 3.630000000000000000e+02 9.400000000000000000e+01
2.940000000000000000e+02 1.750000000000000000e+02 3.480000000000000000e+02 2.230000000000000000e+02
3.300000000000000000e+02 1.960000000000000000e+02 3.760000000000000000e+02 2.390000000000000000e+02
3.560000000000000000e+02 0.000000000000000000e+00 3.750000000000000000e+02 9.000000000000000000e+00
4.370000000000000000e+02 3.840000000000000000e+02 5.120000000000000000e+02 4.650000000000000000e+02
4.700000000000000000e+02 1.240000000000000000e+02 5.120000000000000000e+02 2.180000000000000000e+02
