0.000000000000000000e+00 5.600000000000000000e+01 7.400000000000000000e+01 1.380000000000000000e+02
0.000000000000000000e+00 1.380000000000000000e+02 3.800000000000000000e+01 2.110000000000000000e+02
0.000000000000000000e+00 3.270000000000000000e+02 7.600000000000000000e+01 3.910000000000000000e+02
0.000000000000000000e+00 4.120000000000000000e+02 5.800000000000000000e+01 4.930000000000000000e+02
8.000000000000000000e+00 2.030000000000000000e+02 7.600000000000000000e+01 2.750000000000000000e+02
6.500000000000000000e+01 0.000000000000000000e+00 6.600000000000000000e+01 1.000000000000000000e+00
1.180000000000000000e+02 3.540000000000000000e+02 1.540000000000000000e+02 3.950000000000000000e+02
1.200000000000000000e+02 4.310000000000000000e+02 2.300000000000000000e+02 5.120000000000000000e+02
1.350000000000000000e+02 2.770000000000000000e+02 1.780000000000000000e+02 3.160000000000000000e+02
1.650000000000000000e+02 3.010000000000000000e+02 2.280000000000000000e+02 3.600000000000000000e+02
2.010000000000000000e+02 1.110000000000000000e+02 2.650000000000000000e+02 1.840000000000000000e+02
2.460000000000000000e+02 2.590000000000000000e+02 3.080000000000000000e+02 3.170000000000000000e+02
2.490000000000000000e+02 3.260000000000000000e+02 3.160000000000000000e+02 3.670000000000000000e+02
2.520000000000000000e+02 0.000000000000000000e+00 3.140000000000000000e+02 2.400000000000000000e+01
3.200000000000000000e+02 0.000000000000000000e+00 4.790000000000000000e+02 8.500000000000000000e+01
3.210000000000000000e+02 4.320000000000000000e+02 3.600000000000000000e+02 4.900000000000000000e+02
3.470000000000000000e+02 2.840000000000000000e+02 4.060000000000000000e+02 3.420000000000000000e+02
3.540000000000000000e+02 4.440000000000000000e+02 3.890000000000000000e+02 4.920000000000000000e+02
3.730000000000000000e+02 1.010000000000000000e+02 4.530000000000000000e+02 2.010000000000000000e+02
3.860000000000000000e+02 4.600000000000000000e+02 4.130000000000000000e+02 5.020000000000000000e+02
4.070000000000000000e+02 2.380000000000000000e+02 4.720000000000000000e+02 3.030000000000000000e+02
4.590000000000000000e+02 1.260000000000000000e+02 5.120000000000000000e+02 2.370000000000000000e+02
4.620000000000000000e+02 2.900000000000000000e+02 5.120000000000000000e+02 3.440000000000000000e+02
4.850000000000000000e+02 3.950000000000000000e+02 5.120000000000000000e+02 4.700000000000000000e+02
4.930000000000000000e+02 0.000000000000000000e+00 5.120000000000000000e+02 3.100000000000000000e+01
