0.000000000000000000e+00 1.010000000000000000e+02 4.600000000000000000e+01 1.540000000000000000e+02
0.000000000000000000e+00 3.310000000000000000e+02 7.900000000000000000e+01 4.180000000000000000e+02
4.900000000000000000e+01 2.100000000000000000e+01 1.110000000000000000e+02 6.100000000000000000e+01
6.900000000000000000e+01 5.900000000000000000e+01 1.270000000000000000e+02 1.140000000000000000e+02
7.800000000000000000e+01 0.000000000000000000e+00 1.030000000000000000e+02 8.000000000000000000e+00
8.000000000000000000e+01 3.220000000000000000e+02 1.270000000000000000e+02 3.700000000000000000e+02
9.400000000000000000e+01 4.880000000000000000e+02 1.510000000000000000e+02 5.120000000000000000e+02
1.240000000000000000e+02 2.930000000000000000e+02 1.820000000000000000e+02 3.530000000000000000e+02
1.370000000000000000e+02 0.000000000000000000e+00 2.110000000000000000e+02 3.600000000000000000e+01
1.700000000000000000e+02 5.700000000000000000e+01 2.370000000000000000e+02 1.240000000000000000e+02
2.110000000000000000e+02 3.510000000000000000e+02 2.970000000000000000e+02 4.380000000000000000e+02
2.400000000000000000e+02 1.580000000000000000e+02 3.440000000000000000e+02 3.010000000000000000e+02
3.510000000000000000e+02 0.000000000000000000e+00 3.660000000000000000e+02 2.000000000000000000e+00
3.590000000000000000e+02 3.800000000000000000e+01 4.230000000000000000e+02 1.110000000000000000e+02
4.320000000000000000e+02 0.000000000000000000e+00 4.980000000000000000e+02 4.000000000000000000e+01
4.450000000000000000e+02 1.190000000000000000e+02 4.910000000000000000e+02 1.900000000000000000e+02
4.600000000000000000e+02 3.700000000000000000e+01 5.120000000000000000e+02 1.020000000000000000e+02
4.700000000000000000e+02 2.820000000000000000e+02 5.120000000000000000e+02 3.580000000000000000e+02
4.940000000000000000e+02 3.850000000000000000e+02 5.120000000000000000e+02 4.380000000000000000e+02
4.940000000000000000e+02 4.410000000000000000e+02 5.120000000000000000e+02 4.930000000000000000e+02
