0.000000000000000000e+00 6.500000000000000000e+01 3.000000000000000000e+01 1.330000000000000000e+02
0.000000000000000000e+00 1.600000000000000000e+02 1.000000000000000000e+01 1.860000000000000000e+02
2.000000000000000000e+00 4.830000000000000000e+02 3.500000000000000000e+01 5.100000000000000000e+02
5.100000000000000000e+01 1.600000000000000000e+02 9.800000000000000000e+01 2.190000000000000000e+02
5.200000000000000000e+01 1.300000000000000000e+01 1.010000000000000000e+02 6.600000000000000000e+01
7.400000000000000000e+01 4.690000000000000000e+02 1.520000000000000000e+02 5.100000000000000000e+02
1.060000000000000000e+02 3.270000000000000000e+02 1.750000000000000000e+02 3.960000000000000000e+02
1.410000000000000000e+02 1.330000000000000000e+02 2.120000000000000000e+02 2.040000000000000000e+02
1.550000000000000000e+02 0.000000000000000000e+00 1.840000000000000000e+02 1.500000000000000000e+01
1.610000000000000000e+02 1.980000000000000000e+02 2.580000000000000000e+02 3.050000000000000000e+02
1.770000000000000000e+02 3.510000000000000000e+02 2.180000000000000000e+02 4.060000000000000000e+02
2.010000000000000000e+02 2.200000000000000000e+01 2.480000000000000000e+02 7.900000000000000000e+01
2.500000000000000000e+02 0.000000000000000000e+00 3.510000000000000000e+02 6.500000000000000000e+01
2.610000000000000000e+02 2.950000000000000000e+02 4.020000000000000000e+02 4.170000000000000000e+02
2.940000000000000000e+02 8.600000000000000000e+01 3.510000000000000000e+02 1.450000000000000000e+02
3.230000000000000000e+02 1.940000000000000000e+02 3.660000000000000000e+02 2.350000000000000000e+02
3.270000000000000000e+02 4.570000000000000000e+02 3.740000000000000000e+02 5.060000000000000000e+02
3.800000000000000000e+02 9.100000000000000000e+01 4.350000000000000000e+02 1.540000000000000000e+02
3.860000000000000000e+02 1.870000000000000000e+02 4.430000000000000000e+02 2.520000000000000000e+02
3.980000000000000000e+02 3.450000000000000000e+02 4.730000000000000000e+02 4.240000000000000000e+02
4.170000000000000000e+02 1.100000000000000000e+01 4.800000000000000000e+02 7.600000000000000000e+01
4.620000000000000000e+02 1.470000000000000000e+02 5.120000000000000000e+02 2.270000000000000000e+02
