0.000000000000000000e+00 1.420000000000000000e+02 3.200000000000000000e+01 2.050000000000000000e+02
0.000000000000000000e+00 3.400000000000000000e+02 4.600000000000000000e+01 3.990000000000000000e+02
0.000000000000000000e+00 4.330000000000000000e+02 3.000000000000000000e+01 4.890000000000000000e+02
4.000000000000000000e+00 4.960000000000000000e+02 4.800000000000000000e+01 5.120000000000000000e+02
6.800000000000000000e+01 2.390000000000000000e+02 1.380000000000000000e+02 3.050000000000000000e+02
8.500000000000000000e+01 3.810000000000000000e+02 1.510000000000000000e+02 4.380000000000000000e+02
8.500000000000000000e+01 4.530000000000000000e+02 1.360000000000000000e+02 4.930000000000000000e+02
1.480000000000000000e+02 1.580000000000000000e+02 2.240000000000000000e+02 2.220000000000000000e+02
1.550000000000000000e+02 0.000000000000000000e+00 2.140000000000000000e+02 4.900000000000000000e+01
2.070000000000000000e+02 4.360000000000000000e+02 3.200000000000000000e+02 5.120000000000000000e+02
2.100000000000000000e+02 2.520000000000000000e+02 3.090000000000000000e+02 3.290000000000000000e+02
2.110000000000000000e+02 1.000000000000000000e+00 2.490000000000000000e+02 5.100000000000000000e+01
2.400000000000000000e+02 1.410000000000000000e+02 2.980000000000000000e+02 2.020000000000000000e+02
2.820000000000000000e+02 3.200000000000000000e+02 3.430000000000000000e+02 3.830000000000000000e+02
3.170000000000000000e+02 7.400000000000000000e+01 3.560000000000000000e+02 1.090000000000000000e+02
3.840000000000000000e+02 3.800000000000000000e+01 4.390000000000000000e+02 9.500000000000000000e+01
3.870000000000000000e+02 1.530000000000000000e+02 4.410000000000000000e+02 2.180000000000000000e+02
3.970000000000000000e+02 4.730000000000000000e+02 4.480000000000000000e+02 5.120000000000000000e+02
4.390000000000000000e+02 0.000000000000000000e+00 4.700000000000000000e+02 1.300000000000000000e+01
4.560000000000000000e+02 4.760000000000000000e+02 5.120000000000000000e+02 5.120000000000000000e+02
4.850000000000000000e+02 2.000000000000000000e+00 5.120000000000000000e+02 5.300000000000000000e+01
