0.000000000000000000e+00 1.980000000000000000e+02 1.000000000000000000e+01 2.330000000000000000e+02
0.000000000000000000e+00 4.440000000000000000e+02 1.600000000000000000e+01 4.890000000000000000e+02
1.300000000000000000e+01 5.400000000000000000e+01 5.500000000000000000e+01 9.500000000000000000e+01
2.200000000000000000e+01 2.980000000000000000e+02 1.470000000000000000e+02 4.310000000000000000e+02
1.550000000000000000e+02 1.200000000000000000e+01 2.030000000000000000e+02 6.000000000000000000e+01
1.720000000000000000e+02 4.150000000000000000e+02 2.150000000000000000e+02 4.570000000000000000e+02
2.460000000000000000e+02 9.600000000000000000e+01 2.920000000000000000e+02 1.410000000000000000e+02
2.470000000000000000e+02 5.060000000000000000e+02 2.690000000000000000e+02 5.120000000000000000e+02
2.620000000000000000e+02 0.000000000000000000e+00 3.530000000000000000e+02 6.300000000000000000e+01
3.110000000000000000e+02 1.510000000000000000e+02 3.580000000000000000e+02 2.050000000000000000e+02
3.370000000000000000e+02 2.720000000000000000e+02 3.760000000000000000e+02 3.090000000000000000e+02
4.070000000000000000e+02 4.000000000000000000e+02 4.600000000000000000e+02 4.520000000000000000e+02
4.410000000000000000e+02 3.020000000000000000e+02 4.830000000000000000e+02 3.430000000000000000e+02
4.940000000000000000e+02 3.000000000000000000e+01 5.120000000000000000e+02 7.600000000000000000e+01
