0.000000000000000000e+00 2.960000000000000000e+02 1.320000000000000000e+02 4.060000000000000000e+02
0.000000000000000000e+00 4.680000000000000000e+02 2.300000000000000000e+01 5.120000000000000000e+02
5.900000000000000000e+01 1.950000000000000000e+02 1.300000000000000000e+02 2.480000000000000000e+02
7.500000000000000000e+01 0.000000000000000000e+00 1.120000000000000000e+02 1.900000000000000000e+01
7.800000000000000000e+01 4.310000000000000000e+02 1.570000000000000000e+02 5.120000000000000000e+02
9.600000000000000000e+01 2.700000000000000000e+02 1.770000000000000000e+02 3.070000000000000000e+02
1.350000000000000000e+02 1.710000000000000000e+02 1.740000000000000000e+02 2.040000000000000000e+02
2.050000000000000000e+02 4.230000000000000000e+02 2.680000000000000000e+02 4.840000000000000000e+02
2.180000000000000000e+02 9.100000000000000000e+01 3.210000000000000000e+02 1.580000000000000000e+02
2.880000000000000000e+02 0.000000000000000000e+00 3.690000000000000000e+02 2.600000000000000000e+01
3.090000000000000000e+02 4.630000000000000000e+02 3.600000000000000000e+02 5.040000000000000000e+02
3.330000000000000000e+02 3.440000000000000000e+02 3.580000000000000000e+02 3.750000000000000000e+02
3.520000000000000000e+02 5.000000000000000000e+01 4.130000000000000000e+02 1.010000000000000000e+02
3.770000000000000000e+02 1.670000000000000000e+02 4.260000000000000000e+02 1.940000000000000000e+02
4.070000000000000000e+02 2.670000000000000000e+02 4.900000000000000000e+02 3.200000000000000000e+02
4.170000000000000000e+02 4.000000000000000000e+01 5.120000000000000000e+02 1.830000000000000000e+02
4.290000000000000000e+02 3.260000000000000000e+02 5.120000000000000000e+02 4.350000000000000000e+02
