1.000000000000000000e+00 0.000000000000000000e+00 3.000000000000000000e+01 3.600000000000000000e+01
1.000000000000000000e+00 2.410000000000000000e+02 2.400000000000000000e+01 2.960000000000000000e+02
1.800000000000000000e+01 1.940000000000000000e+02 9.600000000000000000e+01 2.640000000000000000e+02
5.400000000000000000e+01 0.000000000000000000e+00 1.200000000000000000e+02 3.000000000000000000e+01
1.550000000000000000e+02 0.000000000000000000e+00 2.690000000000000000e+02 1.310000000000000000e+02
2.320000000000000000e+02 1.080000000000000000e+02 2.890000000000000000e+02 1.740000000000000000e+02
2.360000000000000000e+02 3.830000000000000000e+02 3.210000000000000000e+02 4.740000000000000000e+02
2.410000000000000000e+02 0.000000000000000000e+00 2.760000000000000000e+02 4.200000000000000000e+01
3.070000000000000000e+02 2.930000000000000000e+02 3.280000000000000000e+02 3.280000000000000000e+02
3.290000000000000000e+02 2.560000000000000000e+02 4.160000000000000000e+02 3.590000000000000000e+02
3.920000000000000000e+02 3.500000000000000000e+02 5.120000000000000000e+02 5.090000000000000000e+02
4.030000000000000000e+02 1.960000000000000000e+02 5.040000000000000000e+02 2.890000000000000000e+02
