0.000000000000000000e+00 3.090000000000000000e+02 1.700000000000000000e+01 3.450000000000000000e+02
7.000000000000000000e+01 9.000000000000000000e+00 1.530000000000000000e+02 7.000000000000000000e+01
7.000000000000000000e+01 2.450000000000000000e+02 1.220000000000000000e+02 2.860000000000000000e+02
1.440000000000000000e+02 3.120000000000000000e+02 2.160000000000000000e+02 3.840000000000000000e+02
1.640000000000000000e+02 6.000000000000000000e+01 1.900000000000000000e+02 9.000000000000000000e+01
2.260000000000000000e+02 4.870000000000000000e+02 2.780000000000000000e+02 5.120000000000000000e+02
2.580000000000000000e+02 2.390000000000000000e+02 3.400000000000000000e+02 3.130000000000000000e+02
2.960000000000000000e+02 3.830000000000000000e+02 4.010000000000000000e+02 5.120000000000000000e+02
3.130000000000000000e+02 0.000000000000000000e+00 3.700000000000000000e+02 5.600000000000000000e+01
4.350000000000000000e+02 4.290000000000000000e+02 5.120000000000000000e+02 4.980000000000000000e+02
4.530000000000000000e+02 2.210000000000000000e+02 5.120000000000000000e+02 2.680000000000000000e+02
4.890000000000000000e+02 4.820000000000000000e+02 5.120000000000000000e+02 5.120000000000000000e+02
