0.000000000000000000e+00 2.100000000000000000e+01 3.100000000000000000e+01 1.020000000000000000e+02
0.000000000000000000e+00 2.260000000000000000e+02 3.400000000000000000e+01 3.070000000000000000e+02
0.000000000000000000e+00 3.920000000000000000e+02 2.000000000000000000e+01 4.390000000000000000e+02
3.700000000000000000e+01 3.180000000000000000e+02 9.200000000000000000e+01 3.870000000000000000e+02
6.900000000000000000e+01 2.330000000000000000e+02 1.220000000000000000e+02 2.880000000000000000e+02
1.350000000000000000e+02 1.800000000000000000e+01 1.980000000000000000e+02 9.100000000000000000e+01
1.670000000000000000e+02 4.860000000000000000e+02 2.140000000000000000e+02 5.120000000000000000e+02
1.690000000000000000e+02 2.750000000000000000e+02 2.140000000000000000e+02 3.380000000000000000e+02
2.280000000000000000e+02 3.400000000000000000e+02 2.870000000000000000e+02 3.990000000000000000e+02
2.770000000000000000e+02 1.210000000000000000e+02 3.380000000000000000e+02 1.940000000000000000e+02
3.050000000000000000e+02 2.350000000000000000e+02 3.520000000000000000e+02 2.860000000000000000e+02
3.150000000000000000e+02 4.380000000000000000e+02 3.720000000000000000e+02 4.950000000000000000e+02
3.450000000000000000e+02 1.090000000000000000e+02 4.080000000000000000e+02 1.620000000000000000e+02
3.880000000000000000e+02 0.000000000000000000e+00 4.510000000000000000e+02 3.300000000000000000e+01
3.970000000000000000e+02 2.620000000000000000e+02 4.820000000000000000e+02 3.670000000000000000e+02
4.050000000000000000e+02 4.090000000000000000e+02 4.540000000000000000e+02 4.640000000000000000e+02
