2.000000000000000000e+00 3.940000000000000000e+02 8.100000000000000000e+01 4.620000000000000000e+02
5.200000000000000000e+01 1.450000000000000000e+02 1.330000000000000000e+02 2.160000000000000000e+02
8.600000000000000000e+01 4.460000000000000000e+02 1.390000000000000000e+02 4.950000000000000000e+02
1.020000000000000000e+02 3.200000000000000000e+02 2.070000000000000000e+02 4.190000000000000000e+02
1.920000000000000000e+02 1.530000000000000000e+02 2.410000000000000000e+02 2.040000000000000000e+02
2.500000000000000000e+02 2.730000000000000000e+02 3.070000000000000000e+02 3.220000000000000000e+02
3.240000000000000000e+02 2.160000000000000000e+02 3.810000000000000000e+02 2.810000000000000000e+02
3.530000000000000000e+02 1.240000000000000000e+02 5.110000000000000000e+02 2.350000000000000000e+02
4.410000000000000000e+02 3.950000000000000000e+02 4.920000000000000000e+02 4.460000000000000000e+02
4.430000000000000000e+02 1.500000000000000000e+01 4.980000000000000000e+02 5.800000000000000000e+01
