1.000000000000000000e+00 9.300000000000000000e+01 7.000000000000000000e+01 1.490000000000000000e+02
3.300000000000000000e+01 4.360000000000000000e+02 1.280000000000000000e+02 5.120000000000000000e+02
8.500000000000000000e+01 2.340000000000000000e+02 1.740000000000000000e+02 3.090000000000000000e+02
1.840000000000000000e+02 1.390000000000000000e+02 2.350000000000000000e+02 1.820000000000000000e+02
2.750000000000000000e+02 2.510000000000000000e+02 3.800000000000000000e+02 3.660000000000000000e+02
2.810000000000000000e+02 4.570000000000000000e+02 3.840000000000000000e+02 5.120000000000000000e+02
3.130000000000000000e+02 1.000000000000000000e+00 3.690000000000000000e+02 3.300000000000000000e+01
3.370000000000000000e+02 1.430000000000000000e+02 3.820000000000000000e+02 1.820000000000000000e+02
4.190000000000000000e+02 2.910000000000000000e+02 4.840000000000000000e+02 3.620000000000000000e+02
4.450000000000000000e+02 1.000000000000000000e+00 5.110000000000000000e+02 8.800000000000000000e+01
