0.000000000000000000e+00 2.310000000000000000e+02 1.700000000000000000e+01 2.790000000000000000e+02
1.000000000000000000e+00 1.280000000000000000e+02 8.200000000000000000e+01 2.390000000000000000e+02
2.000000000000000000e+00 3.950000000000000000e+02 1.700000000000000000e+01 4.440000000000000000e+02
7.000000000000000000e+00 0.000000000000000000e+00 8.200000000000000000e+01 7.200000000000000000e+01
2.900000000000000000e+01 4.380000000000000000e+02 1.250000000000000000e+02 5.120000000000000000e+02
9.500000000000000000e+01 1.500000000000000000e+01 1.720000000000000000e+02 9.900000000000000000e+01
1.310000000000000000e+02 2.690000000000000000e+02 2.020000000000000000e+02 3.420000000000000000e+02
1.700000000000000000e+02 1.630000000000000000e+02 2.570000000000000000e+02 2.520000000000000000e+02
2.140000000000000000e+02 8.300000000000000000e+01 2.750000000000000000e+02 1.720000000000000000e+02
2.140000000000000000e+02 4.320000000000000000e+02 3.020000000000000000e+02 5.120000000000000000e+02
3.500000000000000000e+02 2.060000000000000000e+02 4.290000000000000000e+02 2.950000000000000000e+02
4.330000000000000000e+02 4.460000000000000000e+02 4.860000000000000000e+02 5.030000000000000000e+02
4.770000000000000000e+02 4.160000000000000000e+02 5.120000000000000000e+02 4.590000000000000000e+02
4.790000000000000000e+02 3.380000000000000000e+02 5.120000000000000000e+02 4.210000000000000000e+02
4.990000000000000000e+02 2.570000000000000000e+02 5.120000000000000000e+02 2.960000000000000000e+02
