0.000000000000000000e+00 7.000000000000000000e+01 2.800000000000000000e+01 1.310000000000000000e+02
6.000000000000000000e+00 0.000000000000000000e+00 1.150000000000000000e+02 1.090000000000000000e+02
4.300000000000000000e+01 4.270000000000000000e+02 1.210000000000000000e+02 5.010000000000000000e+02
1.160000000000000000e+02 3.000000000000000000e+01 1.800000000000000000e+02 7.700000000000000000e+01
1.260000000000000000e+02 1.770000000000000000e+02 2.110000000000000000e+02 2.690000000000000000e+02
1.820000000000000000e+02 1.110000000000000000e+02 2.440000000000000000e+02 1.750000000000000000e+02
1.850000000000000000e+02 3.230000000000000000e+02 2.460000000000000000e+02 3.810000000000000000e+02
1.940000000000000000e+02 3.980000000000000000e+02 3.250000000000000000e+02 5.120000000000000000e+02
1.970000000000000000e+02 0.000000000000000000e+00 2.670000000000000000e+02 6.000000000000000000e+01
2.540000000000000000e+02 0.000000000000000000e+00 3.160000000000000000e+02 6.900000000000000000e+01
2.710000000000000000e+02 2.690000000000000000e+02 3.390000000000000000e+02 3.310000000000000000e+02
3.080000000000000000e+02 3.350000000000000000e+02 3.740000000000000000e+02 4.010000000000000000e+02
3.820000000000000000e+02 0.000000000000000000e+00 4.490000000000000000e+02 2.900000000000000000e+01
4.300000000000000000e+02 2.530000000000000000e+02 5.120000000000000000e+02 4.160000000000000000e+02
4.610000000000000000e+02 1.480000000000000000e+02 5.110000000000000000e+02 2.500000000000000000e+02
