0.000000000000000000e+00 0.000000000000000000e+00 3.300000000000000000e+01 2.100000000000000000e+01
0.000000000000000000e+00 3.390000000000000000e+02 6.200000000000000000e+01 4.000000000000000000e+02
1.270000000000000000e+02 1.400000000000000000e+02 2.270000000000000000e+02 2.400000000000000000e+02
1.290000000000000000e+02 6.100000000000000000e+01 2.010000000000000000e+02 1.330000000000000000e+02
1.440000000000000000e+02 3.660000000000000000e+02 2.130000000000000000e+02 4.420000000000000000e+02
2.110000000000000000e+02 3.490000000000000000e+02 2.770000000000000000e+02 4.150000000000000000e+02
2.950000000000000000e+02 4.860000000000000000e+02 3.520000000000000000e+02 5.120000000000000000e+02
3.120000000000000000e+02 2.690000000000000000e+02 4.040000000000000000e+02 3.530000000000000000e+02
3.170000000000000000e+02 3.640000000000000000e+02 3.750000000000000000e+02 4.180000000000000000e+02
3.190000000000000000e+02 6.900000000000000000e+01 4.050000000000000000e+02 1.750000000000000000e+02
3.800000000000000000e+02 1.730000000000000000e+02 4.640000000000000000e+02 2.560000000000000000e+02
4.130000000000000000e+02 2.840000000000000000e+02 4.760000000000000000e+02 3.460000000000000000e+02
4.420000000000000000e+02 3.500000000000000000e+01 5.060000000000000000e+02 9.700000000000000000e+01
4.430000000000000000e+02 3.710000000000000000e+02 5.120000000000000000e+02 4.550000000000000000e+02
4.780000000000000000e+02 1.460000000000000000e+02 5.120000000000000000e+02 2.290000000000000000e+02
