0.000000000000000000e+00 1.470000000000000000e+02 1.600000000000000000e+01 1.800000000000000000e+02
0.000000000000000000e+00 4.020000000000000000e+02 6.200000000000000000e+01 4.980000000000000000e+02
8.500000000000000000e+01 2.410000000000000000e+02 1.380000000000000000e+02 3.020000000000000000e+02
8.900000000000000000e+01 8.200000000000000000e+01 1.580000000000000000e+02 1.510000000000000000e+02
1.460000000000000000e+02 3.260000000000000000e+02 2.400000000000000000e+02 4.350000000000000000e+02
1.910000000000000000e+02 1.200000000000000000e+02 2.300000000000000000e+02 1.550000000000000000e+02
2.750000000000000000e+02 3.620000000000000000e+02 3.200000000000000000e+02 4.150000000000000000e+02
3.190000000000000000e+02 2.690000000000000000e+02 3.540000000000000000e+02 3.240000000000000000e+02
3.260000000000000000e+02 9.000000000000000000e+01 3.730000000000000000e+02 1.390000000000000000e+02
3.310000000000000000e+02 5.000000000000000000e+02 3.600000000000000000e+02 5.120000000000000000e+02
3.960000000000000000e+02 3.430000000000000000e+02 4.750000000000000000e+02 4.260000000000000000e+02
4.080000000000000000e+02 2.000000000000000000e+00 4.810000000000000000e+02 1.250000000000000000e+02
4.130000000000000000e+02 4.350000000000000000e+02 4.700000000000000000e+02 4.920000000000000000e+02
4.470000000000000000e+02 1.380000000000000000e+02 5.060000000000000000e+02 2.110000000000000000e+02
4.920000000000000000e+02 2.520000000000000000e+02 5.120000000000000000e+02 3.060000000000000000e+02
