0.000000000000000000e+00 2.220000000000000000e+02 1.800000000000000000e+01 2.710000000000000000e+02
0.000000000000000000e+00 3.010000000000000000e+02 1.300000000000000000e+01 3.300000000000000000e+02
0.000000000000000000e+00 4.410000000000000000e+02 7.300000000000000000e+01 5.120000000000000000e+02
3.600000000000000000e+01 0.000000000000000000e+00 1.120000000000000000e+02 6.900000000000000000e+01
8.300000000000000000e+01 4.200000000000000000e+02 1.650000000000000000e+02 4.910000000000000000e+02
9.300000000000000000e+01 2.770000000000000000e+02 1.810000000000000000e+02 3.610000000000000000e+02
1.640000000000000000e+02 8.300000000000000000e+01 2.290000000000000000e+02 1.410000000000000000e+02
2.100000000000000000e+02 0.000000000000000000e+00 2.870000000000000000e+02 8.600000000000000000e+01
2.780000000000000000e+02 0.000000000000000000e+00 3.550000000000000000e+02 2.900000000000000000e+01
3.170000000000000000e+02 3.720000000000000000e+02 3.710000000000000000e+02 4.290000000000000000e+02
3.270000000000000000e+02 1.900000000000000000e+02 3.820000000000000000e+02 2.450000000000000000e+02
