0.000000000000000000e+00 9.700000000000000000e+01 8.000000000000000000e+00 1.330000000000000000e+02
0.000000000000000000e+00 1.540000000000000000e+02 8.700000000000000000e+01 2.640000000000000000e+02
0.000000000000000000e+00 2.690000000000000000e+02 2.400000000000000000e+01 2.990000000000000000e+02
0.000000000000000000e+00 3.000000000000000000e+02 5.500000000000000000e+01 3.510000000000000000e+02
0.000000000000000000e+00 3.870000000000000000e+02 7.100000000000000000e+01 4.620000000000000000e+02
5.000000000000000000e+00 8.000000000000000000e+00 5.600000000000000000e+01 5.700000000000000000e+01
2.100000000000000000e+01 6.500000000000000000e+01 7.000000000000000000e+01 1.000000000000000000e+02
4.900000000000000000e+01 1.110000000000000000e+02 7.500000000000000000e+01 1.360000000000000000e+02
7.600000000000000000e+01 1.150000000000000000e+02 1.280000000000000000e+02 1.710000000000000000e+02
8.200000000000000000e+01 2.000000000000000000e+00 1.080000000000000000e+02 1.800000000000000000e+01
1.060000000000000000e+02 4.800000000000000000e+01 1.840000000000000000e+02 1.250000000000000000e+02
1.080000000000000000e+02 2.680000000000000000e+02 1.530000000000000000e+02 3.090000000000000000e+02
1.170000000000000000e+02 4.000000000000000000e+02 1.660000000000000000e+02 4.600000000000000000e+02
1.250000000000000000e+02 2.000000000000000000e+00 1.870000000000000000e+02 4.700000000000000000e+01
1.480000000000000000e+02 2.560000000000000000e+02 1.930000000000000000e+02 3.100000000000000000e+02
1.540000000000000000e+02 3.920000000000000000e+02 2.130000000000000000e+02 4.840000000000000000e+02
1.660000000000000000e+02 1.440000000000000000e+02 2.290000000000000000e+02 2.120000000000000000e+02
1.890000000000000000e+02 3.280000000000000000e+02 2.500000000000000000e+02 3.950000000000000000e+02
2.490000000000000000e+02 3.010000000000000000e+02 3.070000000000000000e+02 3.560000000000000000e+02
2.990000000000000000e+02 2.150000000000000000e+02 3.580000000000000000e+02 2.660000000000000000e+02
3.050000000000000000e+02 3.700000000000000000e+02 3.850000000000000000e+02 4.420000000000000000e+02
3.130000000000000000e+02 2.300000000000000000e+01 3.770000000000000000e+02 7.100000000000000000e+01
3.310000000000000000e+02 5.900000000000000000e+01 4.010000000000000000e+02 1.340000000000000000e+02
3.750000000000000000e+02 2.880000000000000000e+02 4.340000000000000000e+02 3.530000000000000000e+02
3.920000000000000000e+02 3.750000000000000000e+02 4.630000000000000000e+02 4.610000000000000000e+02
3.960000000000000000e+02 4.000000000000000000e+00 5.120000000000000000e+02 1.270000000000000000e+02
4.030000000000000000e+02 1.030000000000000000e+02 5.070000000000000000e+02 3.120000000000000000e+02
4.310000000000000000e+02 3.260000000000000000e+02 4.720000000000000000e+02 3.790000000000000000e+02
4.640000000000000000e+02 3.610000000000000000e+02 5.120000000000000000e+02 4.580000000000000000e+02
