0.000000000000000000e+00 1.900000000000000000e+01 8.000000000000000000e+00 4.200000000000000000e+01
0.000000000000000000e+00 1.900000000000000000e+02 3.000000000000000000e+01 2.400000000000000000e+02
4.000000000000000000e+00 2.790000000000000000e+02 4.700000000000000000e+01 3.200000000000000000e+02
6.800000000000000000e+01 3.950000000000000000e+02 1.650000000000000000e+02 4.970000000000000000e+02
1.060000000000000000e+02 5.080000000000000000e+02 1.250000000000000000e+02 5.120000000000000000e+02
1.100000000000000000e+02 2.900000000000000000e+01 1.840000000000000000e+02 9.700000000000000000e+01
1.380000000000000000e+02 2.300000000000000000e+02 2.770000000000000000e+02 3.150000000000000000e+02
2.520000000000000000e+02 4.000000000000000000e+01 3.010000000000000000e+02 9.400000000000000000e+01
3.040000000000000000e+02 4.940000000000000000e+02 3.560000000000000000e+02 5.120000000000000000e+02
3.570000000000000000e+02 3.630000000000000000e+02 4.410000000000000000e+02 4.420000000000000000e+02
4.500000000000000000e+02 4.000000000000000000e+01 4.920000000000000000e+02 8.100000000000000000e+01
5.110000000000000000e+02 1.130000000000000000e+02 5.120000000000000000e+02 1.200000000000000000e+02
