1.200000000000000000e+01 3.480000000000000000e+02 1.010000000000000000e+02 4.490000000000000000e+02
1.040000000000000000e+02 1.000000000000000000e+00 1.870000000000000000e+02 8.200000000000000000e+01
1.200000000000000000e+02 9.500000000000000000e+01 2.090000000000000000e+02 1.700000000000000000e+02
2.160000000000000000e+02 9.300000000000000000e+01 2.670000000000000000e+02 1.420000000000000000e+02
2.340000000000000000e+02 2.550000000000000000e+02 3.090000000000000000e+02 3.240000000000000000e+02
3.040000000000000000e+02 4.540000000000000000e+02 3.770000000000000000e+02 5.110000000000000000e+02
3.090000000000000000e+02 3.900000000000000000e+01 4.040000000000000000e+02 1.300000000000000000e+02
3.090000000000000000e+02 3.420000000000000000e+02 3.800000000000000000e+02 3.970000000000000000e+02
4.600000000000000000e+02 3.830000000000000000e+02 5.030000000000000000e+02 4.400000000000000000e+02
4.720000000000000000e+02 1.200000000000000000e+02 5.030000000000000000e+02 1.840000000000000000e+02
