0.000000000000000000e+00 3.800000000000000000e+01 7.000000000000000000e+00 5.900000000000000000e+01
1.900000000000000000e+01 0.000000000000000000e+00 1.210000000000000000e+02 6.000000000000000000e+01
2.100000000000000000e+01 4.440000000000000000e+02 9.500000000000000000e+01 5.120000000000000000e+02
3.800000000000000000e+01 2.700000000000000000e+02 1.030000000000000000e+02 3.360000000000000000e+02
9.900000000000000000e+01 3.090000000000000000e+02 1.580000000000000000e+02 3.740000000000000000e+02
1.130000000000000000e+02 4.310000000000000000e+02 1.800000000000000000e+02 5.120000000000000000e+02
1.200000000000000000e+02 1.830000000000000000e+02 1.770000000000000000e+02 2.350000000000000000e+02
1.440000000000000000e+02 1.040000000000000000e+02 1.960000000000000000e+02 1.560000000000000000e+02
1.580000000000000000e+02 2.700000000000000000e+01 2.500000000000000000e+02 1.260000000000000000e+02
1.760000000000000000e+02 0.000000000000000000e+00 2.040000000000000000e+02 1.200000000000000000e+01
2.030000000000000000e+02 1.570000000000000000e+02 2.720000000000000000e+02 2.300000000000000000e+02
2.270000000000000000e+02 5.010000000000000000e+02 2.540000000000000000e+02 5.120000000000000000e+02
2.920000000000000000e+02 0.000000000000000000e+00 3.200000000000000000e+02 8.000000000000000000e+00
2.950000000000000000e+02 2.100000000000000000e+02 4.130000000000000000e+02 3.910000000000000000e+02
3.380000000000000000e+02 0.000000000000000000e+00 3.810000000000000000e+02 1.500000000000000000e+01
3.510000000000000000e+02 4.410000000000000000e+02 4.200000000000000000e+02 5.120000000000000000e+02
3.590000000000000000e+02 8.800000000000000000e+01 4.190000000000000000e+02 1.560000000000000000e+02
4.270000000000000000e+02 3.870000000000000000e+02 5.120000000000000000e+02 4.710000000000000000e+02
4.490000000000000000e+02 1.090000000000000000e+02 5.120000000000000000e+02 1.940000000000000000e+02
4.750000000000000000e+02 0.000000000000000000e+00 5.120000000000000000e+02 4.000000000000000000e+01
