0.000000000000000000e+00 1.730000000000000000e+02 5.000000000000000000e+00 2.010000000000000000e+02
1.700000000000000000e+01 2.720000000000000000e+02 3.100000000000000000e+01 2.970000000000000000e+02
4.200000000000000000e+01 1.000000000000000000e+01 1.080000000000000000e+02 6.800000000000000000e+01
4.200000000000000000e+01 1.970000000000000000e+02 1.060000000000000000e+02 2.500000000000000000e+02
6.400000000000000000e+01 4.540000000000000000e+02 9.300000000000000000e+01 4.800000000000000000e+02
8.000000000000000000e+01 3.570000000000000000e+02 1.170000000000000000e+02 3.960000000000000000e+02
1.060000000000000000e+02 3.030000000000000000e+02 1.910000000000000000e+02 3.830000000000000000e+02
2.010000000000000000e+02 4.960000000000000000e+02 2.540000000000000000e+02 5.120000000000000000e+02
2.020000000000000000e+02 2.890000000000000000e+02 2.200000000000000000e+02 3.090000000000000000e+02
2.940000000000000000e+02 5.010000000000000000e+02 3.120000000000000000e+02 5.120000000000000000e+02
3.110000000000000000e+02 1.880000000000000000e+02 3.740000000000000000e+02 2.650000000000000000e+02
3.120000000000000000e+02 2.450000000000000000e+02 3.410000000000000000e+02 2.890000000000000000e+02
3.440000000000000000e+02 2.850000000000000000e+02 4.190000000000000000e+02 3.590000000000000000e+02
3.680000000000000000e+02 1.590000000000000000e+02 4.130000000000000000e+02 2.100000000000000000e+02
3.920000000000000000e+02 4.000000000000000000e+02 4.320000000000000000e+02 4.550000000000000000e+02
4.020000000000000000e+02 2.210000000000000000e+02 4.640000000000000000e+02 2.830000000000000000e+02
4.630000000000000000e+02 3.450000000000000000e+02 5.120000000000000000e+02 3.970000000000000000e+02
5.020000000000000000e+02 1.900000000000000000e+01 5.120000000000000000e+02 5.400000000000000000e+01
5.060000000000000000e+02 2.620000000000000000e+02 5.120000000000000000e+02 2.910000000000000000e+02
