1.400000000000000000e+01 3.470000000000000000e+02 7.900000000000000000e+01 4.440000000000000000e+02
2.000000000000000000e+01 4.900000000000000000e+01 8.100000000000000000e+01 1.140000000000000000e+02
7.200000000000000000e+01 4.640000000000000000e+02 1.560000000000000000e+02 5.040000000000000000e+02
8.600000000000000000e+01 0.000000000000000000e+00 1.800000000000000000e+02 5.800000000000000000e+01
9.000000000000000000e+01 9.400000000000000000e+01 2.560000000000000000e+02 2.690000000000000000e+02
2.320000000000000000e+02 6.000000000000000000e+00 2.990000000000000000e+02 7.700000000000000000e+01
2.690000000000000000e+02 3.260000000000000000e+02 3.260000000000000000e+02 3.790000000000000000e+02
3.110000000000000000e+02 4.070000000000000000e+02 3.820000000000000000e+02 4.880000000000000000e+02
3.350000000000000000e+02 0.000000000000000000e+00 4.100000000000000000e+02 7.600000000000000000e+01
3.840000000000000000e+02 2.550000000000000000e+02 4.410000000000000000e+02 3.180000000000000000e+02
4.300000000000000000e+02 1.140000000000000000e+02 4.810000000000000000e+02 1.750000000000000000e+02
4.360000000000000000e+02 3.300000000000000000e+02 5.050000000000000000e+02 4.270000000000000000e+02
