7.000000000000000000e+00 0.000000000000000000e+00 1.800000000000000000e+01 1.500000000000000000e+01
8.000000000000000000e+00 2.060000000000000000e+02 7.300000000000000000e+01 2.770000000000000000e+02
4.200000000000000000e+01 4.570000000000000000e+02 9.400000000000000000e+01 5.110000000000000000e+02
4.600000000000000000e+01 0.000000000000000000e+00 7.100000000000000000e+01 1.200000000000000000e+01
6.300000000000000000e+01 0.000000000000000000e+00 1.090000000000000000e+02 3.200000000000000000e+01
9.900000000000000000e+01 4.280000000000000000e+02 1.340000000000000000e+02 4.680000000000000000e+02
1.210000000000000000e+02 7.100000000000000000e+01 2.060000000000000000e+02 1.450000000000000000e+02
1.530000000000000000e+02 3.220000000000000000e+02 2.050000000000000000e+02 3.520000000000000000e+02
1.810000000000000000e+02 2.530000000000000000e+02 2.250000000000000000e+02 3.020000000000000000e+02
1.890000000000000000e+02 5.030000000000000000e+02 2.160000000000000000e+02 5.120000000000000000e+02
2.170000000000000000e+02 3.230000000000000000e+02 2.790000000000000000e+02 3.550000000000000000e+02
3.320000000000000000e+02 0.000000000000000000e+00 3.870000000000000000e+02 3.100000000000000000e+01
3.390000000000000000e+02 8.000000000000000000e+01 3.770000000000000000e+02 1.180000000000000000e+02
3.690000000000000000e+02 1.980000000000000000e+02 4.060000000000000000e+02 2.400000000000000000e+02
3.770000000000000000e+02 2.970000000000000000e+02 4.220000000000000000e+02 3.370000000000000000e+02
3.880000000000000000e+02 1.180000000000000000e+02 4.510000000000000000e+02 1.740000000000000000e+02
4.310000000000000000e+02 6.600000000000000000e+01 4.750000000000000000e+02 1.460000000000000000e+02
4.680000000000000000e+02 5.500000000000000000e+01 5.120000000000000000e+02 1.140000000000000000e+02
