2.000000000000000000e+00 2.980000000000000000e+02 4.400000000000000000e+01 3.620000000000000000e+02
4.000000000000000000e+00 4.610000000000000000e+02 6.000000000000000000e+01 5.120000000000000000e+02
1.300000000000000000e+01 3.560000000000000000e+02 8.400000000000000000e+01 4.300000000000000000e+02
5.200000000000000000e+01 1.500000000000000000e+02 1.270000000000000000e+02 2.260000000000000000e+02
1.170000000000000000e+02 0.000000000000000000e+00 2.050000000000000000e+02 8.400000000000000000e+01
1.550000000000000000e+02 1.980000000000000000e+02 2.130000000000000000e+02 2.560000000000000000e+02
1.800000000000000000e+02 1.270000000000000000e+02 2.680000000000000000e+02 2.180000000000000000e+02
2.150000000000000000e+02 4.060000000000000000e+02 2.600000000000000000e+02 4.550000000000000000e+02
2.160000000000000000e+02 2.400000000000000000e+01 3.050000000000000000e+02 1.110000000000000000e+02
2.280000000000000000e+02 2.480000000000000000e+02 2.790000000000000000e+02 2.970000000000000000e+02
2.950000000000000000e+02 3.790000000000000000e+02 3.800000000000000000e+02 4.730000000000000000e+02
3.030000000000000000e+02 3.030000000000000000e+02 3.610000000000000000e+02 3.610000000000000000e+02
3.130000000000000000e+02 1.430000000000000000e+02 3.690000000000000000e+02 1.900000000000000000e+02
3.690000000000000000e+02 2.460000000000000000e+02 4.080000000000000000e+02 2.830000000000000000e+02
3.870000000000000000e+02 3.560000000000000000e+02 4.510000000000000000e+02 4.200000000000000000e+02
4.320000000000000000e+02 1.950000000000000000e+02 4.950000000000000000e+02 2.500000000000000000e+02
4.560000000000000000e+02 1.100000000000000000e+02 5.120000000000000000e+02 1.680000000000000000e+02
4.600000000000000000e+02 2.470000000000000000e+02 5.120000000000000000e+02 3.120000000000000000e+02
4.780000000000000000e+02 0.000000000000000000e+00 5.120000000000000000e+02 5.900000000000000000e+01
