0.000000000000000000e+00 2.720000000000000000e+02 3.000000000000000000e+01 3.220000000000000000e+02
0.000000000000000000e+00 4.700000000000000000e+02 8.000000000000000000e+00 4.930000000000000000e+02
4.000000000000000000e+00 1.920000000000000000e+02 4.700000000000000000e+01 2.330000000000000000e+02
6.800000000000000000e+01 1.500000000000000000e+01 1.650000000000000000e+02 1.170000000000000000e+02
1.060000000000000000e+02 0.000000000000000000e+00 1.250000000000000000e+02 4.000000000000000000e+00
1.100000000000000000e+02 4.150000000000000000e+02 1.840000000000000000e+02 4.830000000000000000e+02
1.380000000000000000e+02 1.970000000000000000e+02 2.770000000000000000e+02 2.820000000000000000e+02
2.520000000000000000e+02 4.180000000000000000e+02 3.010000000000000000e+02 4.720000000000000000e+02
3.040000000000000000e+02 0.000000000000000000e+00 3.560000000000000000e+02 1.800000000000000000e+01
3.570000000000000000e+02 7.000000000000000000e+01 4.410000000000000000e+02 1.490000000000000000e+02
4.500000000000000000e+02 4.310000000000000000e+02 4.920000000000000000e+02 4.720000000000000000e+02
5.110000000000000000e+02 3.920000000000000000e+02 5.120000000000000000e+02 3.990000000000000000e+02
