0.000000000000000000e+00 0.000000000000000000e+00 2.700000000000000000e+01 3.900000000000000000e+01
4.000000000000000000e+01 4.430000000000000000e+02 1.050000000000000000e+02 5.060000000000000000e+02
5.800000000000000000e+01 1.250000000000000000e+02 1.390000000000000000e+02 2.090000000000000000e+02
7.400000000000000000e+01 3.160000000000000000e+02 1.690000000000000000e+02 4.090000000000000000e+02
1.420000000000000000e+02 1.230000000000000000e+02 2.470000000000000000e+02 2.320000000000000000e+02
1.500000000000000000e+02 4.780000000000000000e+02 2.350000000000000000e+02 5.110000000000000000e+02
1.700000000000000000e+02 3.800000000000000000e+02 2.560000000000000000e+02 4.650000000000000000e+02
2.680000000000000000e+02 3.060000000000000000e+02 3.620000000000000000e+02 4.810000000000000000e+02
3.360000000000000000e+02 0.000000000000000000e+00 4.070000000000000000e+02 6.700000000000000000e+01
3.480000000000000000e+02 2.110000000000000000e+02 4.130000000000000000e+02 2.760000000000000000e+02
3.580000000000000000e+02 3.120000000000000000e+02 4.250000000000000000e+02 3.790000000000000000e+02
3.650000000000000000e+02 1.430000000000000000e+02 4.380000000000000000e+02 2.060000000000000000e+02
3.770000000000000000e+02 4.470000000000000000e+02 4.640000000000000000e+02 5.120000000000000000e+02
4.890000000000000000e+02 2.980000000000000000e+02 5.120000000000000000e+02 3.550000000000000000e+02
