0.000000000000000000e+00 4.400000000000000000e+02 3.200000000000000000e+01 4.860000000000000000e+02
4.000000000000000000e+00 2.490000000000000000e+02 6.600000000000000000e+01 3.100000000000000000e+02
3.000000000000000000e+01 4.670000000000000000e+02 9.400000000000000000e+01 5.120000000000000000e+02
4.100000000000000000e+01 1.160000000000000000e+02 1.000000000000000000e+02 1.770000000000000000e+02
6.000000000000000000e+01 3.200000000000000000e+01 9.400000000000000000e+01 6.500000000000000000e+01
9.100000000000000000e+01 2.730000000000000000e+02 1.480000000000000000e+02 3.470000000000000000e+02
1.280000000000000000e+02 4.320000000000000000e+02 1.960000000000000000e+02 5.070000000000000000e+02
1.320000000000000000e+02 0.000000000000000000e+00 2.580000000000000000e+02 1.120000000000000000e+02
2.310000000000000000e+02 3.320000000000000000e+02 3.710000000000000000e+02 4.900000000000000000e+02
2.660000000000000000e+02 1.610000000000000000e+02 3.020000000000000000e+02 1.960000000000000000e+02
3.090000000000000000e+02 3.200000000000000000e+01 4.380000000000000000e+02 1.070000000000000000e+02
3.950000000000000000e+02 2.250000000000000000e+02 4.210000000000000000e+02 2.600000000000000000e+02
4.270000000000000000e+02 1.430000000000000000e+02 5.060000000000000000e+02 2.270000000000000000e+02
4.380000000000000000e+02 9.900000000000000000e+01 4.930000000000000000e+02 1.500000000000000000e+02
4.770000000000000000e+02 1.800000000000000000e+01 5.120000000000000000e+02 8.000000000000000000e+01
4.770000000000000000e+02 3.090000000000000000e+02 5.120000000000000000e+02 3.730000000000000000e+02
5.040000000000000000e+02 1.220000000000000000e+02 5.120000000000000000e+02 1.590000000000000000e+02
