5.600000000000000000e+01 4.610000000000000000e+02 1.240000000000000000e+02 5.120000000000000000e+02
7.300000000000000000e+01 0.000000000000000000e+00 1.220000000000000000e+02 2.100000000000000000e+01
8.200000000000000000e+01 8.100000000000000000e+01 1.480000000000000000e+02 1.350000000000000000e+02
1.290000000000000000e+02 0.000000000000000000e+00 1.650000000000000000e+02 3.200000000000000000e+01
1.660000000000000000e+02 2.110000000000000000e+02 2.330000000000000000e+02 2.490000000000000000e+02
1.820000000000000000e+02 1.230000000000000000e+02 2.240000000000000000e+02 1.660000000000000000e+02
1.950000000000000000e+02 1.590000000000000000e+02 2.400000000000000000e+02 2.050000000000000000e+02
2.550000000000000000e+02 9.800000000000000000e+01 2.960000000000000000e+02 1.280000000000000000e+02
2.690000000000000000e+02 3.200000000000000000e+02 3.180000000000000000e+02 3.660000000000000000e+02
2.740000000000000000e+02 1.330000000000000000e+02 3.000000000000000000e+02 1.630000000000000000e+02
2.790000000000000000e+02 0.000000000000000000e+00 3.350000000000000000e+02 1.800000000000000000e+01
2.950000000000000000e+02 1.470000000000000000e+02 3.280000000000000000e+02 1.830000000000000000e+02
3.400000000000000000e+02 2.460000000000000000e+02 3.850000000000000000e+02 2.880000000000000000e+02
4.080000000000000000e+02 3.060000000000000000e+02 4.590000000000000000e+02 3.580000000000000000e+02
4.520000000000000000e+02 1.510000000000000000e+02 5.010000000000000000e+02 2.050000000000000000e+02
4.960000000000000000e+02 2.500000000000000000e+01 5.120000000000000000e+02 7.200000000000000000e+01
5.000000000000000000e+02 3.550000000000000000e+02 5.120000000000000000e+02 3.890000000000000000e+02
