0.000000000000000000e+00 4.000000000000000000e+00 5.800000000000000000e+01 1.330000000000000000e+02
0.000000000000000000e+00 4.540000000000000000e+02 5.900000000000000000e+01 5.120000000000000000e+02
2.000000000000000000e+01 3.220000000000000000e+02 9.800000000000000000e+01 4.080000000000000000e+02
9.400000000000000000e+01 7.700000000000000000e+01 1.510000000000000000e+02 1.390000000000000000e+02
1.360000000000000000e+02 2.400000000000000000e+01 2.140000000000000000e+02 9.300000000000000000e+01
1.450000000000000000e+02 2.550000000000000000e+02 2.120000000000000000e+02 3.190000000000000000e+02
1.700000000000000000e+02 4.150000000000000000e+02 2.240000000000000000e+02 4.670000000000000000e+02
2.050000000000000000e+02 2.060000000000000000e+02 2.580000000000000000e+02 2.590000000000000000e+02
2.260000000000000000e+02 3.980000000000000000e+02 2.810000000000000000e+02 4.520000000000000000e+02
2.780000000000000000e+02 4.100000000000000000e+02 3.590000000000000000e+02 4.800000000000000000e+02
4.330000000000000000e+02 0.000000000000000000e+00 4.720000000000000000e+02 4.400000000000000000e+01
4.400000000000000000e+02 9.100000000000000000e+01 4.820000000000000000e+02 1.410000000000000000e+02
