7.000000000000000000e+00 6.300000000000000000e+01 1.170000000000000000e+02 1.840000000000000000e+02
7.900000000000000000e+01 0.000000000000000000e+00 9.900000000000000000e+01 5.000000000000000000e+00
1.090000000000000000e+02 1.330000000000000000e+02 1.530000000000000000e+02 1.780000000000000000e+02
1.430000000000000000e+02 4.640000000000000000e+02 2.340000000000000000e+02 5.120000000000000000e+02
2.620000000000000000e+02 1.100000000000000000e+01 3.520000000000000000e+02 9.900000000000000000e+01
2.870000000000000000e+02 4.050000000000000000e+02 3.390000000000000000e+02 4.510000000000000000e+02
2.970000000000000000e+02 1.500000000000000000e+02 3.630000000000000000e+02 2.150000000000000000e+02
2.990000000000000000e+02 2.570000000000000000e+02 4.260000000000000000e+02 4.030000000000000000e+02
3.970000000000000000e+02 8.900000000000000000e+01 4.400000000000000000e+02 1.350000000000000000e+02
4.110000000000000000e+02 0.000000000000000000e+00 5.120000000000000000e+02 7.200000000000000000e+01
4.520000000000000000e+02 1.160000000000000000e+02 4.820000000000000000e+02 1.460000000000000000e+02
4.620000000000000000e+02 3.950000000000000000e+02 5.120000000000000000e+02 4.700000000000000000e+02
4.640000000000000000e+02 2.540000000000000000e+02 5.100000000000000000e+02 2.780000000000000000e+02
4.640000000000000000e+02 3.190000000000000000e+02 4.870000000000000000e+02 3.480000000000000000e+02
