0.000000000000000000e+00 6.600000000000000000e+01 4.500000000000000000e+01 1.300000000000000000e+02
2.000000000000000000e+00 0.000000000000000000e+00 9.700000000000000000e+01 4.600000000000000000e+01
5.500000000000000000e+01 3.330000000000000000e+02 1.040000000000000000e+02 3.880000000000000000e+02
1.680000000000000000e+02 2.150000000000000000e+02 2.190000000000000000e+02 2.740000000000000000e+02
2.180000000000000000e+02 1.100000000000000000e+01 2.990000000000000000e+02 1.410000000000000000e+02
2.340000000000000000e+02 2.160000000000000000e+02 2.970000000000000000e+02 2.730000000000000000e+02
2.550000000000000000e+02 4.700000000000000000e+02 3.060000000000000000e+02 5.120000000000000000e+02
3.180000000000000000e+02 4.520000000000000000e+02 3.850000000000000000e+02 5.110000000000000000e+02
3.510000000000000000e+02 2.280000000000000000e+02 4.380000000000000000e+02 3.070000000000000000e+02
3.970000000000000000e+02 4.400000000000000000e+01 5.110000000000000000e+02 1.290000000000000000e+02
3.990000000000000000e+02 0.000000000000000000e+00 4.370000000000000000e+02 1.500000000000000000e+01
4.250000000000000000e+02 4.690000000000000000e+02 4.790000000000000000e+02 5.120000000000000000e+02
4.670000000000000000e+02 1.740000000000000000e+02 5.100000000000000000e+02 2.390000000000000000e+02
