0.000000000000000000e+00 1.380000000000000000e+02 3.800000000000000000e+01 1.930000000000000000e+02
1.000000000000000000e+00 1.000000000000000000e+00 1.900000000000000000e+01 2.300000000000000000e+01
1.000000000000000000e+00 3.010000000000000000e+02 2.500000000000000000e+01 3.570000000000000000e+02
5.900000000000000000e+01 1.770000000000000000e+02 1.660000000000000000e+02 2.850000000000000000e+02
1.380000000000000000e+02 1.480000000000000000e+02 1.910000000000000000e+02 2.030000000000000000e+02
2.250000000000000000e+02 1.000000000000000000e+00 3.630000000000000000e+02 1.300000000000000000e+02
3.810000000000000000e+02 4.500000000000000000e+02 4.310000000000000000e+02 5.050000000000000000e+02
4.620000000000000000e+02 2.740000000000000000e+02 5.120000000000000000e+02 3.630000000000000000e+02
4.840000000000000000e+02 3.000000000000000000e+01 5.120000000000000000e+02 1.030000000000000000e+02
4.870000000000000000e+02 4.920000000000000000e+02 5.120000000000000000e+02 5.050000000000000000e+02
