0.000000000000000000e+00 0.000000000000000000e+00 3.400000000000000000e+01 3.300000000000000000e+01
0.000000000000000000e+00 2.190000000000000000e+02 2.500000000000000000e+01 2.710000000000000000e+02
0.000000000000000000e+00 3.040000000000000000e+02 1.100000000000000000e+01 3.410000000000000000e+02
2.100000000000000000e+01 2.760000000000000000e+02 1.080000000000000000e+02 3.630000000000000000e+02
9.200000000000000000e+01 1.000000000000000000e+00 1.380000000000000000e+02 2.100000000000000000e+01
1.160000000000000000e+02 2.330000000000000000e+02 1.990000000000000000e+02 3.050000000000000000e+02
1.170000000000000000e+02 1.420000000000000000e+02 2.030000000000000000e+02 2.220000000000000000e+02
2.060000000000000000e+02 4.230000000000000000e+02 2.650000000000000000e+02 4.790000000000000000e+02
2.790000000000000000e+02 1.000000000000000000e+00 3.410000000000000000e+02 2.700000000000000000e+01
2.790000000000000000e+02 4.270000000000000000e+02 3.510000000000000000e+02 4.980000000000000000e+02
3.000000000000000000e+02 1.580000000000000000e+02 4.130000000000000000e+02 2.480000000000000000e+02
3.160000000000000000e+02 9.800000000000000000e+01 3.630000000000000000e+02 1.470000000000000000e+02
3.290000000000000000e+02 3.500000000000000000e+02 4.020000000000000000e+02 4.220000000000000000e+02
3.370000000000000000e+02 4.810000000000000000e+02 3.970000000000000000e+02 5.120000000000000000e+02
3.620000000000000000e+02 5.000000000000000000e+00 4.450000000000000000e+02 9.100000000000000000e+01
3.870000000000000000e+02 3.050000000000000000e+02 4.560000000000000000e+02 3.760000000000000000e+02
4.080000000000000000e+02 1.300000000000000000e+02 5.020000000000000000e+02 2.120000000000000000e+02
4.510000000000000000e+02 3.300000000000000000e+01 5.120000000000000000e+02 1.110000000000000000e+02
4.520000000000000000e+02 2.350000000000000000e+02 5.110000000000000000e+02 3.490000000000000000e+02
4.750000000000000000e+02 3.980000000000000000e+02 5.120000000000000000e+02 4.740000000000000000e+02
