0.000000000000000000e+00 1.520000000000000000e+02 1.200000000000000000e+01 1.810000000000000000e+02
1.400000000000000000e+01 4.500000000000000000e+02 1.100000000000000000e+02 5.120000000000000000e+02
2.000000000000000000e+01 4.200000000000000000e+01 7.700000000000000000e+01 9.900000000000000000e+01
7.700000000000000000e+01 2.720000000000000000e+02 1.860000000000000000e+02 3.660000000000000000e+02
8.600000000000000000e+01 3.700000000000000000e+01 1.690000000000000000e+02 1.160000000000000000e+02
9.700000000000000000e+01 1.920000000000000000e+02 1.500000000000000000e+02 2.370000000000000000e+02
1.880000000000000000e+02 1.580000000000000000e+02 2.430000000000000000e+02 1.930000000000000000e+02
2.060000000000000000e+02 0.000000000000000000e+00 2.600000000000000000e+02 2.000000000000000000e+01
2.100000000000000000e+02 3.740000000000000000e+02 2.710000000000000000e+02 4.270000000000000000e+02
3.010000000000000000e+02 6.000000000000000000e+00 3.740000000000000000e+02 6.500000000000000000e+01
3.320000000000000000e+02 4.960000000000000000e+02 3.650000000000000000e+02 5.120000000000000000e+02
3.570000000000000000e+02 2.820000000000000000e+02 3.920000000000000000e+02 3.210000000000000000e+02
3.610000000000000000e+02 3.540000000000000000e+02 4.300000000000000000e+02 4.230000000000000000e+02
3.730000000000000000e+02 1.390000000000000000e+02 4.220000000000000000e+02 1.860000000000000000e+02
3.870000000000000000e+02 3.100000000000000000e+01 5.100000000000000000e+02 1.040000000000000000e+02
