2.000000000000000000e+00 4.300000000000000000e+02 5.300000000000000000e+01 5.100000000000000000e+02
4.200000000000000000e+01 1.470000000000000000e+02 1.250000000000000000e+02 2.740000000000000000e+02
6.300000000000000000e+01 3.210000000000000000e+02 1.170000000000000000e+02 3.770000000000000000e+02
2.220000000000000000e+02 1.720000000000000000e+02 2.830000000000000000e+02 2.320000000000000000e+02
2.360000000000000000e+02 2.580000000000000000e+02 3.320000000000000000e+02 3.530000000000000000e+02
2.720000000000000000e+02 2.500000000000000000e+01 3.280000000000000000e+02 8.100000000000000000e+01
2.790000000000000000e+02 4.650000000000000000e+02 3.180000000000000000e+02 4.990000000000000000e+02
3.230000000000000000e+02 0.000000000000000000e+00 3.630000000000000000e+02 1.400000000000000000e+01
3.260000000000000000e+02 7.500000000000000000e+01 3.720000000000000000e+02 1.240000000000000000e+02
3.350000000000000000e+02 2.680000000000000000e+02 3.810000000000000000e+02 3.190000000000000000e+02
3.490000000000000000e+02 2.020000000000000000e+02 3.990000000000000000e+02 2.610000000000000000e+02
3.950000000000000000e+02 1.610000000000000000e+02 5.030000000000000000e+02 2.460000000000000000e+02
4.460000000000000000e+02 4.490000000000000000e+02 5.010000000000000000e+02 5.040000000000000000e+02
4.920000000000000000e+02 3.500000000000000000e+01 5.120000000000000000e+02 8.100000000000000000e+01
