0.000000000000000000e+00 4.200000000000000000e+01 2.300000000000000000e+01 1.070000000000000000e+02
5.000000000000000000e+01 9.600000000000000000e+01 1.130000000000000000e+02 1.630000000000000000e+02
9.700000000000000000e+01 3.700000000000000000e+02 1.600000000000000000e+02 4.250000000000000000e+02
1.120000000000000000e+02 4.330000000000000000e+02 1.690000000000000000e+02 4.860000000000000000e+02
1.470000000000000000e+02 1.650000000000000000e+02 2.160000000000000000e+02 2.380000000000000000e+02
1.540000000000000000e+02 1.500000000000000000e+01 2.790000000000000000e+02 9.800000000000000000e+01
1.540000000000000000e+02 4.740000000000000000e+02 2.190000000000000000e+02 5.120000000000000000e+02
2.580000000000000000e+02 1.150000000000000000e+02 3.290000000000000000e+02 1.880000000000000000e+02
3.410000000000000000e+02 2.600000000000000000e+02 4.020000000000000000e+02 3.230000000000000000e+02
4.990000000000000000e+02 1.000000000000000000e+01 5.120000000000000000e+02 6.900000000000000000e+01
