2.700000000000000000e+01 1.790000000000000000e+02 9.800000000000000000e+01 2.460000000000000000e+02
7.000000000000000000e+01 7.800000000000000000e+01 1.730000000000000000e+02 1.790000000000000000e+02
8.300000000000000000e+01 4.430000000000000000e+02 1.310000000000000000e+02 4.900000000000000000e+02
8.500000000000000000e+01 3.100000000000000000e+02 1.560000000000000000e+02 3.800000000000000000e+02
2.000000000000000000e+02 4.000000000000000000e+00 2.360000000000000000e+02 4.400000000000000000e+01
2.420000000000000000e+02 1.580000000000000000e+02 3.000000000000000000e+02 2.140000000000000000e+02
3.020000000000000000e+02 5.800000000000000000e+01 3.430000000000000000e+02 9.900000000000000000e+01
3.510000000000000000e+02 7.100000000000000000e+01 4.310000000000000000e+02 1.500000000000000000e+02
3.530000000000000000e+02 2.730000000000000000e+02 4.160000000000000000e+02 3.370000000000000000e+02
4.200000000000000000e+02 1.190000000000000000e+02 4.680000000000000000e+02 1.680000000000000000e+02
4.300000000000000000e+02 1.830000000000000000e+02 4.760000000000000000e+02 2.300000000000000000e+02
4.600000000000000000e+02 2.230000000000000000e+02 5.080000000000000000e+02 3.000000000000000000e+02
