1.000000000000000000e+00 4.800000000000000000e+01 3.800000000000000000e+01 1.270000000000000000e+02
1.200000000000000000e+02 1.300000000000000000e+02 2.010000000000000000e+02 2.170000000000000000e+02
2.020000000000000000e+02 3.030000000000000000e+02 2.670000000000000000e+02 3.680000000000000000e+02
2.100000000000000000e+02 1.000000000000000000e+00 2.730000000000000000e+02 4.200000000000000000e+01
2.820000000000000000e+02 1.000000000000000000e+00 3.590000000000000000e+02 7.400000000000000000e+01
2.940000000000000000e+02 3.260000000000000000e+02 4.150000000000000000e+02 4.160000000000000000e+02
3.240000000000000000e+02 1.400000000000000000e+02 4.050000000000000000e+02 2.230000000000000000e+02
3.450000000000000000e+02 4.730000000000000000e+02 4.290000000000000000e+02 5.120000000000000000e+02
3.780000000000000000e+02 5.700000000000000000e+01 4.630000000000000000e+02 1.420000000000000000e+02
4.370000000000000000e+02 2.620000000000000000e+02 5.120000000000000000e+02 3.490000000000000000e+02
4.430000000000000000e+02 1.550000000000000000e+02 5.060000000000000000e+02 2.200000000000000000e+02
