0.000000000000000000e+00 3.360000000000000000e+02 2.900000000000000000e+01 3.850000000000000000e+02
0.000000000000000000e+00 4.670000000000000000e+02 3.000000000000000000e+01 5.110000000000000000e+02
1.000000000000000000e+00 2.280000000000000000e+02 2.400000000000000000e+01 2.780000000000000000e+02
3.100000000000000000e+01 1.590000000000000000e+02 7.000000000000000000e+01 1.960000000000000000e+02
1.230000000000000000e+02 3.940000000000000000e+02 1.780000000000000000e+02 4.410000000000000000e+02
1.460000000000000000e+02 0.000000000000000000e+00 1.960000000000000000e+02 2.400000000000000000e+01
1.750000000000000000e+02 2.770000000000000000e+02 2.580000000000000000e+02 3.720000000000000000e+02
1.870000000000000000e+02 8.700000000000000000e+01 2.940000000000000000e+02 1.870000000000000000e+02
2.180000000000000000e+02 3.830000000000000000e+02 2.790000000000000000e+02 4.360000000000000000e+02
2.330000000000000000e+02 4.780000000000000000e+02 2.900000000000000000e+02 5.100000000000000000e+02
3.000000000000000000e+02 3.100000000000000000e+01 3.470000000000000000e+02 7.600000000000000000e+01
3.190000000000000000e+02 2.220000000000000000e+02 3.780000000000000000e+02 2.710000000000000000e+02
4.210000000000000000e+02 1.890000000000000000e+02 4.700000000000000000e+02 2.320000000000000000e+02
4.470000000000000000e+02 3.300000000000000000e+02 4.880000000000000000e+02 3.690000000000000000e+02
4.870000000000000000e+02 1.010000000000000000e+02 5.120000000000000000e+02 1.430000000000000000e+02
