1.600000000000000000e+01 6.200000000000000000e+01 3.500000000000000000e+01 8.700000000000000000e+01
2.900000000000000000e+01 4.910000000000000000e+02 7.500000000000000000e+01 5.120000000000000000e+02
6.500000000000000000e+01 1.880000000000000000e+02 1.040000000000000000e+02 2.300000000000000000e+02
8.700000000000000000e+01 1.710000000000000000e+02 1.280000000000000000e+02 2.120000000000000000e+02
1.000000000000000000e+02 2.680000000000000000e+02 1.520000000000000000e+02 3.100000000000000000e+02
1.510000000000000000e+02 0.000000000000000000e+00 2.220000000000000000e+02 4.800000000000000000e+01
1.830000000000000000e+02 3.750000000000000000e+02 2.370000000000000000e+02 4.200000000000000000e+02
2.020000000000000000e+02 2.720000000000000000e+02 2.810000000000000000e+02 3.380000000000000000e+02
2.230000000000000000e+02 9.300000000000000000e+01 2.650000000000000000e+02 1.390000000000000000e+02
2.420000000000000000e+02 0.000000000000000000e+00 3.150000000000000000e+02 2.500000000000000000e+01
3.060000000000000000e+02 2.900000000000000000e+01 3.730000000000000000e+02 1.250000000000000000e+02
3.510000000000000000e+02 4.280000000000000000e+02 4.390000000000000000e+02 4.810000000000000000e+02
3.750000000000000000e+02 1.270000000000000000e+02 4.170000000000000000e+02 1.560000000000000000e+02
