0.000000000000000000e+00 1.120000000000000000e+02 1.600000000000000000e+01 1.610000000000000000e+02
0.000000000000000000e+00 1.900000000000000000e+02 6.000000000000000000e+00 2.130000000000000000e+02
5.900000000000000000e+01 1.610000000000000000e+02 1.450000000000000000e+02 2.400000000000000000e+02
7.500000000000000000e+01 1.600000000000000000e+01 1.830000000000000000e+02 1.190000000000000000e+02
1.380000000000000000e+02 4.350000000000000000e+02 1.860000000000000000e+02 4.820000000000000000e+02
1.490000000000000000e+02 1.890000000000000000e+02 2.120000000000000000e+02 2.600000000000000000e+02
2.290000000000000000e+02 0.000000000000000000e+00 2.960000000000000000e+02 6.500000000000000000e+01
2.340000000000000000e+02 2.620000000000000000e+02 3.050000000000000000e+02 3.350000000000000000e+02
2.480000000000000000e+02 1.490000000000000000e+02 2.830000000000000000e+02 1.860000000000000000e+02
2.740000000000000000e+02 5.070000000000000000e+02 2.910000000000000000e+02 5.120000000000000000e+02
2.980000000000000000e+02 4.860000000000000000e+02 3.490000000000000000e+02 5.120000000000000000e+02
3.440000000000000000e+02 0.000000000000000000e+00 4.150000000000000000e+02 5.500000000000000000e+01
3.810000000000000000e+02 2.000000000000000000e+02 4.720000000000000000e+02 2.520000000000000000e+02
3.890000000000000000e+02 3.870000000000000000e+02 4.620000000000000000e+02 4.580000000000000000e+02
4.680000000000000000e+02 4.250000000000000000e+02 5.120000000000000000e+02 4.820000000000000000e+02
