1.300000000000000000e+01 2.380000000000000000e+02 9.400000000000000000e+01 3.510000000000000000e+02
3.800000000000000000e+01 3.800000000000000000e+01 7.700000000000000000e+01 8.300000000000000000e+01
1.010000000000000000e+02 4.800000000000000000e+01 2.110000000000000000e+02 2.230000000000000000e+02
1.570000000000000000e+02 2.960000000000000000e+02 2.260000000000000000e+02 4.220000000000000000e+02
1.870000000000000000e+02 0.000000000000000000e+00 2.570000000000000000e+02 3.700000000000000000e+01
2.100000000000000000e+02 2.220000000000000000e+02 2.490000000000000000e+02 2.850000000000000000e+02
2.570000000000000000e+02 3.750000000000000000e+02 3.060000000000000000e+02 4.260000000000000000e+02
2.920000000000000000e+02 2.040000000000000000e+02 3.750000000000000000e+02 3.050000000000000000e+02
3.030000000000000000e+02 3.160000000000000000e+02 3.280000000000000000e+02 3.470000000000000000e+02
3.580000000000000000e+02 6.700000000000000000e+01 4.370000000000000000e+02 1.440000000000000000e+02
3.660000000000000000e+02 3.360000000000000000e+02 3.970000000000000000e+02 3.670000000000000000e+02
4.010000000000000000e+02 1.000000000000000000e+00 4.540000000000000000e+02 4.800000000000000000e+01
4.430000000000000000e+02 4.580000000000000000e+02 4.800000000000000000e+02 5.030000000000000000e+02
4.570000000000000000e+02 0.000000000000000000e+00 4.850000000000000000e+02 1.300000000000000000e+01
4.790000000000000000e+02 3.290000000000000000e+02 5.100000000000000000e+02 3.930000000000000000e+02
