0.000000000000000000e+00 4.940000000000000000e+02 2.900000000000000000e+01 5.100000000000000000e+02
1.000000000000000000e+00 3.190000000000000000e+02 2.500000000000000000e+01 3.650000000000000000e+02
3.800000000000000000e+01 3.800000000000000000e+01 1.150000000000000000e+02 1.070000000000000000e+02
4.500000000000000000e+01 4.070000000000000000e+02 8.200000000000000000e+01 4.500000000000000000e+02
7.500000000000000000e+01 4.800000000000000000e+02 1.380000000000000000e+02 5.110000000000000000e+02
1.040000000000000000e+02 3.820000000000000000e+02 1.890000000000000000e+02 4.570000000000000000e+02
1.070000000000000000e+02 1.030000000000000000e+02 1.580000000000000000e+02 1.600000000000000000e+02
1.470000000000000000e+02 2.020000000000000000e+02 2.030000000000000000e+02 2.940000000000000000e+02
1.580000000000000000e+02 0.000000000000000000e+00 2.510000000000000000e+02 6.700000000000000000e+01
1.890000000000000000e+02 4.450000000000000000e+02 2.140000000000000000e+02 4.740000000000000000e+02
2.540000000000000000e+02 1.000000000000000000e+00 2.830000000000000000e+02 1.400000000000000000e+01
3.230000000000000000e+02 3.390000000000000000e+02 3.900000000000000000e+02 4.060000000000000000e+02
3.490000000000000000e+02 5.800000000000000000e+01 4.320000000000000000e+02 1.450000000000000000e+02
3.510000000000000000e+02 2.100000000000000000e+02 4.140000000000000000e+02 2.910000000000000000e+02
4.760000000000000000e+02 3.780000000000000000e+02 5.060000000000000000e+02 4.350000000000000000e+02
