2.000000000000000000e+01 2.010000000000000000e+02 1.250000000000000000e+02 2.890000000000000000e+02
3.900000000000000000e+01 7.200000000000000000e+01 1.020000000000000000e+02 1.290000000000000000e+02
4.400000000000000000e+01 3.100000000000000000e+02 1.210000000000000000e+02 3.920000000000000000e+02
5.800000000000000000e+01 4.820000000000000000e+02 1.190000000000000000e+02 5.120000000000000000e+02
6.500000000000000000e+01 4.190000000000000000e+02 1.270000000000000000e+02 4.770000000000000000e+02
9.000000000000000000e+01 1.600000000000000000e+01 1.650000000000000000e+02 9.300000000000000000e+01
1.470000000000000000e+02 4.180000000000000000e+02 2.580000000000000000e+02 5.090000000000000000e+02
1.580000000000000000e+02 3.060000000000000000e+02 2.100000000000000000e+02 3.610000000000000000e+02
1.840000000000000000e+02 3.750000000000000000e+02 2.500000000000000000e+02 4.260000000000000000e+02
2.170000000000000000e+02 2.220000000000000000e+02 3.560000000000000000e+02 3.200000000000000000e+02
3.470000000000000000e+02 0.000000000000000000e+00 3.580000000000000000e+02 2.000000000000000000e+00
3.910000000000000000e+02 4.100000000000000000e+02 4.720000000000000000e+02 5.000000000000000000e+02
3.940000000000000000e+02 5.600000000000000000e+01 5.010000000000000000e+02 1.530000000000000000e+02
4.520000000000000000e+02 1.560000000000000000e+02 5.120000000000000000e+02 2.540000000000000000e+02
4.690000000000000000e+02 0.000000000000000000e+00 5.120000000000000000e+02 3.000000000000000000e+01
