0.000000000000000000e+00 2.640000000000000000e+02 4.300000000000000000e+01 3.570000000000000000e+02
3.000000000000000000e+00 0.000000000000000000e+00 8.800000000000000000e+01 6.200000000000000000e+01
1.100000000000000000e+01 3.420000000000000000e+02 9.100000000000000000e+01 4.540000000000000000e+02
6.000000000000000000e+01 5.400000000000000000e+01 1.050000000000000000e+02 1.150000000000000000e+02
1.090000000000000000e+02 3.810000000000000000e+02 1.920000000000000000e+02 5.000000000000000000e+02
1.450000000000000000e+02 1.000000000000000000e+00 2.000000000000000000e+02 2.200000000000000000e+01
1.620000000000000000e+02 2.980000000000000000e+02 2.230000000000000000e+02 3.590000000000000000e+02
1.930000000000000000e+02 2.040000000000000000e+02 2.620000000000000000e+02 2.830000000000000000e+02
2.210000000000000000e+02 1.010000000000000000e+02 2.960000000000000000e+02 1.840000000000000000e+02
2.430000000000000000e+02 3.140000000000000000e+02 3.080000000000000000e+02 3.710000000000000000e+02
3.770000000000000000e+02 0.000000000000000000e+00 4.520000000000000000e+02 5.800000000000000000e+01
3.780000000000000000e+02 7.700000000000000000e+01 4.510000000000000000e+02 1.420000000000000000e+02
4.470000000000000000e+02 2.370000000000000000e+02 5.020000000000000000e+02 3.000000000000000000e+02
