0.000000000000000000e+00 2.200000000000000000e+01 4.900000000000000000e+01 1.020000000000000000e+02
2.700000000000000000e+01 2.100000000000000000e+02 7.500000000000000000e+01 2.590000000000000000e+02
2.700000000000000000e+01 4.060000000000000000e+02 8.000000000000000000e+01 4.560000000000000000e+02
1.100000000000000000e+02 4.220000000000000000e+02 1.980000000000000000e+02 5.040000000000000000e+02
1.650000000000000000e+02 1.620000000000000000e+02 2.420000000000000000e+02 2.370000000000000000e+02
2.200000000000000000e+02 3.400000000000000000e+01 3.280000000000000000e+02 1.400000000000000000e+02
2.700000000000000000e+02 3.000000000000000000e+02 3.930000000000000000e+02 3.890000000000000000e+02
3.700000000000000000e+02 4.840000000000000000e+02 4.320000000000000000e+02 5.100000000000000000e+02
4.040000000000000000e+02 1.590000000000000000e+02 4.730000000000000000e+02 2.320000000000000000e+02
4.470000000000000000e+02 6.900000000000000000e+01 5.080000000000000000e+02 1.620000000000000000e+02
