0.000000000000000000e+00 4.790000000000000000e+02 2.200000000000000000e+01 5.120000000000000000e+02
3.500000000000000000e+01 2.930000000000000000e+02 9.000000000000000000e+01 3.520000000000000000e+02
1.110000000000000000e+02 0.000000000000000000e+00 1.720000000000000000e+02 2.900000000000000000e+01
1.790000000000000000e+02 4.400000000000000000e+01 2.260000000000000000e+02 1.010000000000000000e+02
1.850000000000000000e+02 3.400000000000000000e+02 2.320000000000000000e+02 3.930000000000000000e+02
2.030000000000000000e+02 0.000000000000000000e+00 2.340000000000000000e+02 2.400000000000000000e+01
2.740000000000000000e+02 1.950000000000000000e+02 3.370000000000000000e+02 2.760000000000000000e+02
2.860000000000000000e+02 4.100000000000000000e+02 3.470000000000000000e+02 4.710000000000000000e+02
3.150000000000000000e+02 9.200000000000000000e+01 3.680000000000000000e+02 1.510000000000000000e+02
3.640000000000000000e+02 3.060000000000000000e+02 4.190000000000000000e+02 3.730000000000000000e+02
4.470000000000000000e+02 8.400000000000000000e+01 5.000000000000000000e+02 1.450000000000000000e+02
4.520000000000000000e+02 2.110000000000000000e+02 5.120000000000000000e+02 2.900000000000000000e+02
