0.000000000000000000e+00 3.870000000000000000e+02 4.000000000000000000e+00 4.050000000000000000e+02
2.000000000000000000e+00 2.910000000000000000e+02 7.900000000000000000e+01 3.690000000000000000e+02
6.000000000000000000e+00 2.000000000000000000e+02 4.600000000000000000e+01 2.500000000000000000e+02
5.000000000000000000e+01 1.730000000000000000e+02 1.410000000000000000e+02 2.630000000000000000e+02
1.060000000000000000e+02 4.170000000000000000e+02 1.620000000000000000e+02 4.810000000000000000e+02
1.340000000000000000e+02 0.000000000000000000e+00 1.650000000000000000e+02 1.000000000000000000e+01
2.510000000000000000e+02 2.080000000000000000e+02 3.660000000000000000e+02 3.100000000000000000e+02
2.900000000000000000e+02 0.000000000000000000e+00 3.290000000000000000e+02 1.200000000000000000e+01
3.370000000000000000e+02 2.940000000000000000e+02 4.120000000000000000e+02 3.570000000000000000e+02
3.710000000000000000e+02 2.220000000000000000e+02 4.450000000000000000e+02 2.920000000000000000e+02
4.770000000000000000e+02 1.310000000000000000e+02 5.080000000000000000e+02 1.970000000000000000e+02
