0.000000000000000000e+00 1.300000000000000000e+01 6.100000000000000000e+01 1.360000000000000000e+02
0.000000000000000000e+00 1.560000000000000000e+02 3.400000000000000000e+01 2.270000000000000000e+02
0.000000000000000000e+00 3.710000000000000000e+02 9.600000000000000000e+01 4.710000000000000000e+02
4.500000000000000000e+01 2.680000000000000000e+02 9.100000000000000000e+01 3.220000000000000000e+02
5.300000000000000000e+01 2.060000000000000000e+02 1.020000000000000000e+02 2.580000000000000000e+02
1.050000000000000000e+02 2.580000000000000000e+02 1.820000000000000000e+02 3.370000000000000000e+02
1.260000000000000000e+02 1.930000000000000000e+02 1.860000000000000000e+02 2.460000000000000000e+02
1.710000000000000000e+02 4.770000000000000000e+02 2.480000000000000000e+02 5.090000000000000000e+02
2.050000000000000000e+02 5.500000000000000000e+01 2.480000000000000000e+02 1.000000000000000000e+02
2.140000000000000000e+02 1.940000000000000000e+02 2.910000000000000000e+02 2.730000000000000000e+02
2.370000000000000000e+02 3.160000000000000000e+02 2.720000000000000000e+02 3.550000000000000000e+02
2.990000000000000000e+02 7.100000000000000000e+01 3.560000000000000000e+02 1.300000000000000000e+02
3.090000000000000000e+02 3.320000000000000000e+02 3.540000000000000000e+02 3.810000000000000000e+02
3.220000000000000000e+02 4.920000000000000000e+02 3.650000000000000000e+02 5.120000000000000000e+02
3.450000000000000000e+02 1.650000000000000000e+02 4.300000000000000000e+02 2.500000000000000000e+02
3.810000000000000000e+02 3.650000000000000000e+02 4.560000000000000000e+02 4.640000000000000000e+02
4.800000000000000000e+02 4.410000000000000000e+02 5.120000000000000000e+02 5.120000000000000000e+02
4.970000000000000000e+02 3.170000000000000000e+02 5.120000000000000000e+02 3.450000000000000000e+02
