1.000000000000000000e+01 0.000000000000000000e+00 6.900000000000000000e+01 1.300000000000000000e+01
1.500000000000000000e+01 2.330000000000000000e+02 9.800000000000000000e+01 3.580000000000000000e+02
4.200000000000000000e+01 4.890000000000000000e+02 1.070000000000000000e+02 5.120000000000000000e+02
9.600000000000000000e+01 3.990000000000000000e+02 1.630000000000000000e+02 4.620000000000000000e+02
1.150000000000000000e+02 1.830000000000000000e+02 1.880000000000000000e+02 2.540000000000000000e+02
1.650000000000000000e+02 2.960000000000000000e+02 2.380000000000000000e+02 3.650000000000000000e+02
2.600000000000000000e+02 1.100000000000000000e+02 3.230000000000000000e+02 1.710000000000000000e+02
3.700000000000000000e+02 3.520000000000000000e+02 4.250000000000000000e+02 4.150000000000000000e+02
4.330000000000000000e+02 3.430000000000000000e+02 4.860000000000000000e+02 4.000000000000000000e+02
4.740000000000000000e+02 2.930000000000000000e+02 5.120000000000000000e+02 3.580000000000000000e+02
