1.000000000000000000e+00 2.700000000000000000e+02 7.600000000000000000e+01 3.560000000000000000e+02
2.000000000000000000e+00 1.210000000000000000e+02 6.300000000000000000e+01 1.930000000000000000e+02
7.600000000000000000e+01 3.190000000000000000e+02 2.030000000000000000e+02 4.290000000000000000e+02
8.000000000000000000e+01 9.400000000000000000e+01 1.250000000000000000e+02 1.490000000000000000e+02
8.000000000000000000e+01 2.160000000000000000e+02 1.410000000000000000e+02 2.810000000000000000e+02
1.090000000000000000e+02 4.290000000000000000e+02 1.750000000000000000e+02 5.120000000000000000e+02
1.460000000000000000e+02 1.270000000000000000e+02 2.070000000000000000e+02 1.900000000000000000e+02
2.260000000000000000e+02 1.940000000000000000e+02 2.910000000000000000e+02 2.570000000000000000e+02
2.700000000000000000e+02 4.200000000000000000e+02 3.650000000000000000e+02 5.120000000000000000e+02
2.920000000000000000e+02 1.040000000000000000e+02 3.730000000000000000e+02 1.910000000000000000e+02
3.920000000000000000e+02 2.570000000000000000e+02 4.510000000000000000e+02 3.080000000000000000e+02
3.990000000000000000e+02 3.300000000000000000e+01 4.600000000000000000e+02 1.120000000000000000e+02
4.530000000000000000e+02 1.200000000000000000e+01 5.070000000000000000e+02 9.600000000000000000e+01
