0.000000000000000000e+00 0.000000000000000000e+00 1.400000000000000000e+01 1.300000000000000000e+01
0.000000000000000000e+00 3.800000000000000000e+01 5.800000000000000000e+01 1.170000000000000000e+02
4.700000000000000000e+01 2.230000000000000000e+02 1.350000000000000000e+02 3.160000000000000000e+02
9.300000000000000000e+01 0.000000000000000000e+00 1.040000000000000000e+02 4.000000000000000000e+00
1.200000000000000000e+02 0.000000000000000000e+00 1.710000000000000000e+02 1.900000000000000000e+01
1.440000000000000000e+02 5.700000000000000000e+01 2.230000000000000000e+02 1.320000000000000000e+02
1.590000000000000000e+02 4.330000000000000000e+02 2.340000000000000000e+02 5.120000000000000000e+02
1.940000000000000000e+02 0.000000000000000000e+00 2.630000000000000000e+02 4.700000000000000000e+01
1.980000000000000000e+02 1.620000000000000000e+02 2.560000000000000000e+02 2.220000000000000000e+02
2.220000000000000000e+02 2.330000000000000000e+02 3.380000000000000000e+02 4.250000000000000000e+02
2.610000000000000000e+02 1.020000000000000000e+02 3.490000000000000000e+02 1.840000000000000000e+02
2.750000000000000000e+02 2.000000000000000000e+00 3.280000000000000000e+02 6.600000000000000000e+01
3.500000000000000000e+02 7.700000000000000000e+01 3.530000000000000000e+02 7.900000000000000000e+01
4.010000000000000000e+02 4.650000000000000000e+02 4.850000000000000000e+02 5.120000000000000000e+02
4.120000000000000000e+02 0.000000000000000000e+00 4.810000000000000000e+02 9.700000000000000000e+01
4.450000000000000000e+02 7.500000000000000000e+01 5.120000000000000000e+02 1.500000000000000000e+02
