0.000000000000000000e+00 9.000000000000000000e+00 6.500000000000000000e+01 9.400000000000000000e+01
0.000000000000000000e+00 4.090000000000000000e+02 2.000000000000000000e+00 4.200000000000000000e+02
6.700000000000000000e+01 1.290000000000000000e+02 1.020000000000000000e+02 1.640000000000000000e+02
7.000000000000000000e+01 4.260000000000000000e+02 1.280000000000000000e+02 4.820000000000000000e+02
1.530000000000000000e+02 3.690000000000000000e+02 2.090000000000000000e+02 4.230000000000000000e+02
1.730000000000000000e+02 2.180000000000000000e+02 2.190000000000000000e+02 2.630000000000000000e+02
2.010000000000000000e+02 4.320000000000000000e+02 2.620000000000000000e+02 4.940000000000000000e+02
2.060000000000000000e+02 3.050000000000000000e+02 2.560000000000000000e+02 3.510000000000000000e+02
2.630000000000000000e+02 2.870000000000000000e+02 3.320000000000000000e+02 3.550000000000000000e+02
2.740000000000000000e+02 3.000000000000000000e+01 3.610000000000000000e+02 1.950000000000000000e+02
2.960000000000000000e+02 0.000000000000000000e+00 3.260000000000000000e+02 1.300000000000000000e+01
3.510000000000000000e+02 0.000000000000000000e+00 4.580000000000000000e+02 4.300000000000000000e+01
3.930000000000000000e+02 2.060000000000000000e+02 5.120000000000000000e+02 3.950000000000000000e+02
