1.000000000000000000e+00 4.500000000000000000e+01 8.200000000000000000e+01 1.320000000000000000e+02
5.000000000000000000e+00 3.910000000000000000e+02 5.800000000000000000e+01 4.360000000000000000e+02
7.700000000000000000e+01 3.210000000000000000e+02 1.310000000000000000e+02 3.780000000000000000e+02
1.690000000000000000e+02 4.220000000000000000e+02 2.230000000000000000e+02 4.570000000000000000e+02
1.750000000000000000e+02 4.840000000000000000e+02 2.350000000000000000e+02 5.120000000000000000e+02
1.860000000000000000e+02 9.600000000000000000e+01 2.400000000000000000e+02 1.510000000000000000e+02
2.130000000000000000e+02 0.000000000000000000e+00 2.720000000000000000e+02 3.500000000000000000e+01
2.810000000000000000e+02 0.000000000000000000e+00 3.150000000000000000e+02 4.800000000000000000e+01
2.890000000000000000e+02 1.060000000000000000e+02 3.190000000000000000e+02 1.530000000000000000e+02
3.040000000000000000e+02 3.680000000000000000e+02 3.630000000000000000e+02 4.300000000000000000e+02
3.190000000000000000e+02 5.000000000000000000e+00 3.800000000000000000e+02 5.800000000000000000e+01
3.290000000000000000e+02 2.890000000000000000e+02 3.670000000000000000e+02 3.330000000000000000e+02
3.450000000000000000e+02 9.300000000000000000e+01 4.090000000000000000e+02 1.770000000000000000e+02
3.600000000000000000e+02 4.660000000000000000e+02 4.120000000000000000e+02 5.120000000000000000e+02
3.790000000000000000e+02 2.770000000000000000e+02 4.270000000000000000e+02 3.070000000000000000e+02
3.820000000000000000e+02 3.290000000000000000e+02 4.440000000000000000e+02 3.840000000000000000e+02
4.140000000000000000e+02 1.910000000000000000e+02 4.760000000000000000e+02 2.570000000000000000e+02
4.780000000000000000e+02 2.630000000000000000e+02 5.050000000000000000e+02 3.340000000000000000e+02
