0.000000000000000000e+00 2.560000000000000000e+02 8.000000000000000000e+00 2.870000000000000000e+02
0.000000000000000000e+00 4.430000000000000000e+02 1.500000000000000000e+01 4.830000000000000000e+02
4.000000000000000000e+00 2.030000000000000000e+02 9.000000000000000000e+01 2.920000000000000000e+02
1.700000000000000000e+01 4.120000000000000000e+02 8.600000000000000000e+01 4.730000000000000000e+02
2.900000000000000000e+01 9.400000000000000000e+01 1.150000000000000000e+02 1.760000000000000000e+02
9.500000000000000000e+01 3.820000000000000000e+02 2.240000000000000000e+02 4.790000000000000000e+02
1.200000000000000000e+02 1.700000000000000000e+02 1.950000000000000000e+02 2.860000000000000000e+02
1.620000000000000000e+02 8.900000000000000000e+01 2.310000000000000000e+02 1.590000000000000000e+02
1.820000000000000000e+02 0.000000000000000000e+00 2.530000000000000000e+02 4.000000000000000000e+01
2.290000000000000000e+02 1.420000000000000000e+02 3.440000000000000000e+02 3.800000000000000000e+02
2.330000000000000000e+02 6.500000000000000000e+01 2.850000000000000000e+02 1.230000000000000000e+02
2.690000000000000000e+02 4.050000000000000000e+02 3.340000000000000000e+02 4.730000000000000000e+02
2.810000000000000000e+02 0.000000000000000000e+00 3.680000000000000000e+02 7.200000000000000000e+01
3.380000000000000000e+02 5.060000000000000000e+02 3.620000000000000000e+02 5.120000000000000000e+02
3.680000000000000000e+02 4.120000000000000000e+02 4.310000000000000000e+02 4.820000000000000000e+02
4.660000000000000000e+02 4.110000000000000000e+02 5.120000000000000000e+02 4.710000000000000000e+02
