0.000000000000000000e+00 4.000000000000000000e+00 4.500000000000000000e+01 5.700000000000000000e+01
0.000000000000000000e+00 1.770000000000000000e+02 2.100000000000000000e+01 2.200000000000000000e+02
0.000000000000000000e+00 4.060000000000000000e+02 6.600000000000000000e+01 4.840000000000000000e+02
6.000000000000000000e+00 3.040000000000000000e+02 6.500000000000000000e+01 3.620000000000000000e+02
1.700000000000000000e+01 1.700000000000000000e+02 8.800000000000000000e+01 2.310000000000000000e+02
5.300000000000000000e+01 1.950000000000000000e+02 1.230000000000000000e+02 2.670000000000000000e+02
9.600000000000000000e+01 6.000000000000000000e+00 1.800000000000000000e+02 8.800000000000000000e+01
1.010000000000000000e+02 3.440000000000000000e+02 1.550000000000000000e+02 3.990000000000000000e+02
1.220000000000000000e+02 4.260000000000000000e+02 1.990000000000000000e+02 5.120000000000000000e+02
1.410000000000000000e+02 2.070000000000000000e+02 2.280000000000000000e+02 2.970000000000000000e+02
1.730000000000000000e+02 5.300000000000000000e+01 2.390000000000000000e+02 1.290000000000000000e+02
2.370000000000000000e+02 2.910000000000000000e+02 3.230000000000000000e+02 3.730000000000000000e+02
3.060000000000000000e+02 6.900000000000000000e+01 3.850000000000000000e+02 1.480000000000000000e+02
4.040000000000000000e+02 0.000000000000000000e+00 4.670000000000000000e+02 2.600000000000000000e+01
4.240000000000000000e+02 3.460000000000000000e+02 5.120000000000000000e+02 4.380000000000000000e+02
4.490000000000000000e+02 2.330000000000000000e+02 5.060000000000000000e+02 2.820000000000000000e+02
4.900000000000000000e+02 0.000000000000000000e+00 5.120000000000000000e+02 8.000000000000000000e+00
5.020000000000000000e+02 1.910000000000000000e+02 5.120000000000000000e+02 2.220000000000000000e+02
