1.200000000000000000e+01 0.000000000000000000e+00 1.040000000000000000e+02 6.200000000000000000e+01
3.000000000000000000e+01 7.600000000000000000e+01 6.700000000000000000e+01 1.190000000000000000e+02
6.000000000000000000e+01 3.790000000000000000e+02 1.190000000000000000e+02 4.490000000000000000e+02
6.500000000000000000e+01 1.510000000000000000e+02 1.640000000000000000e+02 2.170000000000000000e+02
1.100000000000000000e+02 3.780000000000000000e+02 1.460000000000000000e+02 4.150000000000000000e+02
1.570000000000000000e+02 1.070000000000000000e+02 2.180000000000000000e+02 1.610000000000000000e+02
1.790000000000000000e+02 0.000000000000000000e+00 2.350000000000000000e+02 2.600000000000000000e+01
2.120000000000000000e+02 4.110000000000000000e+02 3.110000000000000000e+02 5.080000000000000000e+02
2.240000000000000000e+02 3.020000000000000000e+02 2.820000000000000000e+02 3.560000000000000000e+02
3.800000000000000000e+02 4.460000000000000000e+02 4.500000000000000000e+02 5.100000000000000000e+02
4.030000000000000000e+02 2.960000000000000000e+02 4.530000000000000000e+02 3.490000000000000000e+02
4.060000000000000000e+02 1.520000000000000000e+02 4.560000000000000000e+02 2.020000000000000000e+02
4.090000000000000000e+02 3.200000000000000000e+01 4.950000000000000000e+02 1.020000000000000000e+02
