0.000000000000000000e+00 1.870000000000000000e+02 1.200000000000000000e+01 2.040000000000000000e+02
4.500000000000000000e+01 3.540000000000000000e+02 7.100000000000000000e+01 3.720000000000000000e+02
5.300000000000000000e+01 3.750000000000000000e+02 1.360000000000000000e+02 4.670000000000000000e+02
1.270000000000000000e+02 4.750000000000000000e+02 1.660000000000000000e+02 5.120000000000000000e+02
1.470000000000000000e+02 3.570000000000000000e+02 1.620000000000000000e+02 3.760000000000000000e+02
1.480000000000000000e+02 5.000000000000000000e+01 2.100000000000000000e+02 7.700000000000000000e+01
1.590000000000000000e+02 4.150000000000000000e+02 1.740000000000000000e+02 4.380000000000000000e+02
1.760000000000000000e+02 0.000000000000000000e+00 2.530000000000000000e+02 4.700000000000000000e+01
2.050000000000000000e+02 3.230000000000000000e+02 2.840000000000000000e+02 3.990000000000000000e+02
2.190000000000000000e+02 1.450000000000000000e+02 2.710000000000000000e+02 1.980000000000000000e+02
2.400000000000000000e+02 2.300000000000000000e+02 2.760000000000000000e+02 2.450000000000000000e+02
2.540000000000000000e+02 2.940000000000000000e+02 2.970000000000000000e+02 3.180000000000000000e+02
2.620000000000000000e+02 2.610000000000000000e+02 2.980000000000000000e+02 2.850000000000000000e+02
2.680000000000000000e+02 1.790000000000000000e+02 2.970000000000000000e+02 2.170000000000000000e+02
2.720000000000000000e+02 4.250000000000000000e+02 3.280000000000000000e+02 4.620000000000000000e+02
2.860000000000000000e+02 1.500000000000000000e+02 3.130000000000000000e+02 1.760000000000000000e+02
3.030000000000000000e+02 2.280000000000000000e+02 3.540000000000000000e+02 2.750000000000000000e+02
3.100000000000000000e+02 3.970000000000000000e+02 3.440000000000000000e+02 4.410000000000000000e+02
3.340000000000000000e+02 1.690000000000000000e+02 3.640000000000000000e+02 2.140000000000000000e+02
3.610000000000000000e+02 4.950000000000000000e+02 3.780000000000000000e+02 5.120000000000000000e+02
3.780000000000000000e+02 4.360000000000000000e+02 4.040000000000000000e+02 4.580000000000000000e+02
4.150000000000000000e+02 0.000000000000000000e+00 4.320000000000000000e+02 2.000000000000000000e+00
4.180000000000000000e+02 6.900000000000000000e+01 4.620000000000000000e+02 1.420000000000000000e+02
4.380000000000000000e+02 4.620000000000000000e+02 4.750000000000000000e+02 5.000000000000000000e+02
4.510000000000000000e+02 3.390000000000000000e+02 4.760000000000000000e+02 3.570000000000000000e+02
4.720000000000000000e+02 7.900000000000000000e+01 4.960000000000000000e+02 1.190000000000000000e+02
5.010000000000000000e+02 1.000000000000000000e+02 5.120000000000000000e+02 1.410000000000000000e+02
