0.000000000000000000e+00 0.000000000000000000e+00 8.000000000000000000e+00 2.000000000000000000e+00
0.000000000000000000e+00 2.060000000000000000e+02 6.000000000000000000e+01 2.800000000000000000e+02
0.000000000000000000e+00 3.440000000000000000e+02 2.800000000000000000e+01 3.910000000000000000e+02
0.000000000000000000e+00 4.560000000000000000e+02 5.400000000000000000e+01 5.120000000000000000e+02
1.700000000000000000e+01 7.000000000000000000e+00 6.500000000000000000e+01 5.400000000000000000e+01
3.200000000000000000e+01 7.300000000000000000e+01 8.800000000000000000e+01 1.220000000000000000e+02
6.800000000000000000e+01 1.090000000000000000e+02 1.300000000000000000e+02 1.750000000000000000e+02
6.900000000000000000e+01 3.740000000000000000e+02 1.340000000000000000e+02 4.260000000000000000e+02
1.530000000000000000e+02 3.580000000000000000e+02 1.930000000000000000e+02 3.960000000000000000e+02
1.750000000000000000e+02 1.920000000000000000e+02 2.380000000000000000e+02 2.700000000000000000e+02
2.140000000000000000e+02 4.500000000000000000e+02 2.700000000000000000e+02 5.120000000000000000e+02
2.590000000000000000e+02 3.260000000000000000e+02 3.200000000000000000e+02 3.940000000000000000e+02
3.050000000000000000e+02 9.000000000000000000e+00 3.510000000000000000e+02 5.800000000000000000e+01
3.320000000000000000e+02 3.170000000000000000e+02 3.650000000000000000e+02 3.520000000000000000e+02
4.030000000000000000e+02 1.760000000000000000e+02 4.510000000000000000e+02 2.200000000000000000e+02
4.430000000000000000e+02 1.270000000000000000e+02 5.010000000000000000e+02 1.910000000000000000e+02
4.490000000000000000e+02 0.000000000000000000e+00 5.000000000000000000e+02 3.500000000000000000e+01
4.670000000000000000e+02 4.520000000000000000e+02 5.120000000000000000e+02 5.090000000000000000e+02
