0.000000000000000000e+00 0.000000000000000000e+00 4.200000000000000000e+01 3.100000000000000000e+01
0.000000000000000000e+00 3.310000000000000000e+02 3.800000000000000000e+01 3.850000000000000000e+02
2.300000000000000000e+01 2.070000000000000000e+02 9.400000000000000000e+01 2.850000000000000000e+02
6.200000000000000000e+01 4.190000000000000000e+02 1.060000000000000000e+02 4.630000000000000000e+02
8.400000000000000000e+01 0.000000000000000000e+00 1.480000000000000000e+02 6.200000000000000000e+01
2.040000000000000000e+02 1.200000000000000000e+02 2.440000000000000000e+02 1.750000000000000000e+02
2.060000000000000000e+02 8.900000000000000000e+01 2.590000000000000000e+02 1.260000000000000000e+02
2.190000000000000000e+02 2.820000000000000000e+02 2.510000000000000000e+02 3.110000000000000000e+02
2.520000000000000000e+02 3.920000000000000000e+02 3.300000000000000000e+02 4.600000000000000000e+02
2.780000000000000000e+02 2.430000000000000000e+02 3.480000000000000000e+02 3.070000000000000000e+02
2.930000000000000000e+02 3.270000000000000000e+02 3.050000000000000000e+02 3.360000000000000000e+02
3.070000000000000000e+02 3.490000000000000000e+02 3.560000000000000000e+02 3.780000000000000000e+02
3.280000000000000000e+02 3.750000000000000000e+02 3.610000000000000000e+02 3.990000000000000000e+02
4.360000000000000000e+02 0.000000000000000000e+00 5.120000000000000000e+02 7.500000000000000000e+01
4.830000000000000000e+02 4.910000000000000000e+02 5.120000000000000000e+02 5.120000000000000000e+02
4.900000000000000000e+02 7.900000000000000000e+01 5.120000000000000000e+02 1.110000000000000000e+02
