0.000000000000000000e+00 1.730000000000000000e+02 3.300000000000000000e+01 2.180000000000000000e+02
2.900000000000000000e+01 0.000000000000000000e+00 7.000000000000000000e+01 5.000000000000000000e+00
1.040000000000000000e+02 7.400000000000000000e+01 1.770000000000000000e+02 1.430000000000000000e+02
1.450000000000000000e+02 4.470000000000000000e+02 2.010000000000000000e+02 5.040000000000000000e+02
1.720000000000000000e+02 0.000000000000000000e+00 2.340000000000000000e+02 4.100000000000000000e+01
2.160000000000000000e+02 3.780000000000000000e+02 2.590000000000000000e+02 4.310000000000000000e+02
2.730000000000000000e+02 2.010000000000000000e+02 3.200000000000000000e+02 2.530000000000000000e+02
2.770000000000000000e+02 4.760000000000000000e+02 2.990000000000000000e+02 5.080000000000000000e+02
2.900000000000000000e+02 1.480000000000000000e+02 3.130000000000000000e+02 1.690000000000000000e+02
3.030000000000000000e+02 2.820000000000000000e+02 3.490000000000000000e+02 3.310000000000000000e+02
3.730000000000000000e+02 4.780000000000000000e+02 3.890000000000000000e+02 4.950000000000000000e+02
3.770000000000000000e+02 1.410000000000000000e+02 4.360000000000000000e+02 2.120000000000000000e+02
3.800000000000000000e+02 2.200000000000000000e+01 4.190000000000000000e+02 7.100000000000000000e+01
4.150000000000000000e+02 1.080000000000000000e+02 4.500000000000000000e+02 1.320000000000000000e+02
4.280000000000000000e+02 3.810000000000000000e+02 4.860000000000000000e+02 4.360000000000000000e+02
4.540000000000000000e+02 3.200000000000000000e+02 4.840000000000000000e+02 3.440000000000000000e+02
4.700000000000000000e+02 4.350000000000000000e+02 5.120000000000000000e+02 5.120000000000000000e+02
4.980000000000000000e+02 1.330000000000000000e+02 5.120000000000000000e+02 1.970000000000000000e+02
