0.000000000000000000e+00 1.100000000000000000e+02 4.000000000000000000e+00 1.310000000000000000e+02
3.600000000000000000e+01 0.000000000000000000e+00 2.330000000000000000e+02 9.100000000000000000e+01
4.300000000000000000e+01 1.580000000000000000e+02 1.020000000000000000e+02 2.200000000000000000e+02
4.300000000000000000e+01 2.460000000000000000e+02 6.400000000000000000e+01 2.790000000000000000e+02
6.100000000000000000e+01 4.780000000000000000e+02 1.250000000000000000e+02 5.120000000000000000e+02
1.390000000000000000e+02 1.920000000000000000e+02 1.840000000000000000e+02 2.270000000000000000e+02
1.770000000000000000e+02 4.030000000000000000e+02 2.340000000000000000e+02 4.610000000000000000e+02
3.050000000000000000e+02 3.830000000000000000e+02 4.080000000000000000e+02 4.840000000000000000e+02
3.120000000000000000e+02 0.000000000000000000e+00 3.580000000000000000e+02 3.100000000000000000e+01
3.490000000000000000e+02 2.390000000000000000e+02 4.310000000000000000e+02 3.140000000000000000e+02
3.740000000000000000e+02 1.880000000000000000e+02 4.170000000000000000e+02 2.300000000000000000e+02
3.890000000000000000e+02 4.800000000000000000e+01 4.300000000000000000e+02 9.300000000000000000e+01
4.360000000000000000e+02 2.000000000000000000e+01 4.820000000000000000e+02 6.500000000000000000e+01
4.360000000000000000e+02 1.380000000000000000e+02 5.120000000000000000e+02 2.290000000000000000e+02
4.560000000000000000e+02 3.610000000000000000e+02 5.120000000000000000e+02 4.230000000000000000e+02
