0.000000000000000000e+00 0.000000000000000000e+00 1.700000000000000000e+01 1.100000000000000000e+01
0.000000000000000000e+00 3.600000000000000000e+01 1.400000000000000000e+01 7.200000000000000000e+01
0.000000000000000000e+00 1.830000000000000000e+02 4.900000000000000000e+01 2.360000000000000000e+02
1.100000000000000000e+01 9.500000000000000000e+01 7.100000000000000000e+01 1.610000000000000000e+02
4.900000000000000000e+01 0.000000000000000000e+00 1.340000000000000000e+02 7.400000000000000000e+01
5.000000000000000000e+01 3.360000000000000000e+02 1.090000000000000000e+02 4.010000000000000000e+02
8.400000000000000000e+01 1.440000000000000000e+02 1.480000000000000000e+02 2.180000000000000000e+02
8.400000000000000000e+01 2.660000000000000000e+02 1.400000000000000000e+02 3.260000000000000000e+02
1.680000000000000000e+02 4.880000000000000000e+02 2.310000000000000000e+02 5.120000000000000000e+02
1.950000000000000000e+02 3.230000000000000000e+02 2.690000000000000000e+02 4.300000000000000000e+02
2.040000000000000000e+02 2.640000000000000000e+02 2.640000000000000000e+02 3.170000000000000000e+02
2.120000000000000000e+02 1.130000000000000000e+02 2.700000000000000000e+02 1.720000000000000000e+02
2.340000000000000000e+02 2.000000000000000000e+02 3.190000000000000000e+02 2.820000000000000000e+02
2.750000000000000000e+02 3.720000000000000000e+02 3.730000000000000000e+02 4.670000000000000000e+02
3.690000000000000000e+02 4.730000000000000000e+02 4.250000000000000000e+02 5.120000000000000000e+02
3.810000000000000000e+02 9.000000000000000000e+01 4.630000000000000000e+02 1.560000000000000000e+02
3.830000000000000000e+02 1.700000000000000000e+02 4.640000000000000000e+02 2.510000000000000000e+02
4.070000000000000000e+02 3.770000000000000000e+02 4.640000000000000000e+02 4.280000000000000000e+02
4.180000000000000000e+02 0.000000000000000000e+00 4.920000000000000000e+02 9.100000000000000000e+01
4.460000000000000000e+02 4.610000000000000000e+02 5.120000000000000000e+02 5.120000000000000000e+02
4.790000000000000000e+02 3.670000000000000000e+02 5.120000000000000000e+02 4.350000000000000000e+02
