0.000000000000000000e+00 3.100000000000000000e+02 1.200000000000000000e+01 3.250000000000000000e+02
1.300000000000000000e+01 3.660000000000000000e+02 5.900000000000000000e+01 4.100000000000000000e+02
1.020000000000000000e+02 4.800000000000000000e+02 1.250000000000000000e+02 4.960000000000000000e+02
1.700000000000000000e+02 4.090000000000000000e+02 2.200000000000000000e+02 4.470000000000000000e+02
1.810000000000000000e+02 0.000000000000000000e+00 2.320000000000000000e+02 4.500000000000000000e+01
1.870000000000000000e+02 2.750000000000000000e+02 2.330000000000000000e+02 3.260000000000000000e+02
2.100000000000000000e+02 4.310000000000000000e+02 2.400000000000000000e+02 4.640000000000000000e+02
2.110000000000000000e+02 4.650000000000000000e+02 2.680000000000000000e+02 4.960000000000000000e+02
2.130000000000000000e+02 0.000000000000000000e+00 2.550000000000000000e+02 1.300000000000000000e+01
2.790000000000000000e+02 4.780000000000000000e+02 3.180000000000000000e+02 5.120000000000000000e+02
3.300000000000000000e+02 4.050000000000000000e+02 3.730000000000000000e+02 4.560000000000000000e+02
3.390000000000000000e+02 1.570000000000000000e+02 3.900000000000000000e+02 2.050000000000000000e+02
3.990000000000000000e+02 3.400000000000000000e+01 4.290000000000000000e+02 7.600000000000000000e+01
4.110000000000000000e+02 2.180000000000000000e+02 4.590000000000000000e+02 2.940000000000000000e+02
4.370000000000000000e+02 2.340000000000000000e+02 4.990000000000000000e+02 3.170000000000000000e+02
4.400000000000000000e+02 6.200000000000000000e+01 4.780000000000000000e+02 1.150000000000000000e+02
5.070000000000000000e+02 1.650000000000000000e+02 5.120000000000000000e+02 1.860000000000000000e+02
