2.000000000000000000e+00 4.340000000000000000e+02 3.700000000000000000e+01 4.930000000000000000e+02
2.400000000000000000e+01 2.000000000000000000e+00 1.010000000000000000e+02 6.500000000000000000e+01
3.000000000000000000e+01 1.210000000000000000e+02 9.700000000000000000e+01 1.680000000000000000e+02
8.700000000000000000e+01 4.320000000000000000e+02 1.400000000000000000e+02 4.850000000000000000e+02
1.510000000000000000e+02 1.670000000000000000e+02 2.200000000000000000e+02 2.340000000000000000e+02
2.460000000000000000e+02 3.300000000000000000e+01 3.010000000000000000e+02 7.200000000000000000e+01
2.950000000000000000e+02 2.140000000000000000e+02 3.560000000000000000e+02 2.570000000000000000e+02
2.980000000000000000e+02 4.720000000000000000e+02 3.580000000000000000e+02 5.110000000000000000e+02
3.260000000000000000e+02 3.230000000000000000e+02 3.790000000000000000e+02 4.050000000000000000e+02
3.820000000000000000e+02 0.000000000000000000e+00 4.490000000000000000e+02 4.600000000000000000e+01
4.350000000000000000e+02 3.940000000000000000e+02 4.660000000000000000e+02 4.350000000000000000e+02
