0.000000000000000000e+00 0.000000000000000000e+00 4.600000000000000000e+01 5.200000000000000000e+01
0.000000000000000000e+00 4.440000000000000000e+02 6.200000000000000000e+01 5.120000000000000000e+02
6.300000000000000000e+01 7.400000000000000000e+01 1.380000000000000000e+02 1.470000000000000000e+02
7.300000000000000000e+01 6.000000000000000000e+00 1.280000000000000000e+02 6.100000000000000000e+01
7.900000000000000000e+01 3.040000000000000000e+02 1.940000000000000000e+02 4.190000000000000000e+02
1.330000000000000000e+02 4.400000000000000000e+02 1.940000000000000000e+02 5.090000000000000000e+02
1.350000000000000000e+02 9.700000000000000000e+01 2.370000000000000000e+02 2.020000000000000000e+02
1.950000000000000000e+02 3.500000000000000000e+01 2.540000000000000000e+02 9.400000000000000000e+01
2.140000000000000000e+02 3.830000000000000000e+02 3.070000000000000000e+02 4.990000000000000000e+02
2.430000000000000000e+02 4.900000000000000000e+01 3.830000000000000000e+02 1.730000000000000000e+02
3.090000000000000000e+02 2.410000000000000000e+02 3.800000000000000000e+02 3.200000000000000000e+02
3.260000000000000000e+02 3.520000000000000000e+02 3.810000000000000000e+02 4.090000000000000000e+02
3.870000000000000000e+02 7.600000000000000000e+01 4.560000000000000000e+02 1.410000000000000000e+02
4.020000000000000000e+02 2.120000000000000000e+02 4.970000000000000000e+02 3.110000000000000000e+02
4.320000000000000000e+02 1.600000000000000000e+01 4.930000000000000000e+02 7.700000000000000000e+01
4.330000000000000000e+02 3.930000000000000000e+02 5.120000000000000000e+02 4.880000000000000000e+02
4.670000000000000000e+02 3.300000000000000000e+02 5.120000000000000000e+02 3.930000000000000000e+02
