0.000000000000000000e+00 4.900000000000000000e+01 1.800000000000000000e+01 9.800000000000000000e+01
0.000000000000000000e+00 4.480000000000000000e+02 1.100000000000000000e+01 4.770000000000000000e+02
2.800000000000000000e+01 2.160000000000000000e+02 9.200000000000000000e+01 2.860000000000000000e+02
6.500000000000000000e+01 1.020000000000000000e+02 1.430000000000000000e+02 1.950000000000000000e+02
7.700000000000000000e+01 3.780000000000000000e+02 1.310000000000000000e+02 4.370000000000000000e+02
1.290000000000000000e+02 2.560000000000000000e+02 1.790000000000000000e+02 3.050000000000000000e+02
1.450000000000000000e+02 5.300000000000000000e+01 2.090000000000000000e+02 1.290000000000000000e+02
2.000000000000000000e+02 2.140000000000000000e+02 2.490000000000000000e+02 2.670000000000000000e+02
2.310000000000000000e+02 3.220000000000000000e+02 2.730000000000000000e+02 3.660000000000000000e+02
2.380000000000000000e+02 4.060000000000000000e+02 3.150000000000000000e+02 5.080000000000000000e+02
2.670000000000000000e+02 3.800000000000000000e+01 3.430000000000000000e+02 1.190000000000000000e+02
3.980000000000000000e+02 1.850000000000000000e+02 4.390000000000000000e+02 2.280000000000000000e+02
4.350000000000000000e+02 4.300000000000000000e+01 4.700000000000000000e+02 7.600000000000000000e+01
4.440000000000000000e+02 1.500000000000000000e+02 5.120000000000000000e+02 2.220000000000000000e+02
4.690000000000000000e+02 3.870000000000000000e+02 5.120000000000000000e+02 4.390000000000000000e+02
4.960000000000000000e+02 5.020000000000000000e+02 5.120000000000000000e+02 5.120000000000000000e+02
