0.000000000000000000e+00 1.940000000000000000e+02 1.080000000000000000e+02 3.270000000000000000e+02
5.000000000000000000e+00 4.600000000000000000e+01 8.400000000000000000e+01 1.230000000000000000e+02
1.000000000000000000e+02 4.340000000000000000e+02 2.530000000000000000e+02 5.120000000000000000e+02
1.150000000000000000e+02 3.100000000000000000e+02 1.760000000000000000e+02 3.710000000000000000e+02
1.330000000000000000e+02 1.890000000000000000e+02 1.860000000000000000e+02 2.480000000000000000e+02
1.830000000000000000e+02 2.810000000000000000e+02 2.440000000000000000e+02 3.360000000000000000e+02
2.440000000000000000e+02 1.290000000000000000e+02 3.340000000000000000e+02 2.120000000000000000e+02
2.730000000000000000e+02 4.610000000000000000e+02 3.610000000000000000e+02 5.120000000000000000e+02
3.420000000000000000e+02 1.870000000000000000e+02 3.970000000000000000e+02 2.420000000000000000e+02
3.800000000000000000e+02 1.000000000000000000e+00 4.230000000000000000e+02 3.000000000000000000e+01
4.030000000000000000e+02 1.000000000000000000e+00 5.110000000000000000e+02 1.170000000000000000e+02
4.320000000000000000e+02 1.220000000000000000e+02 4.790000000000000000e+02 1.830000000000000000e+02
4.430000000000000000e+02 2.060000000000000000e+02 5.120000000000000000e+02 3.170000000000000000e+02
4.810000000000000000e+02 3.760000000000000000e+02 5.100000000000000000e+02 4.520000000000000000e+02
