1.300000000000000000e+01 1.330000000000000000e+02 1.510000000000000000e+02 2.950000000000000000e+02
1.600000000000000000e+01 3.720000000000000000e+02 6.300000000000000000e+01 4.200000000000000000e+02
6.000000000000000000e+01 2.990000000000000000e+02 1.390000000000000000e+02 3.830000000000000000e+02
1.240000000000000000e+02 4.190000000000000000e+02 1.960000000000000000e+02 4.840000000000000000e+02
1.630000000000000000e+02 1.220000000000000000e+02 2.160000000000000000e+02 1.750000000000000000e+02
2.090000000000000000e+02 4.500000000000000000e+01 3.140000000000000000e+02 1.510000000000000000e+02
2.280000000000000000e+02 3.960000000000000000e+02 3.170000000000000000e+02 4.850000000000000000e+02
2.360000000000000000e+02 2.900000000000000000e+02 3.340000000000000000e+02 3.770000000000000000e+02
3.570000000000000000e+02 2.700000000000000000e+02 4.020000000000000000e+02 3.130000000000000000e+02
3.760000000000000000e+02 4.700000000000000000e+02 4.180000000000000000e+02 5.120000000000000000e+02
4.090000000000000000e+02 5.600000000000000000e+01 5.010000000000000000e+02 1.190000000000000000e+02
4.210000000000000000e+02 2.160000000000000000e+02 4.860000000000000000e+02 2.860000000000000000e+02
4.370000000000000000e+02 3.750000000000000000e+02 4.950000000000000000e+02 4.310000000000000000e+02
4.940000000000000000e+02 1.290000000000000000e+02 5.120000000000000000e+02 1.850000000000000000e+02
