4.000000000000000000e+00 2.000000000000000000e+00 7.300000000000000000e+01 7.800000000000000000e+01
8.300000000000000000e+01 2.420000000000000000e+02 1.420000000000000000e+02 3.110000000000000000e+02
9.800000000000000000e+01 1.000000000000000000e+00 1.530000000000000000e+02 2.300000000000000000e+01
1.140000000000000000e+02 4.830000000000000000e+02 1.890000000000000000e+02 5.120000000000000000e+02
1.210000000000000000e+02 5.900000000000000000e+01 1.680000000000000000e+02 1.040000000000000000e+02
2.120000000000000000e+02 3.400000000000000000e+01 3.200000000000000000e+02 1.230000000000000000e+02
2.240000000000000000e+02 1.910000000000000000e+02 2.950000000000000000e+02 2.540000000000000000e+02
2.670000000000000000e+02 2.980000000000000000e+02 3.120000000000000000e+02 3.430000000000000000e+02
4.440000000000000000e+02 4.160000000000000000e+02 4.950000000000000000e+02 4.850000000000000000e+02
4.570000000000000000e+02 2.500000000000000000e+01 5.110000000000000000e+02 9.800000000000000000e+01
4.840000000000000000e+02 4.810000000000000000e+02 5.100000000000000000e+02 5.120000000000000000e+02
