0.000000000000000000e+00 4.310000000000000000e+02 2.000000000000000000e+01 4.770000000000000000e+02
9.000000000000000000e+00 2.660000000000000000e+02 1.170000000000000000e+02 3.510000000000000000e+02
1.100000000000000000e+01 8.000000000000000000e+00 6.600000000000000000e+01 6.300000000000000000e+01
1.130000000000000000e+02 2.510000000000000000e+02 1.630000000000000000e+02 3.100000000000000000e+02
1.310000000000000000e+02 1.930000000000000000e+02 1.770000000000000000e+02 2.440000000000000000e+02
1.400000000000000000e+02 3.880000000000000000e+02 1.860000000000000000e+02 4.370000000000000000e+02
1.490000000000000000e+02 4.980000000000000000e+02 1.890000000000000000e+02 5.120000000000000000e+02
1.800000000000000000e+02 1.590000000000000000e+02 2.760000000000000000e+02 2.540000000000000000e+02
1.840000000000000000e+02 4.310000000000000000e+02 2.400000000000000000e+02 4.870000000000000000e+02
1.940000000000000000e+02 1.300000000000000000e+01 2.330000000000000000e+02 4.700000000000000000e+01
2.290000000000000000e+02 2.800000000000000000e+02 2.900000000000000000e+02 3.400000000000000000e+02
3.870000000000000000e+02 2.380000000000000000e+02 4.700000000000000000e+02 3.650000000000000000e+02
3.950000000000000000e+02 1.350000000000000000e+02 4.490000000000000000e+02 1.910000000000000000e+02
4.590000000000000000e+02 2.000000000000000000e+00 5.100000000000000000e+02 8.200000000000000000e+01
