6.300000000000000000e+01 1.010000000000000000e+02 1.420000000000000000e+02 1.760000000000000000e+02
7.100000000000000000e+01 0.000000000000000000e+00 1.400000000000000000e+02 7.200000000000000000e+01
7.200000000000000000e+01 1.850000000000000000e+02 1.640000000000000000e+02 2.760000000000000000e+02
7.600000000000000000e+01 4.240000000000000000e+02 1.520000000000000000e+02 4.990000000000000000e+02
8.400000000000000000e+01 2.900000000000000000e+02 1.690000000000000000e+02 3.920000000000000000e+02
1.740000000000000000e+02 2.770000000000000000e+02 2.340000000000000000e+02 3.440000000000000000e+02
1.950000000000000000e+02 3.350000000000000000e+02 2.560000000000000000e+02 4.040000000000000000e+02
2.370000000000000000e+02 3.030000000000000000e+02 2.830000000000000000e+02 3.490000000000000000e+02
2.880000000000000000e+02 4.630000000000000000e+02 3.580000000000000000e+02 5.120000000000000000e+02
3.990000000000000000e+02 1.750000000000000000e+02 5.030000000000000000e+02 2.900000000000000000e+02
4.050000000000000000e+02 8.000000000000000000e+01 5.000000000000000000e+02 1.640000000000000000e+02
4.080000000000000000e+02 2.970000000000000000e+02 4.750000000000000000e+02 3.540000000000000000e+02
4.850000000000000000e+02 0.000000000000000000e+00 5.110000000000000000e+02 4.500000000000000000e+01
4.910000000000000000e+02 4.260000000000000000e+02 5.120000000000000000e+02 4.750000000000000000e+02
