0.000000000000000000e+00 2.200000000000000000e+01 6.200000000000000000e+01 1.270000000000000000e+02
1.000000000000000000e+00 3.900000000000000000e+02 4.000000000000000000e+01 4.790000000000000000e+02
1.700000000000000000e+01 2.520000000000000000e+02 8.000000000000000000e+01 3.250000000000000000e+02
8.000000000000000000e+01 9.700000000000000000e+01 1.520000000000000000e+02 1.840000000000000000e+02
1.170000000000000000e+02 4.010000000000000000e+02 1.680000000000000000e+02 4.520000000000000000e+02
1.320000000000000000e+02 2.790000000000000000e+02 1.890000000000000000e+02 3.280000000000000000e+02
1.930000000000000000e+02 7.800000000000000000e+01 2.400000000000000000e+02 1.270000000000000000e+02
1.940000000000000000e+02 4.840000000000000000e+02 2.530000000000000000e+02 5.120000000000000000e+02
2.400000000000000000e+02 1.890000000000000000e+02 2.850000000000000000e+02 2.400000000000000000e+02
3.010000000000000000e+02 0.000000000000000000e+00 3.560000000000000000e+02 2.400000000000000000e+01
3.180000000000000000e+02 2.320000000000000000e+02 3.530000000000000000e+02 2.670000000000000000e+02
3.360000000000000000e+02 4.650000000000000000e+02 3.810000000000000000e+02 5.120000000000000000e+02
3.960000000000000000e+02 1.200000000000000000e+01 4.770000000000000000e+02 1.250000000000000000e+02
3.960000000000000000e+02 3.880000000000000000e+02 4.900000000000000000e+02 4.930000000000000000e+02
4.890000000000000000e+02 3.770000000000000000e+02 5.100000000000000000e+02 4.400000000000000000e+02
4.920000000000000000e+02 2.690000000000000000e+02 5.120000000000000000e+02 3.230000000000000000e+02
