0.000000000000000000e+00 0.000000000000000000e+00 4.300000000000000000e+01 3.000000000000000000e+01
0.000000000000000000e+00 1.560000000000000000e+02 6.000000000000000000e+01 2.540000000000000000e+02
1.100000000000000000e+01 5.600000000000000000e+01 1.180000000000000000e+02 1.530000000000000000e+02
4.000000000000000000e+01 4.100000000000000000e+02 1.210000000000000000e+02 5.000000000000000000e+02
1.540000000000000000e+02 0.000000000000000000e+00 1.650000000000000000e+02 2.000000000000000000e+00
1.560000000000000000e+02 2.220000000000000000e+02 2.950000000000000000e+02 3.200000000000000000e+02
2.540000000000000000e+02 4.180000000000000000e+02 3.650000000000000000e+02 5.090000000000000000e+02
2.620000000000000000e+02 3.750000000000000000e+02 3.280000000000000000e+02 4.260000000000000000e+02
3.020000000000000000e+02 3.060000000000000000e+02 3.540000000000000000e+02 3.610000000000000000e+02
3.470000000000000000e+02 1.600000000000000000e+01 4.220000000000000000e+02 9.300000000000000000e+01
3.850000000000000000e+02 4.190000000000000000e+02 4.470000000000000000e+02 4.770000000000000000e+02
3.870000000000000000e+02 2.010000000000000000e+02 4.920000000000000000e+02 2.890000000000000000e+02
3.910000000000000000e+02 3.100000000000000000e+02 4.680000000000000000e+02 3.920000000000000000e+02
3.930000000000000000e+02 4.820000000000000000e+02 4.540000000000000000e+02 5.120000000000000000e+02
4.100000000000000000e+02 7.200000000000000000e+01 4.730000000000000000e+02 1.290000000000000000e+02
