1.300000000000000000e+02 2.670000000000000000e+02 1.850000000000000000e+02 3.220000000000000000e+02
1.410000000000000000e+02 8.300000000000000000e+01 1.950000000000000000e+02 1.400000000000000000e+02
1.570000000000000000e+02 4.830000000000000000e+02 2.340000000000000000e+02 5.120000000000000000e+02
2.250000000000000000e+02 4.260000000000000000e+02 3.020000000000000000e+02 5.120000000000000000e+02
2.830000000000000000e+02 3.710000000000000000e+02 3.480000000000000000e+02 4.290000000000000000e+02
3.310000000000000000e+02 1.510000000000000000e+02 4.190000000000000000e+02 2.350000000000000000e+02
3.470000000000000000e+02 2.100000000000000000e+01 4.290000000000000000e+02 9.200000000000000000e+01
4.000000000000000000e+02 4.430000000000000000e+02 4.760000000000000000e+02 5.120000000000000000e+02
4.390000000000000000e+02 0.000000000000000000e+00 5.120000000000000000e+02 7.100000000000000000e+01
4.940000000000000000e+02 2.410000000000000000e+02 5.120000000000000000e+02 2.900000000000000000e+02
4.990000000000000000e+02 1.820000000000000000e+02 5.120000000000000000e+02 2.110000000000000000e+02
