0.000000000000000000e+00 2.800000000000000000e+02 3.300000000000000000e+01 3.140000000000000000e+02
8.000000000000000000e+00 1.920000000000000000e+02 4.600000000000000000e+01 2.300000000000000000e+02
1.300000000000000000e+01 7.300000000000000000e+01 8.800000000000000000e+01 1.460000000000000000e+02
4.100000000000000000e+01 2.640000000000000000e+02 8.500000000000000000e+01 3.100000000000000000e+02
1.300000000000000000e+02 3.260000000000000000e+02 1.790000000000000000e+02 3.770000000000000000e+02
1.550000000000000000e+02 1.880000000000000000e+02 2.240000000000000000e+02 2.590000000000000000e+02
1.580000000000000000e+02 4.640000000000000000e+02 2.130000000000000000e+02 5.120000000000000000e+02
1.760000000000000000e+02 3.440000000000000000e+02 2.380000000000000000e+02 4.080000000000000000e+02
1.900000000000000000e+02 0.000000000000000000e+00 2.380000000000000000e+02 3.800000000000000000e+01
2.280000000000000000e+02 4.700000000000000000e+02 2.990000000000000000e+02 5.120000000000000000e+02
2.480000000000000000e+02 3.870000000000000000e+02 3.000000000000000000e+02 4.460000000000000000e+02
2.960000000000000000e+02 3.120000000000000000e+02 3.400000000000000000e+02 3.570000000000000000e+02
3.470000000000000000e+02 1.230000000000000000e+02 4.210000000000000000e+02 1.890000000000000000e+02
3.770000000000000000e+02 4.000000000000000000e+01 4.210000000000000000e+02 8.600000000000000000e+01
4.340000000000000000e+02 0.000000000000000000e+00 5.120000000000000000e+02 5.300000000000000000e+01
4.380000000000000000e+02 3.020000000000000000e+02 5.120000000000000000e+02 3.670000000000000000e+02
4.700000000000000000e+02 1.510000000000000000e+02 5.120000000000000000e+02 2.050000000000000000e+02
4.870000000000000000e+02 4.860000000000000000e+02 5.120000000000000000e+02 5.120000000000000000e+02
