0.000000000000000000e+00 7.000000000000000000e+00 2.700000000000000000e+01 7.600000000000000000e+01
0.000000000000000000e+00 8.000000000000000000e+01 9.100000000000000000e+01 1.800000000000000000e+02
0.000000000000000000e+00 1.710000000000000000e+02 1.800000000000000000e+01 2.180000000000000000e+02
0.000000000000000000e+00 3.600000000000000000e+02 1.500000000000000000e+01 4.330000000000000000e+02
0.000000000000000000e+00 4.980000000000000000e+02 2.600000000000000000e+01 5.120000000000000000e+02
3.200000000000000000e+01 3.940000000000000000e+02 1.240000000000000000e+02 4.750000000000000000e+02
4.300000000000000000e+01 4.860000000000000000e+02 8.000000000000000000e+01 5.120000000000000000e+02
4.800000000000000000e+01 1.370000000000000000e+02 1.730000000000000000e+02 2.790000000000000000e+02
6.400000000000000000e+01 1.600000000000000000e+01 1.360000000000000000e+02 8.900000000000000000e+01
9.600000000000000000e+01 8.400000000000000000e+01 1.480000000000000000e+02 1.320000000000000000e+02
1.100000000000000000e+02 2.930000000000000000e+02 1.630000000000000000e+02 3.450000000000000000e+02
1.460000000000000000e+02 4.370000000000000000e+02 1.870000000000000000e+02 4.810000000000000000e+02
1.500000000000000000e+02 0.000000000000000000e+00 2.030000000000000000e+02 1.600000000000000000e+01
1.580000000000000000e+02 3.120000000000000000e+02 2.810000000000000000e+02 4.480000000000000000e+02
1.700000000000000000e+02 4.750000000000000000e+02 2.120000000000000000e+02 5.120000000000000000e+02
2.120000000000000000e+02 4.910000000000000000e+02 2.480000000000000000e+02 5.120000000000000000e+02
2.420000000000000000e+02 1.670000000000000000e+02 3.190000000000000000e+02 2.470000000000000000e+02
2.440000000000000000e+02 2.960000000000000000e+02 2.790000000000000000e+02 3.380000000000000000e+02
2.610000000000000000e+02 9.600000000000000000e+01 3.380000000000000000e+02 1.720000000000000000e+02
2.640000000000000000e+02 0.000000000000000000e+00 3.480000000000000000e+02 5.800000000000000000e+01
2.840000000000000000e+02 4.210000000000000000e+02 3.720000000000000000e+02 5.040000000000000000e+02
3.320000000000000000e+02 1.580000000000000000e+02 3.940000000000000000e+02 2.310000000000000000e+02
3.410000000000000000e+02 4.880000000000000000e+02 3.960000000000000000e+02 5.120000000000000000e+02
4.390000000000000000e+02 4.400000000000000000e+01 5.120000000000000000e+02 1.140000000000000000e+02
4.530000000000000000e+02 2.560000000000000000e+02 5.120000000000000000e+02 3.370000000000000000e+02
