0.000000000000000000e+00 1.200000000000000000e+02 5.800000000000000000e+01 1.790000000000000000e+02
0.000000000000000000e+00 3.750000000000000000e+02 5.200000000000000000e+01 4.600000000000000000e+02
5.800000000000000000e+01 3.490000000000000000e+02 1.600000000000000000e+02 4.500000000000000000e+02
6.100000000000000000e+01 1.080000000000000000e+02 1.480000000000000000e+02 2.030000000000000000e+02
8.000000000000000000e+01 4.980000000000000000e+02 1.180000000000000000e+02 5.120000000000000000e+02
1.150000000000000000e+02 2.390000000000000000e+02 2.000000000000000000e+02 3.290000000000000000e+02
1.650000000000000000e+02 1.210000000000000000e+02 2.570000000000000000e+02 2.130000000000000000e+02
2.110000000000000000e+02 3.350000000000000000e+02 2.920000000000000000e+02 4.210000000000000000e+02
2.220000000000000000e+02 2.720000000000000000e+02 2.810000000000000000e+02 3.280000000000000000e+02
2.410000000000000000e+02 2.100000000000000000e+01 3.520000000000000000e+02 1.360000000000000000e+02
2.830000000000000000e+02 4.720000000000000000e+02 3.610000000000000000e+02 5.120000000000000000e+02
3.330000000000000000e+02 3.490000000000000000e+02 4.080000000000000000e+02 4.270000000000000000e+02
4.200000000000000000e+02 0.000000000000000000e+00 4.450000000000000000e+02 5.000000000000000000e+00
4.240000000000000000e+02 1.350000000000000000e+02 4.980000000000000000e+02 2.180000000000000000e+02
4.380000000000000000e+02 3.090000000000000000e+02 4.990000000000000000e+02 3.660000000000000000e+02
4.810000000000000000e+02 0.000000000000000000e+00 5.120000000000000000e+02 4.300000000000000000e+01
4.850000000000000000e+02 4.410000000000000000e+02 5.120000000000000000e+02 4.930000000000000000e+02
5.090000000000000000e+02 8.300000000000000000e+01 5.120000000000000000e+02 9.800000000000000000e+01
