0.000000000000000000e+00 1.710000000000000000e+02 1.100000000000000000e+01 2.080000000000000000e+02
0.000000000000000000e+00 2.410000000000000000e+02 2.500000000000000000e+01 2.930000000000000000e+02
0.000000000000000000e+00 4.790000000000000000e+02 3.400000000000000000e+01 5.120000000000000000e+02
2.100000000000000000e+01 1.490000000000000000e+02 1.080000000000000000e+02 2.360000000000000000e+02
9.200000000000000000e+01 4.910000000000000000e+02 1.380000000000000000e+02 5.110000000000000000e+02
1.160000000000000000e+02 2.070000000000000000e+02 1.990000000000000000e+02 2.790000000000000000e+02
1.170000000000000000e+02 2.900000000000000000e+02 2.030000000000000000e+02 3.700000000000000000e+02
2.060000000000000000e+02 3.300000000000000000e+01 2.650000000000000000e+02 8.900000000000000000e+01
2.790000000000000000e+02 1.400000000000000000e+01 3.510000000000000000e+02 8.500000000000000000e+01
2.790000000000000000e+02 4.850000000000000000e+02 3.410000000000000000e+02 5.110000000000000000e+02
3.000000000000000000e+02 2.640000000000000000e+02 4.130000000000000000e+02 3.540000000000000000e+02
3.160000000000000000e+02 3.650000000000000000e+02 3.630000000000000000e+02 4.140000000000000000e+02
3.290000000000000000e+02 9.000000000000000000e+01 4.020000000000000000e+02 1.620000000000000000e+02
3.370000000000000000e+02 0.000000000000000000e+00 3.970000000000000000e+02 3.100000000000000000e+01
3.620000000000000000e+02 4.210000000000000000e+02 4.450000000000000000e+02 5.070000000000000000e+02
3.870000000000000000e+02 1.360000000000000000e+02 4.560000000000000000e+02 2.070000000000000000e+02
4.080000000000000000e+02 3.000000000000000000e+02 5.020000000000000000e+02 3.820000000000000000e+02
4.510000000000000000e+02 4.010000000000000000e+02 5.120000000000000000e+02 4.790000000000000000e+02
4.520000000000000000e+02 1.630000000000000000e+02 5.110000000000000000e+02 2.770000000000000000e+02
4.750000000000000000e+02 3.800000000000000000e+01 5.120000000000000000e+02 1.140000000000000000e+02
