0.000000000000000000e+00 0.000000000000000000e+00 2.900000000000000000e+01 2.800000000000000000e+01
0.000000000000000000e+00 4.230000000000000000e+02 5.200000000000000000e+01 4.920000000000000000e+02
4.000000000000000000e+00 3.870000000000000000e+02 2.900000000000000000e+01 4.120000000000000000e+02
1.600000000000000000e+01 2.600000000000000000e+01 6.800000000000000000e+01 9.500000000000000000e+01
1.950000000000000000e+02 3.910000000000000000e+02 2.590000000000000000e+02 4.720000000000000000e+02
2.030000000000000000e+02 1.650000000000000000e+02 2.420000000000000000e+02 2.190000000000000000e+02
2.230000000000000000e+02 2.600000000000000000e+02 2.820000000000000000e+02 3.170000000000000000e+02
2.640000000000000000e+02 4.110000000000000000e+02 3.030000000000000000e+02 4.550000000000000000e+02
3.230000000000000000e+02 0.000000000000000000e+00 3.990000000000000000e+02 3.200000000000000000e+01
3.480000000000000000e+02 4.050000000000000000e+02 3.880000000000000000e+02 4.460000000000000000e+02
3.620000000000000000e+02 4.870000000000000000e+02 4.160000000000000000e+02 5.120000000000000000e+02
3.660000000000000000e+02 2.030000000000000000e+02 4.290000000000000000e+02 2.680000000000000000e+02
4.380000000000000000e+02 4.350000000000000000e+02 5.040000000000000000e+02 5.110000000000000000e+02
