2.000000000000000000e+00 3.800000000000000000e+02 6.600000000000000000e+01 4.500000000000000000e+02
4.000000000000000000e+00 2.120000000000000000e+02 1.010000000000000000e+02 3.110000000000000000e+02
6.300000000000000000e+01 6.000000000000000000e+01 1.330000000000000000e+02 1.190000000000000000e+02
9.700000000000000000e+01 1.100000000000000000e+02 1.340000000000000000e+02 1.460000000000000000e+02
1.560000000000000000e+02 2.240000000000000000e+02 2.100000000000000000e+02 2.820000000000000000e+02
1.630000000000000000e+02 4.030000000000000000e+02 2.160000000000000000e+02 4.530000000000000000e+02
2.950000000000000000e+02 6.500000000000000000e+01 3.610000000000000000e+02 1.640000000000000000e+02
3.100000000000000000e+02 4.060000000000000000e+02 3.600000000000000000e+02 4.560000000000000000e+02
3.510000000000000000e+02 1.570000000000000000e+02 4.050000000000000000e+02 2.180000000000000000e+02
3.930000000000000000e+02 3.000000000000000000e+01 4.360000000000000000e+02 6.700000000000000000e+01
4.100000000000000000e+02 4.090000000000000000e+02 4.800000000000000000e+02 4.950000000000000000e+02
4.500000000000000000e+02 1.200000000000000000e+01 5.120000000000000000e+02 1.040000000000000000e+02
4.860000000000000000e+02 1.790000000000000000e+02 5.120000000000000000e+02 2.350000000000000000e+02
