0.000000000000000000e+00 4.250000000000000000e+02 4.400000000000000000e+01 4.820000000000000000e+02
4.000000000000000000e+01 2.000000000000000000e+02 1.310000000000000000e+02 2.520000000000000000e+02
5.000000000000000000e+01 3.870000000000000000e+02 1.230000000000000000e+02 4.580000000000000000e+02
9.700000000000000000e+01 0.000000000000000000e+00 1.680000000000000000e+02 5.500000000000000000e+01
1.630000000000000000e+02 4.860000000000000000e+02 2.140000000000000000e+02 5.120000000000000000e+02
2.070000000000000000e+02 2.620000000000000000e+02 2.780000000000000000e+02 3.350000000000000000e+02
2.160000000000000000e+02 0.000000000000000000e+00 2.830000000000000000e+02 6.500000000000000000e+01
2.210000000000000000e+02 5.070000000000000000e+02 2.380000000000000000e+02 5.120000000000000000e+02
2.290000000000000000e+02 1.490000000000000000e+02 2.640000000000000000e+02 1.860000000000000000e+02
3.000000000000000000e+02 1.890000000000000000e+02 3.630000000000000000e+02 2.600000000000000000e+02
3.260000000000000000e+02 4.350000000000000000e+02 3.740000000000000000e+02 4.820000000000000000e+02
3.290000000000000000e+02 1.600000000000000000e+01 4.370000000000000000e+02 1.190000000000000000e+02
3.670000000000000000e+02 1.610000000000000000e+02 4.530000000000000000e+02 2.400000000000000000e+02
4.960000000000000000e+02 1.120000000000000000e+02 5.120000000000000000e+02 1.610000000000000000e+02
5.060000000000000000e+02 1.900000000000000000e+02 5.120000000000000000e+02 2.130000000000000000e+02
