0.000000000000000000e+00 1.720000000000000000e+02 3.300000000000000000e+01 2.240000000000000000e+02
0.000000000000000000e+00 3.630000000000000000e+02 4.800000000000000000e+01 4.310000000000000000e+02
5.500000000000000000e+01 2.350000000000000000e+02 1.350000000000000000e+02 3.210000000000000000e+02
7.300000000000000000e+01 3.930000000000000000e+02 1.340000000000000000e+02 4.580000000000000000e+02
1.400000000000000000e+02 1.420000000000000000e+02 1.820000000000000000e+02 1.920000000000000000e+02
1.480000000000000000e+02 5.110000000000000000e+02 1.500000000000000000e+02 5.120000000000000000e+02
1.560000000000000000e+02 4.170000000000000000e+02 2.460000000000000000e+02 5.110000000000000000e+02
2.460000000000000000e+02 2.240000000000000000e+02 2.940000000000000000e+02 2.860000000000000000e+02
2.930000000000000000e+02 2.810000000000000000e+02 3.280000000000000000e+02 3.230000000000000000e+02
3.120000000000000000e+02 3.190000000000000000e+02 4.310000000000000000e+02 4.420000000000000000e+02
3.810000000000000000e+02 4.800000000000000000e+02 4.620000000000000000e+02 5.120000000000000000e+02
4.150000000000000000e+02 3.280000000000000000e+02 4.400000000000000000e+02 3.550000000000000000e+02
4.360000000000000000e+02 2.630000000000000000e+02 4.600000000000000000e+02 2.890000000000000000e+02
5.090000000000000000e+02 4.540000000000000000e+02 5.120000000000000000e+02 4.680000000000000000e+02
