1.200000000000000000e+01 2.780000000000000000e+02 5.100000000000000000e+01 3.410000000000000000e+02
2.500000000000000000e+01 7.000000000000000000e+00 1.000000000000000000e+02 8.000000000000000000e+01
4.200000000000000000e+01 2.610000000000000000e+02 7.800000000000000000e+01 3.170000000000000000e+02
1.060000000000000000e+02 1.650000000000000000e+02 1.340000000000000000e+02 2.030000000000000000e+02
1.300000000000000000e+02 3.230000000000000000e+02 1.870000000000000000e+02 3.730000000000000000e+02
1.420000000000000000e+02 2.090000000000000000e+02 2.050000000000000000e+02 2.740000000000000000e+02
1.670000000000000000e+02 3.640000000000000000e+02 2.000000000000000000e+02 3.930000000000000000e+02
1.780000000000000000e+02 1.120000000000000000e+02 2.190000000000000000e+02 1.600000000000000000e+02
1.810000000000000000e+02 3.930000000000000000e+02 2.230000000000000000e+02 4.310000000000000000e+02
2.060000000000000000e+02 0.000000000000000000e+00 2.630000000000000000e+02 5.400000000000000000e+01
3.360000000000000000e+02 4.900000000000000000e+01 3.770000000000000000e+02 9.500000000000000000e+01
3.630000000000000000e+02 2.510000000000000000e+02 4.370000000000000000e+02 3.230000000000000000e+02
4.270000000000000000e+02 1.190000000000000000e+02 4.930000000000000000e+02 1.990000000000000000e+02
4.340000000000000000e+02 0.000000000000000000e+00 4.930000000000000000e+02 4.800000000000000000e+01
4.620000000000000000e+02 2.720000000000000000e+02 4.940000000000000000e+02 3.150000000000000000e+02
