0.000000000000000000e+00 5.000000000000000000e+01 2.400000000000000000e+01 1.100000000000000000e+02
0.000000000000000000e+00 3.490000000000000000e+02 4.100000000000000000e+01 3.960000000000000000e+02
2.700000000000000000e+01 2.610000000000000000e+02 1.120000000000000000e+02 3.510000000000000000e+02
1.110000000000000000e+02 2.430000000000000000e+02 1.730000000000000000e+02 3.000000000000000000e+02
1.450000000000000000e+02 2.200000000000000000e+01 2.180000000000000000e+02 1.070000000000000000e+02
1.490000000000000000e+02 4.710000000000000000e+02 1.970000000000000000e+02 5.120000000000000000e+02
2.580000000000000000e+02 1.960000000000000000e+02 3.450000000000000000e+02 2.780000000000000000e+02
3.240000000000000000e+02 3.940000000000000000e+02 3.910000000000000000e+02 4.720000000000000000e+02
4.140000000000000000e+02 1.510000000000000000e+02 5.030000000000000000e+02 2.340000000000000000e+02
4.700000000000000000e+02 2.830000000000000000e+02 5.100000000000000000e+02 3.330000000000000000e+02
