0.000000000000000000e+00 3.390000000000000000e+02 3.600000000000000000e+01 3.990000000000000000e+02
6.700000000000000000e+01 0.000000000000000000e+00 6.900000000000000000e+01 1.000000000000000000e+00
9.400000000000000000e+01 7.900000000000000000e+01 1.450000000000000000e+02 1.350000000000000000e+02
9.500000000000000000e+01 9.000000000000000000e+00 1.320000000000000000e+02 5.200000000000000000e+01
1.060000000000000000e+02 1.600000000000000000e+02 1.920000000000000000e+02 2.540000000000000000e+02
1.270000000000000000e+02 0.000000000000000000e+00 1.400000000000000000e+02 5.000000000000000000e+00
1.300000000000000000e+02 1.160000000000000000e+02 1.700000000000000000e+02 1.590000000000000000e+02
1.330000000000000000e+02 3.120000000000000000e+02 2.190000000000000000e+02 4.170000000000000000e+02
1.410000000000000000e+02 5.000000000000000000e+00 1.830000000000000000e+02 7.200000000000000000e+01
1.740000000000000000e+02 1.300000000000000000e+02 2.070000000000000000e+02 1.700000000000000000e+02
1.920000000000000000e+02 2.040000000000000000e+02 2.510000000000000000e+02 2.600000000000000000e+02
2.020000000000000000e+02 4.160000000000000000e+02 2.930000000000000000e+02 4.750000000000000000e+02
2.340000000000000000e+02 5.040000000000000000e+02 2.810000000000000000e+02 5.120000000000000000e+02
2.400000000000000000e+02 3.100000000000000000e+02 3.030000000000000000e+02 3.540000000000000000e+02
2.470000000000000000e+02 1.320000000000000000e+02 2.820000000000000000e+02 1.580000000000000000e+02
2.620000000000000000e+02 2.820000000000000000e+02 3.090000000000000000e+02 3.190000000000000000e+02
2.620000000000000000e+02 3.520000000000000000e+02 3.170000000000000000e+02 3.870000000000000000e+02
2.730000000000000000e+02 0.000000000000000000e+00 3.340000000000000000e+02 3.700000000000000000e+01
2.990000000000000000e+02 3.820000000000000000e+02 3.470000000000000000e+02 4.360000000000000000e+02
3.260000000000000000e+02 0.000000000000000000e+00 3.450000000000000000e+02 7.000000000000000000e+00
3.460000000000000000e+02 1.070000000000000000e+02 4.060000000000000000e+02 1.580000000000000000e+02
3.680000000000000000e+02 3.620000000000000000e+02 4.420000000000000000e+02 4.340000000000000000e+02
3.710000000000000000e+02 2.040000000000000000e+02 4.480000000000000000e+02 2.820000000000000000e+02
4.460000000000000000e+02 2.360000000000000000e+02 5.120000000000000000e+02 3.140000000000000000e+02
4.760000000000000000e+02 3.090000000000000000e+02 5.120000000000000000e+02 3.600000000000000000e+02
4.970000000000000000e+02 1.660000000000000000e+02 5.120000000000000000e+02 2.080000000000000000e+02
