0.000000000000000000e+00 1.390000000000000000e+02 2.300000000000000000e+01 2.000000000000000000e+02
3.500000000000000000e+01 3.290000000000000000e+02 1.170000000000000000e+02 4.120000000000000000e+02
5.300000000000000000e+01 0.000000000000000000e+00 3.630000000000000000e+02 1.990000000000000000e+02
7.600000000000000000e+01 2.380000000000000000e+02 1.340000000000000000e+02 2.980000000000000000e+02
7.700000000000000000e+01 4.590000000000000000e+02 1.280000000000000000e+02 5.120000000000000000e+02
1.940000000000000000e+02 3.760000000000000000e+02 2.540000000000000000e+02 4.410000000000000000e+02
2.000000000000000000e+02 2.290000000000000000e+02 2.750000000000000000e+02 3.070000000000000000e+02
2.350000000000000000e+02 4.410000000000000000e+02 3.090000000000000000e+02 5.120000000000000000e+02
2.700000000000000000e+02 3.140000000000000000e+02 3.940000000000000000e+02 4.410000000000000000e+02
3.700000000000000000e+02 2.150000000000000000e+02 4.280000000000000000e+02 2.750000000000000000e+02
4.320000000000000000e+02 2.500000000000000000e+01 4.760000000000000000e+02 7.700000000000000000e+01
4.390000000000000000e+02 0.000000000000000000e+00 4.630000000000000000e+02 1.000000000000000000e+01
4.700000000000000000e+02 4.400000000000000000e+01 5.120000000000000000e+02 9.000000000000000000e+01
