0.000000000000000000e+00 1.730000000000000000e+02 2.800000000000000000e+01 2.780000000000000000e+02
0.000000000000000000e+00 4.130000000000000000e+02 2.000000000000000000e+01 4.530000000000000000e+02
3.000000000000000000e+00 3.500000000000000000e+01 3.800000000000000000e+01 1.140000000000000000e+02
1.100000000000000000e+02 3.290000000000000000e+02 1.830000000000000000e+02 4.000000000000000000e+02
1.370000000000000000e+02 4.040000000000000000e+02 1.940000000000000000e+02 4.610000000000000000e+02
1.430000000000000000e+02 1.900000000000000000e+02 2.080000000000000000e+02 2.490000000000000000e+02
2.590000000000000000e+02 3.970000000000000000e+02 3.600000000000000000e+02 4.980000000000000000e+02
2.870000000000000000e+02 3.170000000000000000e+02 3.880000000000000000e+02 4.000000000000000000e+02
2.990000000000000000e+02 2.030000000000000000e+02 3.820000000000000000e+02 2.920000000000000000e+02
3.010000000000000000e+02 1.500000000000000000e+01 4.230000000000000000e+02 1.430000000000000000e+02
4.520000000000000000e+02 2.010000000000000000e+02 5.110000000000000000e+02 2.580000000000000000e+02
