0.000000000000000000e+00 2.800000000000000000e+01 4.300000000000000000e+01 9.300000000000000000e+01
0.000000000000000000e+00 2.640000000000000000e+02 4.500000000000000000e+01 3.280000000000000000e+02
0.000000000000000000e+00 4.640000000000000000e+02 1.000000000000000000e+01 5.000000000000000000e+02
2.100000000000000000e+01 3.720000000000000000e+02 7.400000000000000000e+01 4.310000000000000000e+02
6.100000000000000000e+01 1.200000000000000000e+02 1.160000000000000000e+02 1.710000000000000000e+02
6.300000000000000000e+01 4.190000000000000000e+02 1.340000000000000000e+02 4.970000000000000000e+02
7.800000000000000000e+01 2.700000000000000000e+02 1.780000000000000000e+02 3.510000000000000000e+02
8.700000000000000000e+01 0.000000000000000000e+00 1.350000000000000000e+02 1.600000000000000000e+01
1.130000000000000000e+02 1.610000000000000000e+02 1.780000000000000000e+02 2.240000000000000000e+02
1.880000000000000000e+02 1.710000000000000000e+02 2.730000000000000000e+02 2.380000000000000000e+02
2.060000000000000000e+02 0.000000000000000000e+00 2.700000000000000000e+02 5.100000000000000000e+01
2.120000000000000000e+02 4.360000000000000000e+02 2.730000000000000000e+02 5.050000000000000000e+02
2.740000000000000000e+02 3.600000000000000000e+01 3.350000000000000000e+02 9.400000000000000000e+01
2.850000000000000000e+02 1.910000000000000000e+02 3.620000000000000000e+02 3.010000000000000000e+02
2.870000000000000000e+02 0.000000000000000000e+00 3.070000000000000000e+02 4.000000000000000000e+00
3.320000000000000000e+02 0.000000000000000000e+00 4.100000000000000000e+02 5.900000000000000000e+01
3.440000000000000000e+02 2.790000000000000000e+02 4.030000000000000000e+02 3.510000000000000000e+02
3.770000000000000000e+02 1.950000000000000000e+02 4.630000000000000000e+02 2.700000000000000000e+02
4.130000000000000000e+02 3.260000000000000000e+02 5.080000000000000000e+02 4.320000000000000000e+02
4.860000000000000000e+02 5.900000000000000000e+01 5.120000000000000000e+02 1.090000000000000000e+02
5.040000000000000000e+02 2.440000000000000000e+02 5.120000000000000000e+02 2.680000000000000000e+02
5.050000000000000000e+02 4.200000000000000000e+02 5.120000000000000000e+02 4.470000000000000000e+02
