0.000000000000000000e+00 5.200000000000000000e+01 3.100000000000000000e+01 1.170000000000000000e+02
1.100000000000000000e+01 3.270000000000000000e+02 1.060000000000000000e+02 4.340000000000000000e+02
5.600000000000000000e+01 1.900000000000000000e+02 1.330000000000000000e+02 2.670000000000000000e+02
9.600000000000000000e+01 1.000000000000000000e+00 1.860000000000000000e+02 6.800000000000000000e+01
1.100000000000000000e+02 2.810000000000000000e+02 1.710000000000000000e+02 3.560000000000000000e+02
1.500000000000000000e+02 1.880000000000000000e+02 2.370000000000000000e+02 3.010000000000000000e+02
1.780000000000000000e+02 3.700000000000000000e+01 2.330000000000000000e+02 9.400000000000000000e+01
2.350000000000000000e+02 4.390000000000000000e+02 3.020000000000000000e+02 5.120000000000000000e+02
2.360000000000000000e+02 1.660000000000000000e+02 3.220000000000000000e+02 2.370000000000000000e+02
2.410000000000000000e+02 3.000000000000000000e+00 3.030000000000000000e+02 5.600000000000000000e+01
3.340000000000000000e+02 2.650000000000000000e+02 4.340000000000000000e+02 3.480000000000000000e+02
3.410000000000000000e+02 1.590000000000000000e+02 3.940000000000000000e+02 2.220000000000000000e+02
3.680000000000000000e+02 2.000000000000000000e+00 4.360000000000000000e+02 2.300000000000000000e+01
3.740000000000000000e+02 4.170000000000000000e+02 4.490000000000000000e+02 4.920000000000000000e+02
4.000000000000000000e+02 1.180000000000000000e+02 4.490000000000000000e+02 1.690000000000000000e+02
4.320000000000000000e+02 3.660000000000000000e+02 4.990000000000000000e+02 4.290000000000000000e+02
4.620000000000000000e+02 1.800000000000000000e+01 5.120000000000000000e+02 1.060000000000000000e+02
4.670000000000000000e+02 2.580000000000000000e+02 5.120000000000000000e+02 3.270000000000000000e+02
