0.000000000000000000e+00 1.150000000000000000e+02 4.000000000000000000e+00 1.330000000000000000e+02
0.000000000000000000e+00 4.820000000000000000e+02 4.200000000000000000e+01 5.120000000000000000e+02
1.360000000000000000e+02 1.940000000000000000e+02 1.960000000000000000e+02 2.560000000000000000e+02
1.540000000000000000e+02 3.280000000000000000e+02 2.440000000000000000e+02 4.230000000000000000e+02
1.720000000000000000e+02 6.000000000000000000e+01 2.600000000000000000e+02 1.500000000000000000e+02
2.700000000000000000e+02 4.600000000000000000e+02 3.590000000000000000e+02 5.120000000000000000e+02
3.120000000000000000e+02 1.800000000000000000e+02 3.730000000000000000e+02 2.360000000000000000e+02
3.560000000000000000e+02 3.960000000000000000e+02 4.000000000000000000e+02 4.380000000000000000e+02
3.820000000000000000e+02 2.400000000000000000e+01 4.310000000000000000e+02 6.300000000000000000e+01
3.840000000000000000e+02 1.650000000000000000e+02 4.410000000000000000e+02 2.180000000000000000e+02
4.290000000000000000e+02 6.000000000000000000e+00 4.740000000000000000e+02 2.700000000000000000e+01
4.550000000000000000e+02 1.010000000000000000e+02 5.090000000000000000e+02 1.470000000000000000e+02
4.800000000000000000e+02 4.200000000000000000e+02 5.120000000000000000e+02 4.830000000000000000e+02
