0.000000000000000000e+00 0.000000000000000000e+00 3.700000000000000000e+01 4.000000000000000000e+01
0.000000000000000000e+00 1.090000000000000000e+02 6.300000000000000000e+01 1.940000000000000000e+02
0.000000000000000000e+00 3.870000000000000000e+02 8.500000000000000000e+01 4.710000000000000000e+02
9.200000000000000000e+01 4.410000000000000000e+02 1.610000000000000000e+02 5.120000000000000000e+02
9.300000000000000000e+01 8.800000000000000000e+01 1.530000000000000000e+02 1.560000000000000000e+02
9.900000000000000000e+01 2.100000000000000000e+02 2.170000000000000000e+02 3.910000000000000000e+02
1.310000000000000000e+02 0.000000000000000000e+00 1.740000000000000000e+02 1.500000000000000000e+01
1.920000000000000000e+02 0.000000000000000000e+00 2.200000000000000000e+02 8.000000000000000000e+00
2.400000000000000000e+02 1.570000000000000000e+02 3.090000000000000000e+02 2.300000000000000000e+02
2.580000000000000000e+02 5.010000000000000000e+02 2.850000000000000000e+02 5.120000000000000000e+02
2.620000000000000000e+02 2.700000000000000000e+01 3.540000000000000000e+02 1.260000000000000000e+02
3.080000000000000000e+02 0.000000000000000000e+00 3.360000000000000000e+02 1.200000000000000000e+01
3.160000000000000000e+02 1.040000000000000000e+02 3.680000000000000000e+02 1.560000000000000000e+02
3.320000000000000000e+02 4.310000000000000000e+02 3.990000000000000000e+02 5.120000000000000000e+02
3.350000000000000000e+02 1.830000000000000000e+02 3.920000000000000000e+02 2.350000000000000000e+02
3.540000000000000000e+02 3.090000000000000000e+02 4.130000000000000000e+02 3.740000000000000000e+02
3.910000000000000000e+02 0.000000000000000000e+00 4.930000000000000000e+02 6.000000000000000000e+01
4.090000000000000000e+02 2.700000000000000000e+02 4.740000000000000000e+02 3.360000000000000000e+02
4.170000000000000000e+02 4.440000000000000000e+02 4.910000000000000000e+02 5.120000000000000000e+02
5.050000000000000000e+02 3.800000000000000000e+01 5.120000000000000000e+02 5.900000000000000000e+01
