0.000000000000000000e+00 4.580000000000000000e+02 7.700000000000000000e+01 5.120000000000000000e+02
2.000000000000000000e+01 3.740000000000000000e+02 6.100000000000000000e+01 4.120000000000000000e+02
1.170000000000000000e+02 8.700000000000000000e+01 2.320000000000000000e+02 2.380000000000000000e+02
1.430000000000000000e+02 2.800000000000000000e+02 1.990000000000000000e+02 3.330000000000000000e+02
1.930000000000000000e+02 3.370000000000000000e+02 2.800000000000000000e+02 4.120000000000000000e+02
2.000000000000000000e+02 4.300000000000000000e+02 2.590000000000000000e+02 4.880000000000000000e+02
2.030000000000000000e+02 2.680000000000000000e+02 2.500000000000000000e+02 3.130000000000000000e+02
2.500000000000000000e+02 5.200000000000000000e+01 3.470000000000000000e+02 1.470000000000000000e+02
2.870000000000000000e+02 4.600000000000000000e+02 3.360000000000000000e+02 5.070000000000000000e+02
2.950000000000000000e+02 3.100000000000000000e+02 3.520000000000000000e+02 3.670000000000000000e+02
3.750000000000000000e+02 2.200000000000000000e+01 4.270000000000000000e+02 7.200000000000000000e+01
4.140000000000000000e+02 4.400000000000000000e+02 4.860000000000000000e+02 5.100000000000000000e+02
4.250000000000000000e+02 3.680000000000000000e+02 4.650000000000000000e+02 4.080000000000000000e+02
