7.300000000000000000e+01 3.100000000000000000e+01 1.610000000000000000e+02 8.400000000000000000e+01
9.500000000000000000e+01 3.560000000000000000e+02 1.370000000000000000e+02 3.850000000000000000e+02
1.390000000000000000e+02 3.870000000000000000e+02 2.060000000000000000e+02 4.830000000000000000e+02
1.970000000000000000e+02 4.870000000000000000e+02 2.700000000000000000e+02 5.120000000000000000e+02
2.310000000000000000e+02 1.740000000000000000e+02 3.100000000000000000e+02 2.400000000000000000e+02
2.470000000000000000e+02 3.730000000000000000e+02 2.890000000000000000e+02 4.190000000000000000e+02
2.750000000000000000e+02 9.200000000000000000e+01 3.290000000000000000e+02 1.370000000000000000e+02
2.900000000000000000e+02 4.640000000000000000e+02 3.610000000000000000e+02 5.120000000000000000e+02
3.600000000000000000e+02 2.020000000000000000e+02 4.120000000000000000e+02 2.440000000000000000e+02
3.840000000000000000e+02 3.000000000000000000e+02 4.250000000000000000e+02 3.410000000000000000e+02
4.080000000000000000e+02 2.820000000000000000e+02 4.470000000000000000e+02 3.240000000000000000e+02
4.370000000000000000e+02 0.000000000000000000e+00 4.830000000000000000e+02 2.100000000000000000e+01
4.770000000000000000e+02 4.250000000000000000e+02 4.960000000000000000e+02 4.500000000000000000e+02
