0.000000000000000000e+00 1.140000000000000000e+02 1.110000000000000000e+02 2.490000000000000000e+02
0.000000000000000000e+00 2.590000000000000000e+02 1.000000000000000000e+01 3.030000000000000000e+02
0.000000000000000000e+00 3.570000000000000000e+02 6.500000000000000000e+01 4.470000000000000000e+02
5.600000000000000000e+01 5.040000000000000000e+02 8.900000000000000000e+01 5.120000000000000000e+02
6.100000000000000000e+01 0.000000000000000000e+00 1.450000000000000000e+02 6.300000000000000000e+01
7.500000000000000000e+01 2.880000000000000000e+02 1.670000000000000000e+02 3.860000000000000000e+02
1.550000000000000000e+02 2.290000000000000000e+02 2.380000000000000000e+02 3.110000000000000000e+02
1.580000000000000000e+02 0.000000000000000000e+00 1.780000000000000000e+02 7.000000000000000000e+00
2.590000000000000000e+02 1.880000000000000000e+02 3.540000000000000000e+02 2.870000000000000000e+02
3.430000000000000000e+02 7.300000000000000000e+01 4.580000000000000000e+02 1.430000000000000000e+02
3.810000000000000000e+02 3.890000000000000000e+02 4.680000000000000000e+02 4.760000000000000000e+02
3.870000000000000000e+02 0.000000000000000000e+00 4.320000000000000000e+02 3.000000000000000000e+01
4.230000000000000000e+02 1.690000000000000000e+02 4.900000000000000000e+02 2.350000000000000000e+02
4.530000000000000000e+02 2.190000000000000000e+02 5.120000000000000000e+02 2.930000000000000000e+02
4.940000000000000000e+02 1.150000000000000000e+02 5.120000000000000000e+02 1.610000000000000000e+02
5.050000000000000000e+02 3.660000000000000000e+02 5.120000000000000000e+02 3.860000000000000000e+02
