0.000000000000000000e+00 4.300000000000000000e+01 3.200000000000000000e+01 1.030000000000000000e+02
5.300000000000000000e+01 4.600000000000000000e+01 1.260000000000000000e+02 1.190000000000000000e+02
6.700000000000000000e+01 3.470000000000000000e+02 1.440000000000000000e+02 4.200000000000000000e+02
1.610000000000000000e+02 1.470000000000000000e+02 2.490000000000000000e+02 2.870000000000000000e+02
1.670000000000000000e+02 0.000000000000000000e+00 2.490000000000000000e+02 2.900000000000000000e+01
2.430000000000000000e+02 4.710000000000000000e+02 3.100000000000000000e+02 5.120000000000000000e+02
2.480000000000000000e+02 3.790000000000000000e+02 3.110000000000000000e+02 4.560000000000000000e+02
2.970000000000000000e+02 0.000000000000000000e+00 3.600000000000000000e+02 5.300000000000000000e+01
3.140000000000000000e+02 3.650000000000000000e+02 3.790000000000000000e+02 4.300000000000000000e+02
3.440000000000000000e+02 6.600000000000000000e+01 4.170000000000000000e+02 1.390000000000000000e+02
3.490000000000000000e+02 2.090000000000000000e+02 4.240000000000000000e+02 2.860000000000000000e+02
4.220000000000000000e+02 1.000000000000000000e+02 4.930000000000000000e+02 1.710000000000000000e+02
4.990000000000000000e+02 3.540000000000000000e+02 5.120000000000000000e+02 3.970000000000000000e+02
