6.000000000000000000e+00 4.640000000000000000e+02 5.400000000000000000e+01 5.100000000000000000e+02
2.600000000000000000e+01 2.480000000000000000e+02 7.700000000000000000e+01 3.070000000000000000e+02
6.500000000000000000e+01 3.030000000000000000e+02 1.200000000000000000e+02 3.640000000000000000e+02
7.700000000000000000e+01 4.190000000000000000e+02 1.600000000000000000e+02 5.100000000000000000e+02
8.000000000000000000e+01 2.100000000000000000e+01 1.350000000000000000e+02 7.600000000000000000e+01
1.480000000000000000e+02 1.910000000000000000e+02 2.350000000000000000e+02 2.680000000000000000e+02
1.800000000000000000e+02 4.980000000000000000e+02 2.110000000000000000e+02 5.100000000000000000e+02
1.930000000000000000e+02 2.300000000000000000e+01 2.840000000000000000e+02 1.160000000000000000e+02
2.020000000000000000e+02 4.130000000000000000e+02 2.650000000000000000e+02 4.740000000000000000e+02
2.740000000000000000e+02 3.250000000000000000e+02 3.190000000000000000e+02 3.780000000000000000e+02
3.110000000000000000e+02 1.540000000000000000e+02 3.740000000000000000e+02 2.130000000000000000e+02
3.380000000000000000e+02 4.900000000000000000e+02 3.920000000000000000e+02 5.110000000000000000e+02
3.790000000000000000e+02 1.900000000000000000e+02 4.340000000000000000e+02 2.590000000000000000e+02
3.920000000000000000e+02 4.270000000000000000e+02 4.610000000000000000e+02 4.980000000000000000e+02
4.230000000000000000e+02 2.830000000000000000e+02 5.120000000000000000e+02 3.700000000000000000e+02
