0.000000000000000000e+00 4.250000000000000000e+02 5.800000000000000000e+01 4.900000000000000000e+02
5.200000000000000000e+01 4.030000000000000000e+02 9.300000000000000000e+01 4.420000000000000000e+02
5.300000000000000000e+01 3.010000000000000000e+02 1.300000000000000000e+02 3.700000000000000000e+02
1.260000000000000000e+02 9.400000000000000000e+01 1.950000000000000000e+02 1.610000000000000000e+02
1.370000000000000000e+02 0.000000000000000000e+00 1.860000000000000000e+02 2.600000000000000000e+01
1.390000000000000000e+02 3.020000000000000000e+02 2.550000000000000000e+02 4.060000000000000000e+02
2.550000000000000000e+02 3.600000000000000000e+02 3.490000000000000000e+02 4.630000000000000000e+02
2.850000000000000000e+02 4.000000000000000000e+00 3.380000000000000000e+02 6.100000000000000000e+01
2.970000000000000000e+02 1.050000000000000000e+02 3.480000000000000000e+02 1.480000000000000000e+02
3.060000000000000000e+02 2.920000000000000000e+02 3.790000000000000000e+02 3.630000000000000000e+02
3.880000000000000000e+02 4.650000000000000000e+02 4.510000000000000000e+02 5.120000000000000000e+02
3.910000000000000000e+02 4.900000000000000000e+01 4.650000000000000000e+02 1.340000000000000000e+02
3.950000000000000000e+02 1.430000000000000000e+02 4.660000000000000000e+02 2.160000000000000000e+02
4.410000000000000000e+02 3.830000000000000000e+02 5.120000000000000000e+02 4.580000000000000000e+02
