3.700000000000000000e+01 4.650000000000000000e+02 1.000000000000000000e+02 5.120000000000000000e+02
7.400000000000000000e+01 1.480000000000000000e+02 1.470000000000000000e+02 2.070000000000000000e+02
8.500000000000000000e+01 7.000000000000000000e+01 1.240000000000000000e+02 1.030000000000000000e+02
2.020000000000000000e+02 7.400000000000000000e+01 2.350000000000000000e+02 1.150000000000000000e+02
2.060000000000000000e+02 1.740000000000000000e+02 3.150000000000000000e+02 2.620000000000000000e+02
2.330000000000000000e+02 2.100000000000000000e+01 3.120000000000000000e+02 8.000000000000000000e+01
3.390000000000000000e+02 1.760000000000000000e+02 4.020000000000000000e+02 2.230000000000000000e+02
3.630000000000000000e+02 2.500000000000000000e+01 4.040000000000000000e+02 6.400000000000000000e+01
3.740000000000000000e+02 4.980000000000000000e+02 4.150000000000000000e+02 5.120000000000000000e+02
4.070000000000000000e+02 2.050000000000000000e+02 4.680000000000000000e+02 2.640000000000000000e+02
