0.000000000000000000e+00 3.200000000000000000e+01 6.700000000000000000e+01 9.300000000000000000e+01
0.000000000000000000e+00 9.400000000000000000e+01 5.100000000000000000e+01 1.490000000000000000e+02
0.000000000000000000e+00 2.730000000000000000e+02 3.200000000000000000e+01 2.950000000000000000e+02
0.000000000000000000e+00 2.970000000000000000e+02 7.200000000000000000e+01 3.680000000000000000e+02
3.600000000000000000e+01 1.240000000000000000e+02 8.700000000000000000e+01 1.820000000000000000e+02
7.300000000000000000e+01 3.180000000000000000e+02 1.410000000000000000e+02 3.960000000000000000e+02
1.030000000000000000e+02 4.060000000000000000e+02 1.700000000000000000e+02 5.020000000000000000e+02
1.060000000000000000e+02 3.500000000000000000e+01 2.030000000000000000e+02 1.560000000000000000e+02
1.480000000000000000e+02 2.960000000000000000e+02 2.030000000000000000e+02 3.470000000000000000e+02
1.710000000000000000e+02 0.000000000000000000e+00 2.670000000000000000e+02 4.300000000000000000e+01
1.720000000000000000e+02 2.070000000000000000e+02 2.460000000000000000e+02 2.820000000000000000e+02
1.860000000000000000e+02 3.490000000000000000e+02 2.460000000000000000e+02 4.020000000000000000e+02
2.080000000000000000e+02 4.290000000000000000e+02 3.020000000000000000e+02 5.120000000000000000e+02
2.780000000000000000e+02 0.000000000000000000e+00 3.430000000000000000e+02 1.900000000000000000e+01
3.660000000000000000e+02 0.000000000000000000e+00 3.710000000000000000e+02 2.000000000000000000e+00
4.280000000000000000e+02 4.600000000000000000e+02 4.990000000000000000e+02 5.120000000000000000e+02
4.550000000000000000e+02 3.020000000000000000e+02 4.990000000000000000e+02 3.450000000000000000e+02
4.740000000000000000e+02 8.700000000000000000e+01 5.120000000000000000e+02 1.350000000000000000e+02
4.800000000000000000e+02 6.000000000000000000e+01 4.970000000000000000e+02 7.900000000000000000e+01
4.920000000000000000e+02 2.250000000000000000e+02 5.120000000000000000e+02 2.670000000000000000e+02
