0.000000000000000000e+00 1.270000000000000000e+02 3.000000000000000000e+00 1.450000000000000000e+02
0.000000000000000000e+00 3.900000000000000000e+02 2.000000000000000000e+00 3.960000000000000000e+02
1.300000000000000000e+01 3.380000000000000000e+02 1.100000000000000000e+02 4.420000000000000000e+02
6.500000000000000000e+01 1.970000000000000000e+02 1.550000000000000000e+02 2.870000000000000000e+02
8.800000000000000000e+01 4.970000000000000000e+02 1.340000000000000000e+02 5.120000000000000000e+02
1.090000000000000000e+02 3.190000000000000000e+02 1.930000000000000000e+02 3.960000000000000000e+02
2.950000000000000000e+02 1.340000000000000000e+02 3.800000000000000000e+02 2.100000000000000000e+02
3.120000000000000000e+02 3.000000000000000000e+02 3.950000000000000000e+02 3.870000000000000000e+02
4.140000000000000000e+02 6.000000000000000000e+00 5.120000000000000000e+02 1.230000000000000000e+02
4.250000000000000000e+02 0.000000000000000000e+00 4.480000000000000000e+02 5.000000000000000000e+00
