3.100000000000000000e+01 3.500000000000000000e+02 9.500000000000000000e+01 4.060000000000000000e+02
1.070000000000000000e+02 5.080000000000000000e+02 1.250000000000000000e+02 5.120000000000000000e+02
1.430000000000000000e+02 4.330000000000000000e+02 2.210000000000000000e+02 5.100000000000000000e+02
1.550000000000000000e+02 1.000000000000000000e+02 2.180000000000000000e+02 1.750000000000000000e+02
2.020000000000000000e+02 1.460000000000000000e+02 3.040000000000000000e+02 2.610000000000000000e+02
2.200000000000000000e+02 6.700000000000000000e+01 2.900000000000000000e+02 1.410000000000000000e+02
2.490000000000000000e+02 3.710000000000000000e+02 3.390000000000000000e+02 4.620000000000000000e+02
2.620000000000000000e+02 4.660000000000000000e+02 3.120000000000000000e+02 5.060000000000000000e+02
3.150000000000000000e+02 4.000000000000000000e+00 3.810000000000000000e+02 3.500000000000000000e+01
5.000000000000000000e+02 1.830000000000000000e+02 5.120000000000000000e+02 2.220000000000000000e+02
5.020000000000000000e+02 3.470000000000000000e+02 5.120000000000000000e+02 3.780000000000000000e+02
