0.000000000000000000e+00 7.100000000000000000e+01 6.200000000000000000e+01 1.480000000000000000e+02
0.000000000000000000e+00 2.140000000000000000e+02 1.200000000000000000e+01 2.430000000000000000e+02
0.000000000000000000e+00 2.630000000000000000e+02 1.140000000000000000e+02 3.990000000000000000e+02
5.500000000000000000e+01 4.470000000000000000e+02 1.460000000000000000e+02 5.120000000000000000e+02
7.200000000000000000e+01 1.230000000000000000e+02 1.670000000000000000e+02 2.160000000000000000e+02
1.520000000000000000e+02 1.980000000000000000e+02 2.330000000000000000e+02 2.790000000000000000e+02
1.580000000000000000e+02 4.980000000000000000e+02 1.810000000000000000e+02 5.100000000000000000e+02
2.560000000000000000e+02 2.210000000000000000e+02 3.580000000000000000e+02 3.250000000000000000e+02
3.380000000000000000e+02 3.570000000000000000e+02 4.550000000000000000e+02 4.370000000000000000e+02
3.820000000000000000e+02 3.800000000000000000e+01 4.650000000000000000e+02 1.210000000000000000e+02
3.820000000000000000e+02 4.840000000000000000e+02 4.340000000000000000e+02 5.120000000000000000e+02
4.220000000000000000e+02 2.730000000000000000e+02 4.920000000000000000e+02 3.430000000000000000e+02
4.570000000000000000e+02 2.230000000000000000e+02 5.120000000000000000e+02 2.860000000000000000e+02
4.860000000000000000e+02 3.450000000000000000e+02 5.120000000000000000e+02 3.990000000000000000e+02
5.030000000000000000e+02 1.260000000000000000e+02 5.110000000000000000e+02 1.440000000000000000e+02
