1.000000000000000000e+01 3.750000000000000000e+02 7.700000000000000000e+01 4.300000000000000000e+02
1.300000000000000000e+01 3.150000000000000000e+02 6.700000000000000000e+01 3.730000000000000000e+02
2.200000000000000000e+01 1.330000000000000000e+02 9.800000000000000000e+01 1.910000000000000000e+02
9.900000000000000000e+01 4.500000000000000000e+02 1.230000000000000000e+02 4.770000000000000000e+02
1.400000000000000000e+02 1.510000000000000000e+02 1.980000000000000000e+02 2.150000000000000000e+02
1.490000000000000000e+02 0.000000000000000000e+00 1.810000000000000000e+02 1.500000000000000000e+01
1.740000000000000000e+02 4.870000000000000000e+02 2.130000000000000000e+02 5.070000000000000000e+02
1.950000000000000000e+02 3.180000000000000000e+02 2.410000000000000000e+02 3.600000000000000000e+02
2.450000000000000000e+02 0.000000000000000000e+00 2.980000000000000000e+02 3.400000000000000000e+01
2.460000000000000000e+02 3.890000000000000000e+02 2.640000000000000000e+02 4.090000000000000000e+02
2.660000000000000000e+02 4.250000000000000000e+02 3.270000000000000000e+02 4.730000000000000000e+02
2.730000000000000000e+02 5.010000000000000000e+02 3.200000000000000000e+02 5.120000000000000000e+02
2.850000000000000000e+02 2.210000000000000000e+02 3.950000000000000000e+02 3.080000000000000000e+02
3.050000000000000000e+02 1.430000000000000000e+02 3.800000000000000000e+02 2.130000000000000000e+02
3.570000000000000000e+02 5.110000000000000000e+02 3.620000000000000000e+02 5.120000000000000000e+02
3.580000000000000000e+02 2.790000000000000000e+02 4.050000000000000000e+02 3.060000000000000000e+02
4.960000000000000000e+02 4.810000000000000000e+02 5.120000000000000000e+02 5.120000000000000000e+02
5.050000000000000000e+02 0.000000000000000000e+00 5.120000000000000000e+02 6.000000000000000000e+00
