0.000000000000000000e+00 1.600000000000000000e+01 6.000000000000000000e+00 3.500000000000000000e+01
0.000000000000000000e+00 3.600000000000000000e+01 5.800000000000000000e+01 7.300000000000000000e+01
0.000000000000000000e+00 2.460000000000000000e+02 5.100000000000000000e+01 2.950000000000000000e+02
0.000000000000000000e+00 3.760000000000000000e+02 1.300000000000000000e+01 4.190000000000000000e+02
8.500000000000000000e+01 5.020000000000000000e+02 1.160000000000000000e+02 5.120000000000000000e+02
1.010000000000000000e+02 1.290000000000000000e+02 1.210000000000000000e+02 1.790000000000000000e+02
1.070000000000000000e+02 2.610000000000000000e+02 1.160000000000000000e+02 2.700000000000000000e+02
1.140000000000000000e+02 2.050000000000000000e+02 1.600000000000000000e+02 2.390000000000000000e+02
1.160000000000000000e+02 4.020000000000000000e+02 1.810000000000000000e+02 4.650000000000000000e+02
1.240000000000000000e+02 1.690000000000000000e+02 1.720000000000000000e+02 2.120000000000000000e+02
1.320000000000000000e+02 2.830000000000000000e+02 2.050000000000000000e+02 3.510000000000000000e+02
1.570000000000000000e+02 0.000000000000000000e+00 2.170000000000000000e+02 2.300000000000000000e+01
1.710000000000000000e+02 1.760000000000000000e+02 1.950000000000000000e+02 2.050000000000000000e+02
1.880000000000000000e+02 1.470000000000000000e+02 2.330000000000000000e+02 1.730000000000000000e+02
1.980000000000000000e+02 1.680000000000000000e+02 2.700000000000000000e+02 2.280000000000000000e+02
2.760000000000000000e+02 1.980000000000000000e+02 3.070000000000000000e+02 2.450000000000000000e+02
3.800000000000000000e+02 4.300000000000000000e+02 4.250000000000000000e+02 4.720000000000000000e+02
3.890000000000000000e+02 1.560000000000000000e+02 4.800000000000000000e+02 2.550000000000000000e+02
4.410000000000000000e+02 9.000000000000000000e+01 5.120000000000000000e+02 1.450000000000000000e+02
4.450000000000000000e+02 4.290000000000000000e+02 4.800000000000000000e+02 4.580000000000000000e+02
