0.000000000000000000e+00 3.400000000000000000e+01 2.200000000000000000e+01 9.100000000000000000e+01
0.000000000000000000e+00 3.620000000000000000e+02 8.900000000000000000e+01 4.490000000000000000e+02
2.300000000000000000e+01 1.350000000000000000e+02 7.400000000000000000e+01 1.880000000000000000e+02
4.300000000000000000e+01 0.000000000000000000e+00 1.070000000000000000e+02 2.600000000000000000e+01
1.430000000000000000e+02 3.250000000000000000e+02 1.970000000000000000e+02 3.790000000000000000e+02
1.880000000000000000e+02 6.000000000000000000e+00 2.750000000000000000e+02 8.700000000000000000e+01
2.130000000000000000e+02 3.160000000000000000e+02 3.010000000000000000e+02 4.010000000000000000e+02
3.060000000000000000e+02 5.600000000000000000e+01 3.820000000000000000e+02 1.310000000000000000e+02
3.220000000000000000e+02 4.780000000000000000e+02 3.860000000000000000e+02 5.120000000000000000e+02
4.140000000000000000e+02 2.040000000000000000e+02 5.120000000000000000e+02 2.980000000000000000e+02
4.160000000000000000e+02 4.080000000000000000e+02 4.810000000000000000e+02 4.790000000000000000e+02
4.650000000000000000e+02 0.000000000000000000e+00 5.120000000000000000e+02 2.200000000000000000e+01
