0.000000000000000000e+00 1.840000000000000000e+02 2.700000000000000000e+01 2.450000000000000000e+02
0.000000000000000000e+00 3.170000000000000000e+02 2.000000000000000000e+01 3.650000000000000000e+02
0.000000000000000000e+00 4.790000000000000000e+02 7.900000000000000000e+01 5.120000000000000000e+02
4.100000000000000000e+01 0.000000000000000000e+00 1.460000000000000000e+02 9.900000000000000000e+01
5.300000000000000000e+01 3.840000000000000000e+02 1.470000000000000000e+02 4.570000000000000000e+02
1.260000000000000000e+02 3.070000000000000000e+02 1.880000000000000000e+02 3.630000000000000000e+02
1.590000000000000000e+02 4.970000000000000000e+02 1.940000000000000000e+02 5.120000000000000000e+02
1.610000000000000000e+02 2.340000000000000000e+02 1.960000000000000000e+02 2.740000000000000000e+02
1.740000000000000000e+02 1.060000000000000000e+02 2.560000000000000000e+02 1.890000000000000000e+02
1.950000000000000000e+02 4.400000000000000000e+01 2.440000000000000000e+02 9.300000000000000000e+01
2.440000000000000000e+02 2.150000000000000000e+02 3.170000000000000000e+02 2.950000000000000000e+02
2.590000000000000000e+02 5.400000000000000000e+01 3.060000000000000000e+02 1.030000000000000000e+02
2.670000000000000000e+02 1.240000000000000000e+02 3.200000000000000000e+02 1.850000000000000000e+02
2.670000000000000000e+02 3.440000000000000000e+02 3.520000000000000000e+02 4.350000000000000000e+02
2.840000000000000000e+02 0.000000000000000000e+00 3.560000000000000000e+02 3.000000000000000000e+01
3.770000000000000000e+02 0.000000000000000000e+00 4.990000000000000000e+02 6.400000000000000000e+01
3.800000000000000000e+02 2.980000000000000000e+02 4.410000000000000000e+02 3.560000000000000000e+02
4.080000000000000000e+02 2.030000000000000000e+02 4.600000000000000000e+02 2.550000000000000000e+02
