0.000000000000000000e+00 4.400000000000000000e+01 3.000000000000000000e+00 5.800000000000000000e+01
5.000000000000000000e+01 0.000000000000000000e+00 1.310000000000000000e+02 3.200000000000000000e+01
5.200000000000000000e+01 2.230000000000000000e+02 7.600000000000000000e+01 2.490000000000000000e+02
7.200000000000000000e+01 1.570000000000000000e+02 9.700000000000000000e+01 1.840000000000000000e+02
8.100000000000000000e+01 7.000000000000000000e+01 2.000000000000000000e+02 1.930000000000000000e+02
1.840000000000000000e+02 1.890000000000000000e+02 2.190000000000000000e+02 2.310000000000000000e+02
2.180000000000000000e+02 2.260000000000000000e+02 2.660000000000000000e+02 2.880000000000000000e+02
2.660000000000000000e+02 1.000000000000000000e+00 3.560000000000000000e+02 9.500000000000000000e+01
3.300000000000000000e+02 3.200000000000000000e+02 3.720000000000000000e+02 3.700000000000000000e+02
3.620000000000000000e+02 0.000000000000000000e+00 3.640000000000000000e+02 1.000000000000000000e+00
3.770000000000000000e+02 1.910000000000000000e+02 4.570000000000000000e+02 2.770000000000000000e+02
3.780000000000000000e+02 5.400000000000000000e+01 4.390000000000000000e+02 1.190000000000000000e+02
4.640000000000000000e+02 8.100000000000000000e+01 5.120000000000000000e+02 1.490000000000000000e+02
4.790000000000000000e+02 2.880000000000000000e+02 5.120000000000000000e+02 3.400000000000000000e+02
