0.000000000000000000e+00 9.700000000000000000e+01 8.900000000000000000e+01 2.070000000000000000e+02
0.000000000000000000e+00 3.560000000000000000e+02 7.000000000000000000e+00 3.860000000000000000e+02
0.000000000000000000e+00 4.060000000000000000e+02 1.500000000000000000e+01 4.470000000000000000e+02
1.040000000000000000e+02 1.760000000000000000e+02 1.950000000000000000e+02 2.490000000000000000e+02
1.290000000000000000e+02 3.990000000000000000e+02 1.900000000000000000e+02 4.520000000000000000e+02
2.620000000000000000e+02 4.850000000000000000e+02 3.210000000000000000e+02 5.120000000000000000e+02
3.310000000000000000e+02 0.000000000000000000e+00 3.690000000000000000e+02 1.900000000000000000e+01
3.380000000000000000e+02 2.730000000000000000e+02 3.850000000000000000e+02 3.160000000000000000e+02
3.640000000000000000e+02 1.800000000000000000e+01 4.770000000000000000e+02 9.100000000000000000e+01
4.050000000000000000e+02 4.680000000000000000e+02 4.720000000000000000e+02 5.120000000000000000e+02
4.160000000000000000e+02 1.280000000000000000e+02 4.590000000000000000e+02 1.700000000000000000e+02
5.070000000000000000e+02 0.000000000000000000e+00 5.120000000000000000e+02 1.000000000000000000e+01
