0.000000000000000000e+00 1.540000000000000000e+02 3.100000000000000000e+01 2.000000000000000000e+02
0.000000000000000000e+00 2.790000000000000000e+02 9.100000000000000000e+01 4.760000000000000000e+02
2.000000000000000000e+01 3.000000000000000000e+01 6.500000000000000000e+01 7.600000000000000000e+01
4.800000000000000000e+01 8.200000000000000000e+01 9.300000000000000000e+01 1.230000000000000000e+02
1.100000000000000000e+02 5.080000000000000000e+02 1.310000000000000000e+02 5.120000000000000000e+02
1.380000000000000000e+02 0.000000000000000000e+00 2.290000000000000000e+02 7.600000000000000000e+01
1.580000000000000000e+02 4.100000000000000000e+02 2.200000000000000000e+02 4.690000000000000000e+02
1.880000000000000000e+02 9.500000000000000000e+01 2.300000000000000000e+02 1.380000000000000000e+02
1.920000000000000000e+02 3.280000000000000000e+02 2.270000000000000000e+02 3.730000000000000000e+02
2.390000000000000000e+02 8.100000000000000000e+01 3.140000000000000000e+02 1.630000000000000000e+02
2.460000000000000000e+02 4.480000000000000000e+02 2.790000000000000000e+02 4.690000000000000000e+02
3.610000000000000000e+02 0.000000000000000000e+00 4.230000000000000000e+02 5.600000000000000000e+01
3.830000000000000000e+02 1.040000000000000000e+02 4.840000000000000000e+02 2.070000000000000000e+02
4.030000000000000000e+02 2.780000000000000000e+02 4.610000000000000000e+02 3.350000000000000000e+02
4.780000000000000000e+02 3.870000000000000000e+02 5.120000000000000000e+02 4.510000000000000000e+02
