0.000000000000000000e+00 3.890000000000000000e+02 4.100000000000000000e+01 4.380000000000000000e+02
3.000000000000000000e+00 4.600000000000000000e+02 6.600000000000000000e+01 5.120000000000000000e+02
4.200000000000000000e+01 4.860000000000000000e+02 9.500000000000000000e+01 5.120000000000000000e+02
4.900000000000000000e+01 0.000000000000000000e+00 5.800000000000000000e+01 1.000000000000000000e+00
5.900000000000000000e+01 1.260000000000000000e+02 1.070000000000000000e+02 1.760000000000000000e+02
1.700000000000000000e+02 2.410000000000000000e+02 2.170000000000000000e+02 2.900000000000000000e+02
2.300000000000000000e+02 4.460000000000000000e+02 2.760000000000000000e+02 4.960000000000000000e+02
2.350000000000000000e+02 2.440000000000000000e+02 2.930000000000000000e+02 2.930000000000000000e+02
2.420000000000000000e+02 3.720000000000000000e+02 3.000000000000000000e+02 4.390000000000000000e+02
2.570000000000000000e+02 0.000000000000000000e+00 3.080000000000000000e+02 3.600000000000000000e+01
3.220000000000000000e+02 0.000000000000000000e+00 3.860000000000000000e+02 5.100000000000000000e+01
3.610000000000000000e+02 2.100000000000000000e+02 4.430000000000000000e+02 2.770000000000000000e+02
4.050000000000000000e+02 3.810000000000000000e+02 5.090000000000000000e+02 4.610000000000000000e+02
4.070000000000000000e+02 5.040000000000000000e+02 4.370000000000000000e+02 5.120000000000000000e+02
4.310000000000000000e+02 0.000000000000000000e+00 4.800000000000000000e+02 4.000000000000000000e+01
4.670000000000000000e+02 2.830000000000000000e+02 5.090000000000000000e+02 3.350000000000000000e+02
5.020000000000000000e+02 1.840000000000000000e+02 5.120000000000000000e+02 2.080000000000000000e+02
