0.000000000000000000e+00 4.270000000000000000e+02 3.900000000000000000e+01 4.860000000000000000e+02
3.600000000000000000e+01 4.120000000000000000e+02 1.060000000000000000e+02 4.650000000000000000e+02
8.200000000000000000e+01 9.400000000000000000e+01 1.450000000000000000e+02 1.610000000000000000e+02
8.300000000000000000e+01 4.380000000000000000e+02 1.260000000000000000e+02 4.870000000000000000e+02
8.700000000000000000e+01 3.300000000000000000e+02 1.350000000000000000e+02 3.770000000000000000e+02
1.250000000000000000e+02 1.960000000000000000e+02 1.480000000000000000e+02 2.280000000000000000e+02
1.390000000000000000e+02 4.520000000000000000e+02 2.010000000000000000e+02 5.060000000000000000e+02
1.480000000000000000e+02 0.000000000000000000e+00 1.800000000000000000e+02 1.600000000000000000e+01
2.490000000000000000e+02 9.100000000000000000e+01 2.940000000000000000e+02 1.390000000000000000e+02
2.570000000000000000e+02 4.900000000000000000e+02 3.000000000000000000e+02 5.120000000000000000e+02
2.750000000000000000e+02 3.140000000000000000e+02 3.150000000000000000e+02 3.500000000000000000e+02
3.360000000000000000e+02 1.540000000000000000e+02 3.910000000000000000e+02 1.890000000000000000e+02
3.390000000000000000e+02 3.920000000000000000e+02 4.230000000000000000e+02 4.740000000000000000e+02
3.640000000000000000e+02 2.760000000000000000e+02 4.100000000000000000e+02 3.150000000000000000e+02
3.720000000000000000e+02 1.840000000000000000e+02 3.980000000000000000e+02 2.380000000000000000e+02
4.030000000000000000e+02 0.000000000000000000e+00 4.920000000000000000e+02 7.500000000000000000e+01
4.070000000000000000e+02 1.870000000000000000e+02 4.290000000000000000e+02 2.300000000000000000e+02
4.370000000000000000e+02 4.180000000000000000e+02 4.850000000000000000e+02 4.630000000000000000e+02
5.000000000000000000e+02 3.200000000000000000e+02 5.120000000000000000e+02 3.550000000000000000e+02
