1.000000000000000000e+00 1.360000000000000000e+02 1.800000000000000000e+01 1.560000000000000000e+02
1.000000000000000000e+00 3.430000000000000000e+02 4.600000000000000000e+01 3.900000000000000000e+02
4.000000000000000000e+00 2.600000000000000000e+01 5.700000000000000000e+01 7.500000000000000000e+01
3.900000000000000000e+01 1.620000000000000000e+02 1.200000000000000000e+02 2.400000000000000000e+02
4.900000000000000000e+01 3.740000000000000000e+02 1.610000000000000000e+02 4.690000000000000000e+02
1.130000000000000000e+02 2.050000000000000000e+02 2.600000000000000000e+02 3.080000000000000000e+02
1.380000000000000000e+02 3.430000000000000000e+02 1.650000000000000000e+02 3.720000000000000000e+02
1.440000000000000000e+02 2.800000000000000000e+01 1.830000000000000000e+02 6.900000000000000000e+01
2.370000000000000000e+02 1.550000000000000000e+02 2.820000000000000000e+02 2.080000000000000000e+02
2.950000000000000000e+02 2.000000000000000000e+02 3.720000000000000000e+02 2.430000000000000000e+02
2.990000000000000000e+02 1.380000000000000000e+02 3.600000000000000000e+02 1.830000000000000000e+02
3.660000000000000000e+02 0.000000000000000000e+00 4.490000000000000000e+02 9.800000000000000000e+01
4.580000000000000000e+02 2.560000000000000000e+02 5.120000000000000000e+02 3.340000000000000000e+02
