1.800000000000000000e+01 2.500000000000000000e+02 8.000000000000000000e+01 3.110000000000000000e+02
3.000000000000000000e+01 3.840000000000000000e+02 8.600000000000000000e+01 4.420000000000000000e+02
8.900000000000000000e+01 3.030000000000000000e+02 1.430000000000000000e+02 3.590000000000000000e+02
9.200000000000000000e+01 5.100000000000000000e+02 1.030000000000000000e+02 5.120000000000000000e+02
1.170000000000000000e+02 0.000000000000000000e+00 3.060000000000000000e+02 1.190000000000000000e+02
1.570000000000000000e+02 1.800000000000000000e+02 2.250000000000000000e+02 2.490000000000000000e+02
1.610000000000000000e+02 2.560000000000000000e+02 2.070000000000000000e+02 3.060000000000000000e+02
2.490000000000000000e+02 2.930000000000000000e+02 2.940000000000000000e+02 3.390000000000000000e+02
3.170000000000000000e+02 1.510000000000000000e+02 4.820000000000000000e+02 2.380000000000000000e+02
3.480000000000000000e+02 4.100000000000000000e+02 3.830000000000000000e+02 4.450000000000000000e+02
4.180000000000000000e+02 4.470000000000000000e+02 5.030000000000000000e+02 5.120000000000000000e+02
4.690000000000000000e+02 5.400000000000000000e+01 5.120000000000000000e+02 1.610000000000000000e+02
4.990000000000000000e+02 1.860000000000000000e+02 5.120000000000000000e+02 2.160000000000000000e+02
