0.000000000000000000e+00 1.900000000000000000e+02 1.090000000000000000e+02 2.990000000000000000e+02
1.000000000000000000e+00 6.400000000000000000e+01 7.300000000000000000e+01 1.360000000000000000e+02
6.100000000000000000e+01 3.720000000000000000e+02 1.540000000000000000e+02 4.650000000000000000e+02
1.550000000000000000e+02 2.360000000000000000e+02 2.140000000000000000e+02 2.910000000000000000e+02
1.570000000000000000e+02 5.700000000000000000e+01 2.240000000000000000e+02 1.120000000000000000e+02
2.620000000000000000e+02 3.550000000000000000e+02 3.710000000000000000e+02 4.460000000000000000e+02
3.080000000000000000e+02 5.900000000000000000e+01 3.690000000000000000e+02 1.100000000000000000e+02
3.440000000000000000e+02 2.960000000000000000e+02 4.110000000000000000e+02 3.570000000000000000e+02
3.930000000000000000e+02 4.030000000000000000e+02 5.120000000000000000e+02 5.020000000000000000e+02
4.160000000000000000e+02 2.000000000000000000e+01 4.850000000000000000e+02 1.070000000000000000e+02
4.760000000000000000e+02 0.000000000000000000e+00 5.120000000000000000e+02 2.400000000000000000e+01
4.850000000000000000e+02 2.700000000000000000e+02 5.110000000000000000e+02 3.380000000000000000e+02
