4.000000000000000000e+00 3.500000000000000000e+02 6.500000000000000000e+01 4.430000000000000000e+02
3.900000000000000000e+01 2.800000000000000000e+02 1.080000000000000000e+02 3.530000000000000000e+02
8.000000000000000000e+01 2.000000000000000000e+00 1.420000000000000000e+02 2.800000000000000000e+01
1.190000000000000000e+02 1.230000000000000000e+02 2.420000000000000000e+02 2.120000000000000000e+02
1.840000000000000000e+02 3.720000000000000000e+02 2.920000000000000000e+02 4.780000000000000000e+02
2.700000000000000000e+02 2.750000000000000000e+02 3.470000000000000000e+02 3.500000000000000000e+02
3.140000000000000000e+02 8.000000000000000000e+00 4.020000000000000000e+02 9.000000000000000000e+01
4.320000000000000000e+02 5.600000000000000000e+01 4.850000000000000000e+02 1.060000000000000000e+02
4.370000000000000000e+02 2.530000000000000000e+02 4.850000000000000000e+02 3.020000000000000000e+02
4.630000000000000000e+02 4.100000000000000000e+02 5.120000000000000000e+02 4.900000000000000000e+02
