3.000000000000000000e+00 2.240000000000000000e+02 5.200000000000000000e+01 2.940000000000000000e+02
3.000000000000000000e+00 3.610000000000000000e+02 4.500000000000000000e+01 4.460000000000000000e+02
4.000000000000000000e+01 2.000000000000000000e+00 1.220000000000000000e+02 5.800000000000000000e+01
5.100000000000000000e+01 4.020000000000000000e+02 1.060000000000000000e+02 4.570000000000000000e+02
8.000000000000000000e+01 2.100000000000000000e+02 1.640000000000000000e+02 2.890000000000000000e+02
9.500000000000000000e+01 1.030000000000000000e+02 1.660000000000000000e+02 2.040000000000000000e+02
1.680000000000000000e+02 1.000000000000000000e+00 2.430000000000000000e+02 8.300000000000000000e+01
1.730000000000000000e+02 1.160000000000000000e+02 3.040000000000000000e+02 2.420000000000000000e+02
2.040000000000000000e+02 2.670000000000000000e+02 2.570000000000000000e+02 3.220000000000000000e+02
2.400000000000000000e+02 5.100000000000000000e+01 2.950000000000000000e+02 1.060000000000000000e+02
2.610000000000000000e+02 0.000000000000000000e+00 3.560000000000000000e+02 5.300000000000000000e+01
2.970000000000000000e+02 4.230000000000000000e+02 3.760000000000000000e+02 5.120000000000000000e+02
3.060000000000000000e+02 1.040000000000000000e+02 4.110000000000000000e+02 1.980000000000000000e+02
3.980000000000000000e+02 4.910000000000000000e+02 4.410000000000000000e+02 5.120000000000000000e+02
4.090000000000000000e+02 1.760000000000000000e+02 4.960000000000000000e+02 2.650000000000000000e+02
4.390000000000000000e+02 4.320000000000000000e+02 5.100000000000000000e+02 5.010000000000000000e+02
