0.000000000000000000e+00 6.100000000000000000e+01 5.700000000000000000e+01 1.240000000000000000e+02
0.000000000000000000e+00 1.740000000000000000e+02 7.700000000000000000e+01 2.610000000000000000e+02
2.300000000000000000e+01 3.820000000000000000e+02 1.080000000000000000e+02 4.670000000000000000e+02
2.900000000000000000e+01 4.800000000000000000e+02 8.800000000000000000e+01 5.120000000000000000e+02
8.700000000000000000e+01 0.000000000000000000e+00 1.520000000000000000e+02 5.200000000000000000e+01
1.200000000000000000e+02 1.380000000000000000e+02 1.830000000000000000e+02 2.050000000000000000e+02
1.580000000000000000e+02 7.600000000000000000e+01 2.390000000000000000e+02 1.590000000000000000e+02
1.990000000000000000e+02 0.000000000000000000e+00 2.330000000000000000e+02 1.900000000000000000e+01
2.140000000000000000e+02 3.290000000000000000e+02 3.130000000000000000e+02 4.080000000000000000e+02
2.420000000000000000e+02 6.200000000000000000e+01 3.050000000000000000e+02 1.270000000000000000e+02
2.480000000000000000e+02 0.000000000000000000e+00 2.860000000000000000e+02 2.100000000000000000e+01
2.620000000000000000e+02 4.080000000000000000e+02 3.530000000000000000e+02 5.120000000000000000e+02
3.040000000000000000e+02 0.000000000000000000e+00 3.330000000000000000e+02 1.200000000000000000e+01
3.460000000000000000e+02 5.100000000000000000e+01 4.070000000000000000e+02 1.160000000000000000e+02
3.670000000000000000e+02 1.480000000000000000e+02 4.460000000000000000e+02 2.310000000000000000e+02
3.760000000000000000e+02 3.230000000000000000e+02 4.510000000000000000e+02 3.980000000000000000e+02
4.040000000000000000e+02 4.460000000000000000e+02 4.570000000000000000e+02 4.990000000000000000e+02
4.520000000000000000e+02 2.610000000000000000e+02 5.050000000000000000e+02 3.120000000000000000e+02
4.890000000000000000e+02 4.060000000000000000e+02 5.120000000000000000e+02 4.650000000000000000e+02
4.980000000000000000e+02 2.310000000000000000e+02 5.110000000000000000e+02 2.630000000000000000e+02
