0.000000000000000000e+00 3.750000000000000000e+02 1.100000000000000000e+02 5.120000000000000000e+02
4.000000000000000000e+01 2.380000000000000000e+02 1.260000000000000000e+02 3.150000000000000000e+02
1.050000000000000000e+02 4.470000000000000000e+02 1.600000000000000000e+02 5.020000000000000000e+02
1.590000000000000000e+02 3.280000000000000000e+02 2.480000000000000000e+02 4.090000000000000000e+02
1.870000000000000000e+02 3.060000000000000000e+02 2.210000000000000000e+02 3.260000000000000000e+02
2.200000000000000000e+02 0.000000000000000000e+00 2.820000000000000000e+02 1.600000000000000000e+01
2.270000000000000000e+02 4.080000000000000000e+02 3.150000000000000000e+02 4.980000000000000000e+02
2.490000000000000000e+02 2.000000000000000000e+01 3.120000000000000000e+02 8.900000000000000000e+01
3.440000000000000000e+02 2.310000000000000000e+02 3.980000000000000000e+02 2.860000000000000000e+02
3.590000000000000000e+02 5.030000000000000000e+02 3.860000000000000000e+02 5.120000000000000000e+02
3.800000000000000000e+02 1.570000000000000000e+02 5.120000000000000000e+02 2.690000000000000000e+02
4.840000000000000000e+02 0.000000000000000000e+00 5.120000000000000000e+02 2.200000000000000000e+01
4.910000000000000000e+02 4.300000000000000000e+01 5.120000000000000000e+02 1.010000000000000000e+02
