0.000000000000000000e+00 6.600000000000000000e+01 4.800000000000000000e+01 1.400000000000000000e+02
0.000000000000000000e+00 3.730000000000000000e+02 6.200000000000000000e+01 4.400000000000000000e+02
4.800000000000000000e+01 4.950000000000000000e+02 1.190000000000000000e+02 5.120000000000000000e+02
5.000000000000000000e+01 2.340000000000000000e+02 1.550000000000000000e+02 3.170000000000000000e+02
1.200000000000000000e+02 4.000000000000000000e+01 1.870000000000000000e+02 1.030000000000000000e+02
1.240000000000000000e+02 2.000000000000000000e+00 1.760000000000000000e+02 2.300000000000000000e+01
1.580000000000000000e+02 4.200000000000000000e+02 2.530000000000000000e+02 5.120000000000000000e+02
1.920000000000000000e+02 1.870000000000000000e+02 2.430000000000000000e+02 2.260000000000000000e+02
2.180000000000000000e+02 2.700000000000000000e+01 4.150000000000000000e+02 1.330000000000000000e+02
2.560000000000000000e+02 4.980000000000000000e+02 2.990000000000000000e+02 5.120000000000000000e+02
2.680000000000000000e+02 3.440000000000000000e+02 3.510000000000000000e+02 4.190000000000000000e+02
4.210000000000000000e+02 9.200000000000000000e+01 4.820000000000000000e+02 1.490000000000000000e+02
4.950000000000000000e+02 1.600000000000000000e+02 5.120000000000000000e+02 2.380000000000000000e+02
