0.000000000000000000e+00 3.770000000000000000e+02 6.500000000000000000e+01 4.640000000000000000e+02
1.000000000000000000e+00 1.500000000000000000e+02 3.400000000000000000e+01 2.350000000000000000e+02
6.000000000000000000e+00 4.000000000000000000e+01 6.900000000000000000e+01 1.050000000000000000e+02
3.100000000000000000e+01 2.680000000000000000e+02 2.060000000000000000e+02 3.620000000000000000e+02
4.700000000000000000e+01 1.700000000000000000e+02 1.320000000000000000e+02 2.560000000000000000e+02
1.030000000000000000e+02 7.400000000000000000e+01 1.960000000000000000e+02 1.690000000000000000e+02
1.330000000000000000e+02 3.580000000000000000e+02 2.000000000000000000e+02 4.250000000000000000e+02
1.570000000000000000e+02 4.890000000000000000e+02 2.140000000000000000e+02 5.120000000000000000e+02
2.360000000000000000e+02 3.480000000000000000e+02 3.010000000000000000e+02 4.130000000000000000e+02
2.800000000000000000e+02 1.420000000000000000e+02 3.890000000000000000e+02 2.470000000000000000e+02
3.030000000000000000e+02 5.800000000000000000e+01 3.870000000000000000e+02 1.390000000000000000e+02
3.060000000000000000e+02 3.650000000000000000e+02 3.690000000000000000e+02 4.380000000000000000e+02
4.450000000000000000e+02 3.360000000000000000e+02 5.120000000000000000e+02 4.070000000000000000e+02
4.730000000000000000e+02 0.000000000000000000e+00 5.120000000000000000e+02 2.700000000000000000e+01
