0.000000000000000000e+00 2.140000000000000000e+02 9.800000000000000000e+01 3.080000000000000000e+02
0.000000000000000000e+00 4.900000000000000000e+02 4.700000000000000000e+01 5.120000000000000000e+02
3.100000000000000000e+01 3.300000000000000000e+01 9.600000000000000000e+01 1.040000000000000000e+02
1.260000000000000000e+02 0.000000000000000000e+00 1.900000000000000000e+02 3.400000000000000000e+01
1.300000000000000000e+02 3.810000000000000000e+02 2.060000000000000000e+02 4.560000000000000000e+02
2.110000000000000000e+02 1.110000000000000000e+02 2.990000000000000000e+02 1.960000000000000000e+02
2.370000000000000000e+02 4.250000000000000000e+02 3.240000000000000000e+02 5.060000000000000000e+02
3.150000000000000000e+02 1.330000000000000000e+02 3.690000000000000000e+02 1.870000000000000000e+02
4.050000000000000000e+02 4.860000000000000000e+02 4.690000000000000000e+02 5.120000000000000000e+02
4.230000000000000000e+02 6.300000000000000000e+01 5.120000000000000000e+02 1.500000000000000000e+02
4.380000000000000000e+02 3.240000000000000000e+02 4.890000000000000000e+02 3.770000000000000000e+02
4.900000000000000000e+02 4.210000000000000000e+02 5.120000000000000000e+02 4.780000000000000000e+02
