0.000000000000000000e+00 8.900000000000000000e+01 2.300000000000000000e+01 1.480000000000000000e+02
0.000000000000000000e+00 2.260000000000000000e+02 1.810000000000000000e+02 5.010000000000000000e+02
0.000000000000000000e+00 4.440000000000000000e+02 2.700000000000000000e+01 4.990000000000000000e+02
3.000000000000000000e+00 1.000000000000000000e+00 2.600000000000000000e+01 1.600000000000000000e+01
4.200000000000000000e+01 0.000000000000000000e+00 8.300000000000000000e+01 2.900000000000000000e+01
4.500000000000000000e+01 4.500000000000000000e+01 1.300000000000000000e+02 1.220000000000000000e+02
1.140000000000000000e+02 1.730000000000000000e+02 1.650000000000000000e+02 2.220000000000000000e+02
1.450000000000000000e+02 0.000000000000000000e+00 2.430000000000000000e+02 7.300000000000000000e+01
1.520000000000000000e+02 5.050000000000000000e+02 2.010000000000000000e+02 5.120000000000000000e+02
1.610000000000000000e+02 6.600000000000000000e+01 2.810000000000000000e+02 2.180000000000000000e+02
2.430000000000000000e+02 2.690000000000000000e+02 3.160000000000000000e+02 3.420000000000000000e+02
2.620000000000000000e+02 3.410000000000000000e+02 3.370000000000000000e+02 4.260000000000000000e+02
2.790000000000000000e+02 4.600000000000000000e+02 3.520000000000000000e+02 5.120000000000000000e+02
2.900000000000000000e+02 0.000000000000000000e+00 3.960000000000000000e+02 9.000000000000000000e+01
3.360000000000000000e+02 2.930000000000000000e+02 3.970000000000000000e+02 3.560000000000000000e+02
4.420000000000000000e+02 4.010000000000000000e+02 5.120000000000000000e+02 4.760000000000000000e+02
4.560000000000000000e+02 1.740000000000000000e+02 5.120000000000000000e+02 2.590000000000000000e+02
