0.000000000000000000e+00 3.270000000000000000e+02 5.800000000000000000e+01 3.830000000000000000e+02
4.000000000000000000e+00 1.120000000000000000e+02 7.300000000000000000e+01 1.810000000000000000e+02
3.100000000000000000e+01 4.000000000000000000e+00 1.080000000000000000e+02 7.600000000000000000e+01
4.300000000000000000e+01 2.520000000000000000e+02 8.600000000000000000e+01 2.980000000000000000e+02
9.600000000000000000e+01 2.760000000000000000e+02 1.590000000000000000e+02 3.380000000000000000e+02
1.330000000000000000e+02 7.300000000000000000e+01 1.880000000000000000e+02 1.330000000000000000e+02
2.080000000000000000e+02 3.700000000000000000e+02 2.570000000000000000e+02 4.190000000000000000e+02
2.460000000000000000e+02 2.090000000000000000e+02 3.360000000000000000e+02 2.920000000000000000e+02
3.140000000000000000e+02 1.100000000000000000e+02 3.760000000000000000e+02 1.720000000000000000e+02
3.320000000000000000e+02 4.640000000000000000e+02 4.530000000000000000e+02 5.120000000000000000e+02
3.360000000000000000e+02 1.510000000000000000e+02 4.390000000000000000e+02 3.110000000000000000e+02
3.830000000000000000e+02 4.000000000000000000e+00 4.220000000000000000e+02 1.700000000000000000e+01
4.100000000000000000e+02 4.700000000000000000e+01 4.580000000000000000e+02 9.600000000000000000e+01
4.920000000000000000e+02 1.990000000000000000e+02 5.120000000000000000e+02 2.390000000000000000e+02
