0.000000000000000000e+00 4.260000000000000000e+02 2.800000000000000000e+01 4.790000000000000000e+02
1.000000000000000000e+01 7.200000000000000000e+01 7.000000000000000000e+01 1.350000000000000000e+02
2.000000000000000000e+01 3.670000000000000000e+02 6.800000000000000000e+01 4.020000000000000000e+02
6.000000000000000000e+01 0.000000000000000000e+00 1.050000000000000000e+02 1.400000000000000000e+01
1.270000000000000000e+02 2.990000000000000000e+02 1.890000000000000000e+02 3.540000000000000000e+02
1.700000000000000000e+02 1.040000000000000000e+02 2.300000000000000000e+02 1.650000000000000000e+02
1.980000000000000000e+02 2.870000000000000000e+02 2.510000000000000000e+02 3.310000000000000000e+02
2.230000000000000000e+02 2.530000000000000000e+02 2.750000000000000000e+02 3.030000000000000000e+02
2.240000000000000000e+02 3.730000000000000000e+02 2.940000000000000000e+02 4.240000000000000000e+02
2.720000000000000000e+02 2.020000000000000000e+02 3.070000000000000000e+02 2.330000000000000000e+02
2.730000000000000000e+02 4.990000000000000000e+02 3.120000000000000000e+02 5.120000000000000000e+02
2.810000000000000000e+02 1.000000000000000000e+02 3.170000000000000000e+02 1.500000000000000000e+02
3.130000000000000000e+02 1.560000000000000000e+02 3.700000000000000000e+02 2.070000000000000000e+02
3.160000000000000000e+02 2.850000000000000000e+02 3.810000000000000000e+02 3.430000000000000000e+02
3.460000000000000000e+02 4.930000000000000000e+02 3.910000000000000000e+02 5.120000000000000000e+02
3.870000000000000000e+02 3.610000000000000000e+02 4.090000000000000000e+02 3.760000000000000000e+02
4.810000000000000000e+02 3.420000000000000000e+02 5.120000000000000000e+02 3.920000000000000000e+02
