0.000000000000000000e+00 2.030000000000000000e+02 2.300000000000000000e+01 2.320000000000000000e+02
0.000000000000000000e+00 2.420000000000000000e+02 1.100000000000000000e+01 2.860000000000000000e+02
2.500000000000000000e+01 4.400000000000000000e+01 1.110000000000000000e+02 1.140000000000000000e+02
8.100000000000000000e+01 3.410000000000000000e+02 1.030000000000000000e+02 3.620000000000000000e+02
1.420000000000000000e+02 1.060000000000000000e+02 1.910000000000000000e+02 1.530000000000000000e+02
1.770000000000000000e+02 3.500000000000000000e+02 2.300000000000000000e+02 3.970000000000000000e+02
1.950000000000000000e+02 2.990000000000000000e+02 2.580000000000000000e+02 3.530000000000000000e+02
2.610000000000000000e+02 4.240000000000000000e+02 3.200000000000000000e+02 4.720000000000000000e+02
2.650000000000000000e+02 3.380000000000000000e+02 3.320000000000000000e+02 4.030000000000000000e+02
3.330000000000000000e+02 2.910000000000000000e+02 3.730000000000000000e+02 3.360000000000000000e+02
3.630000000000000000e+02 4.540000000000000000e+02 4.000000000000000000e+02 4.950000000000000000e+02
3.970000000000000000e+02 1.910000000000000000e+02 4.420000000000000000e+02 2.270000000000000000e+02
4.240000000000000000e+02 2.040000000000000000e+02 4.780000000000000000e+02 2.730000000000000000e+02
4.470000000000000000e+02 9.700000000000000000e+01 4.970000000000000000e+02 1.360000000000000000e+02
4.520000000000000000e+02 5.000000000000000000e+00 5.120000000000000000e+02 4.600000000000000000e+01
4.880000000000000000e+02 4.700000000000000000e+01 5.120000000000000000e+02 7.500000000000000000e+01
4.890000000000000000e+02 3.310000000000000000e+02 5.120000000000000000e+02 3.840000000000000000e+02
5.110000000000000000e+02 9.700000000000000000e+01 5.120000000000000000e+02 1.020000000000000000e+02
