0.000000000000000000e+00 0.000000000000000000e+00 7.900000000000000000e+01 6.900000000000000000e+01
0.000000000000000000e+00 8.800000000000000000e+01 5.700000000000000000e+01 1.420000000000000000e+02
0.000000000000000000e+00 4.240000000000000000e+02 1.100000000000000000e+01 4.730000000000000000e+02
3.100000000000000000e+01 3.980000000000000000e+02 8.900000000000000000e+01 4.530000000000000000e+02
3.400000000000000000e+01 2.980000000000000000e+02 1.040000000000000000e+02 3.810000000000000000e+02
5.300000000000000000e+01 4.750000000000000000e+02 9.300000000000000000e+01 5.120000000000000000e+02
7.400000000000000000e+01 1.890000000000000000e+02 9.700000000000000000e+01 2.180000000000000000e+02
9.800000000000000000e+01 5.010000000000000000e+02 1.380000000000000000e+02 5.120000000000000000e+02
1.490000000000000000e+02 7.200000000000000000e+01 1.870000000000000000e+02 1.220000000000000000e+02
1.500000000000000000e+02 1.460000000000000000e+02 2.080000000000000000e+02 2.070000000000000000e+02
1.510000000000000000e+02 2.850000000000000000e+02 2.040000000000000000e+02 3.270000000000000000e+02
2.120000000000000000e+02 1.510000000000000000e+02 2.640000000000000000e+02 1.860000000000000000e+02
2.600000000000000000e+02 3.850000000000000000e+02 3.140000000000000000e+02 4.540000000000000000e+02
2.950000000000000000e+02 1.910000000000000000e+02 3.570000000000000000e+02 2.740000000000000000e+02
3.100000000000000000e+02 1.500000000000000000e+01 3.950000000000000000e+02 8.800000000000000000e+01
3.960000000000000000e+02 3.330000000000000000e+02 4.900000000000000000e+02 4.010000000000000000e+02
4.950000000000000000e+02 1.220000000000000000e+02 5.120000000000000000e+02 1.670000000000000000e+02
