0.000000000000000000e+00 9.100000000000000000e+01 3.800000000000000000e+01 1.820000000000000000e+02
0.000000000000000000e+00 1.500000000000000000e+02 6.000000000000000000e+01 2.130000000000000000e+02
0.000000000000000000e+00 4.000000000000000000e+02 4.500000000000000000e+01 4.660000000000000000e+02
1.600000000000000000e+01 2.500000000000000000e+02 1.200000000000000000e+02 3.620000000000000000e+02
4.500000000000000000e+01 7.000000000000000000e+00 1.180000000000000000e+02 8.800000000000000000e+01
6.700000000000000000e+01 1.130000000000000000e+02 1.900000000000000000e+02 2.120000000000000000e+02
1.360000000000000000e+02 2.260000000000000000e+02 2.360000000000000000e+02 3.190000000000000000e+02
1.430000000000000000e+02 3.000000000000000000e+01 2.080000000000000000e+02 9.700000000000000000e+01
1.540000000000000000e+02 4.220000000000000000e+02 2.130000000000000000e+02 4.830000000000000000e+02
1.860000000000000000e+02 3.040000000000000000e+02 2.970000000000000000e+02 3.800000000000000000e+02
2.170000000000000000e+02 4.400000000000000000e+02 3.010000000000000000e+02 5.120000000000000000e+02
2.920000000000000000e+02 3.700000000000000000e+01 3.540000000000000000e+02 1.000000000000000000e+02
3.430000000000000000e+02 1.730000000000000000e+02 4.780000000000000000e+02 2.800000000000000000e+02
3.550000000000000000e+02 5.010000000000000000e+02 3.780000000000000000e+02 5.120000000000000000e+02
3.940000000000000000e+02 0.000000000000000000e+00 4.630000000000000000e+02 9.100000000000000000e+01
4.730000000000000000e+02 4.260000000000000000e+02 5.110000000000000000e+02 4.960000000000000000e+02
4.840000000000000000e+02 1.000000000000000000e+00 5.110000000000000000e+02 2.200000000000000000e+01
4.860000000000000000e+02 6.100000000000000000e+01 5.110000000000000000e+02 1.190000000000000000e+02
