0.000000000000000000e+00 0.000000000000000000e+00 7.100000000000000000e+01 6.500000000000000000e+01
0.000000000000000000e+00 1.800000000000000000e+02 2.000000000000000000e+00 1.940000000000000000e+02
0.000000000000000000e+00 2.320000000000000000e+02 5.900000000000000000e+01 2.940000000000000000e+02
0.000000000000000000e+00 3.120000000000000000e+02 1.300000000000000000e+01 3.600000000000000000e+02
6.000000000000000000e+00 3.800000000000000000e+02 8.300000000000000000e+01 4.690000000000000000e+02
3.900000000000000000e+01 3.310000000000000000e+02 9.100000000000000000e+01 3.790000000000000000e+02
6.200000000000000000e+01 2.280000000000000000e+02 1.100000000000000000e+02 2.860000000000000000e+02
6.800000000000000000e+01 4.490000000000000000e+02 1.340000000000000000e+02 5.080000000000000000e+02
1.020000000000000000e+02 9.900000000000000000e+01 1.460000000000000000e+02 1.490000000000000000e+02
1.350000000000000000e+02 3.700000000000000000e+02 1.910000000000000000e+02 4.250000000000000000e+02
1.530000000000000000e+02 2.650000000000000000e+02 2.700000000000000000e+02 3.710000000000000000e+02
1.800000000000000000e+02 3.820000000000000000e+02 2.580000000000000000e+02 4.650000000000000000e+02
1.940000000000000000e+02 1.850000000000000000e+02 2.410000000000000000e+02 2.290000000000000000e+02
1.990000000000000000e+02 4.520000000000000000e+02 2.640000000000000000e+02 4.960000000000000000e+02
2.180000000000000000e+02 5.060000000000000000e+02 2.510000000000000000e+02 5.120000000000000000e+02
2.650000000000000000e+02 3.290000000000000000e+02 3.110000000000000000e+02 3.730000000000000000e+02
2.860000000000000000e+02 2.350000000000000000e+02 3.490000000000000000e+02 3.010000000000000000e+02
2.940000000000000000e+02 3.200000000000000000e+01 3.540000000000000000e+02 1.370000000000000000e+02
3.350000000000000000e+02 4.520000000000000000e+02 4.040000000000000000e+02 5.120000000000000000e+02
3.470000000000000000e+02 2.500000000000000000e+01 4.190000000000000000e+02 9.200000000000000000e+01
3.640000000000000000e+02 3.300000000000000000e+02 4.140000000000000000e+02 3.820000000000000000e+02
3.750000000000000000e+02 2.760000000000000000e+02 4.160000000000000000e+02 3.170000000000000000e+02
3.750000000000000000e+02 3.950000000000000000e+02 4.660000000000000000e+02 4.450000000000000000e+02
4.180000000000000000e+02 0.000000000000000000e+00 4.760000000000000000e+02 3.800000000000000000e+01
4.690000000000000000e+02 4.840000000000000000e+02 5.120000000000000000e+02 5.120000000000000000e+02
4.700000000000000000e+02 1.510000000000000000e+02 5.120000000000000000e+02 2.170000000000000000e+02
4.730000000000000000e+02 2.360000000000000000e+02 5.120000000000000000e+02 3.060000000000000000e+02
4.890000000000000000e+02 0.000000000000000000e+00 5.120000000000000000e+02 2.700000000000000000e+01
