0.000000000000000000e+00 1.510000000000000000e+02 3.900000000000000000e+01 2.110000000000000000e+02
5.500000000000000000e+01 2.000000000000000000e+00 1.330000000000000000e+02 9.800000000000000000e+01
1.250000000000000000e+02 4.310000000000000000e+02 1.740000000000000000e+02 4.780000000000000000e+02
1.610000000000000000e+02 2.500000000000000000e+02 2.280000000000000000e+02 3.110000000000000000e+02
1.670000000000000000e+02 1.650000000000000000e+02 2.310000000000000000e+02 2.280000000000000000e+02
1.950000000000000000e+02 5.110000000000000000e+02 2.010000000000000000e+02 5.120000000000000000e+02
2.460000000000000000e+02 3.100000000000000000e+01 4.130000000000000000e+02 1.370000000000000000e+02
3.040000000000000000e+02 2.040000000000000000e+02 3.800000000000000000e+02 2.820000000000000000e+02
3.420000000000000000e+02 3.470000000000000000e+02 3.820000000000000000e+02 3.870000000000000000e+02
3.890000000000000000e+02 4.990000000000000000e+02 4.270000000000000000e+02 5.120000000000000000e+02
4.570000000000000000e+02 4.100000000000000000e+01 5.120000000000000000e+02 1.390000000000000000e+02
4.890000000000000000e+02 4.660000000000000000e+02 5.120000000000000000e+02 5.120000000000000000e+02
