0.000000000000000000e+00 1.180000000000000000e+02 2.600000000000000000e+01 1.720000000000000000e+02
0.000000000000000000e+00 3.000000000000000000e+02 1.300000000000000000e+01 3.330000000000000000e+02
0.000000000000000000e+00 3.480000000000000000e+02 6.900000000000000000e+01 4.070000000000000000e+02
0.000000000000000000e+00 4.540000000000000000e+02 4.500000000000000000e+01 5.040000000000000000e+02
1.300000000000000000e+01 4.800000000000000000e+01 8.800000000000000000e+01 1.180000000000000000e+02
3.600000000000000000e+01 2.510000000000000000e+02 9.100000000000000000e+01 3.000000000000000000e+02
5.400000000000000000e+01 3.960000000000000000e+02 8.500000000000000000e+01 4.270000000000000000e+02
1.420000000000000000e+02 2.030000000000000000e+02 1.800000000000000000e+02 2.360000000000000000e+02
1.440000000000000000e+02 4.000000000000000000e+01 2.220000000000000000e+02 8.800000000000000000e+01
1.470000000000000000e+02 0.000000000000000000e+00 1.850000000000000000e+02 2.900000000000000000e+01
1.510000000000000000e+02 3.990000000000000000e+02 2.000000000000000000e+02 4.430000000000000000e+02
2.110000000000000000e+02 4.350000000000000000e+02 2.540000000000000000e+02 4.800000000000000000e+02
2.510000000000000000e+02 2.830000000000000000e+02 3.150000000000000000e+02 3.600000000000000000e+02
2.600000000000000000e+02 7.700000000000000000e+01 3.210000000000000000e+02 1.230000000000000000e+02
3.120000000000000000e+02 1.370000000000000000e+02 3.600000000000000000e+02 1.920000000000000000e+02
3.930000000000000000e+02 2.350000000000000000e+02 4.800000000000000000e+02 3.130000000000000000e+02
4.300000000000000000e+02 0.000000000000000000e+00 4.670000000000000000e+02 8.000000000000000000e+00
4.390000000000000000e+02 3.880000000000000000e+02 4.830000000000000000e+02 4.190000000000000000e+02
