1.600000000000000000e+01 4.250000000000000000e+02 3.500000000000000000e+01 4.500000000000000000e+02
2.900000000000000000e+01 0.000000000000000000e+00 7.500000000000000000e+01 2.100000000000000000e+01
6.500000000000000000e+01 2.820000000000000000e+02 1.040000000000000000e+02 3.240000000000000000e+02
8.700000000000000000e+01 3.000000000000000000e+02 1.280000000000000000e+02 3.410000000000000000e+02
1.000000000000000000e+02 2.020000000000000000e+02 1.520000000000000000e+02 2.440000000000000000e+02
1.510000000000000000e+02 4.640000000000000000e+02 2.220000000000000000e+02 5.120000000000000000e+02
1.830000000000000000e+02 9.200000000000000000e+01 2.370000000000000000e+02 1.370000000000000000e+02
2.020000000000000000e+02 1.740000000000000000e+02 2.810000000000000000e+02 2.400000000000000000e+02
2.230000000000000000e+02 3.730000000000000000e+02 2.650000000000000000e+02 4.190000000000000000e+02
2.420000000000000000e+02 4.870000000000000000e+02 3.150000000000000000e+02 5.120000000000000000e+02
3.060000000000000000e+02 3.870000000000000000e+02 3.730000000000000000e+02 4.830000000000000000e+02
3.510000000000000000e+02 3.100000000000000000e+01 4.390000000000000000e+02 8.400000000000000000e+01
3.750000000000000000e+02 3.560000000000000000e+02 4.170000000000000000e+02 3.850000000000000000e+02
