0.000000000000000000e+00 3.300000000000000000e+01 6.100000000000000000e+01 1.110000000000000000e+02
0.000000000000000000e+00 3.980000000000000000e+02 3.700000000000000000e+01 4.740000000000000000e+02
1.000000000000000000e+00 2.350000000000000000e+02 6.000000000000000000e+01 3.490000000000000000e+02
1.000000000000000000e+01 1.300000000000000000e+02 1.040000000000000000e+02 2.120000000000000000e+02
5.600000000000000000e+01 3.050000000000000000e+02 1.250000000000000000e+02 3.760000000000000000e+02
6.700000000000000000e+01 5.000000000000000000e+00 1.500000000000000000e+02 9.100000000000000000e+01
9.900000000000000000e+01 1.580000000000000000e+02 2.120000000000000000e+02 2.480000000000000000e+02
1.100000000000000000e+02 3.500000000000000000e+02 1.830000000000000000e+02 4.220000000000000000e+02
1.150000000000000000e+02 4.810000000000000000e+02 1.750000000000000000e+02 5.120000000000000000e+02
1.490000000000000000e+02 9.800000000000000000e+01 1.960000000000000000e+02 1.470000000000000000e+02
1.610000000000000000e+02 4.270000000000000000e+02 2.330000000000000000e+02 4.980000000000000000e+02
1.710000000000000000e+02 1.000000000000000000e+00 2.330000000000000000e+02 2.700000000000000000e+01
2.470000000000000000e+02 4.230000000000000000e+02 3.060000000000000000e+02 4.790000000000000000e+02
3.090000000000000000e+02 1.420000000000000000e+02 3.950000000000000000e+02 2.220000000000000000e+02
3.130000000000000000e+02 2.330000000000000000e+02 3.960000000000000000e+02 3.050000000000000000e+02
3.740000000000000000e+02 1.000000000000000000e+00 4.200000000000000000e+02 2.100000000000000000e+01
4.040000000000000000e+02 2.760000000000000000e+02 4.910000000000000000e+02 3.630000000000000000e+02
4.780000000000000000e+02 0.000000000000000000e+00 5.120000000000000000e+02 3.300000000000000000e+01
4.870000000000000000e+02 2.190000000000000000e+02 5.120000000000000000e+02 2.710000000000000000e+02
5.010000000000000000e+02 3.040000000000000000e+02 5.120000000000000000e+02 3.410000000000000000e+02
