1.900000000000000000e+01 0.000000000000000000e+00 2.400000000000000000e+02 1.470000000000000000e+02
4.200000000000000000e+01 3.020000000000000000e+02 1.150000000000000000e+02 3.750000000000000000e+02
5.600000000000000000e+01 4.740000000000000000e+02 1.300000000000000000e+02 5.120000000000000000e+02
1.260000000000000000e+02 3.010000000000000000e+02 2.370000000000000000e+02 3.770000000000000000e+02
1.400000000000000000e+02 2.030000000000000000e+02 2.270000000000000000e+02 2.940000000000000000e+02
1.410000000000000000e+02 4.300000000000000000e+02 2.260000000000000000e+02 5.090000000000000000e+02
2.560000000000000000e+02 3.000000000000000000e+00 3.370000000000000000e+02 3.900000000000000000e+01
2.570000000000000000e+02 2.230000000000000000e+02 3.120000000000000000e+02 2.800000000000000000e+02
3.040000000000000000e+02 1.260000000000000000e+02 3.630000000000000000e+02 1.870000000000000000e+02
3.080000000000000000e+02 3.710000000000000000e+02 4.210000000000000000e+02 4.740000000000000000e+02
3.430000000000000000e+02 1.920000000000000000e+02 4.120000000000000000e+02 2.650000000000000000e+02
4.310000000000000000e+02 1.670000000000000000e+02 5.120000000000000000e+02 2.200000000000000000e+02
4.360000000000000000e+02 2.460000000000000000e+02 5.100000000000000000e+02 3.150000000000000000e+02
4.360000000000000000e+02 4.510000000000000000e+02 5.110000000000000000e+02 5.120000000000000000e+02
4.480000000000000000e+02 3.400000000000000000e+01 5.070000000000000000e+02 9.500000000000000000e+01
