0.000000000000000000e+00 3.600000000000000000e+02 5.500000000000000000e+01 4.210000000000000000e+02
0.000000000000000000e+00 4.360000000000000000e+02 7.400000000000000000e+01 5.110000000000000000e+02
2.000000000000000000e+01 5.400000000000000000e+01 1.120000000000000000e+02 2.140000000000000000e+02
4.500000000000000000e+01 0.000000000000000000e+00 8.600000000000000000e+01 3.700000000000000000e+01
7.100000000000000000e+01 2.810000000000000000e+02 1.060000000000000000e+02 3.160000000000000000e+02
1.390000000000000000e+02 2.870000000000000000e+02 2.580000000000000000e+02 3.680000000000000000e+02
1.450000000000000000e+02 1.810000000000000000e+02 2.060000000000000000e+02 2.220000000000000000e+02
1.480000000000000000e+02 3.840000000000000000e+02 2.010000000000000000e+02 4.660000000000000000e+02
2.550000000000000000e+02 4.900000000000000000e+01 3.080000000000000000e+02 1.320000000000000000e+02
2.870000000000000000e+02 2.310000000000000000e+02 3.520000000000000000e+02 3.300000000000000000e+02
3.110000000000000000e+02 4.170000000000000000e+02 3.900000000000000000e+02 4.960000000000000000e+02
3.960000000000000000e+02 1.110000000000000000e+02 4.850000000000000000e+02 1.860000000000000000e+02
4.940000000000000000e+02 3.390000000000000000e+02 5.120000000000000000e+02 3.870000000000000000e+02
