0.000000000000000000e+00 1.540000000000000000e+02 5.200000000000000000e+01 2.410000000000000000e+02
2.100000000000000000e+01 3.330000000000000000e+02 7.600000000000000000e+01 3.790000000000000000e+02
4.900000000000000000e+01 4.970000000000000000e+02 1.040000000000000000e+02 5.120000000000000000e+02
5.300000000000000000e+01 1.260000000000000000e+02 1.080000000000000000e+02 1.810000000000000000e+02
1.000000000000000000e+02 4.500000000000000000e+02 1.450000000000000000e+02 4.990000000000000000e+02
1.190000000000000000e+02 0.000000000000000000e+00 1.650000000000000000e+02 2.800000000000000000e+01
1.510000000000000000e+02 1.630000000000000000e+02 2.010000000000000000e+02 1.910000000000000000e+02
1.910000000000000000e+02 3.840000000000000000e+02 2.550000000000000000e+02 4.510000000000000000e+02
2.030000000000000000e+02 6.200000000000000000e+01 2.450000000000000000e+02 1.090000000000000000e+02
2.050000000000000000e+02 4.770000000000000000e+02 2.540000000000000000e+02 5.120000000000000000e+02
2.340000000000000000e+02 0.000000000000000000e+00 2.910000000000000000e+02 3.300000000000000000e+01
2.820000000000000000e+02 2.040000000000000000e+02 3.860000000000000000e+02 2.660000000000000000e+02
3.360000000000000000e+02 2.410000000000000000e+02 4.030000000000000000e+02 2.960000000000000000e+02
3.390000000000000000e+02 6.300000000000000000e+01 4.670000000000000000e+02 1.760000000000000000e+02
3.930000000000000000e+02 0.000000000000000000e+00 4.510000000000000000e+02 4.600000000000000000e+01
4.090000000000000000e+02 4.510000000000000000e+02 4.620000000000000000e+02 5.120000000000000000e+02
4.650000000000000000e+02 4.720000000000000000e+02 4.960000000000000000e+02 4.980000000000000000e+02
4.920000000000000000e+02 4.640000000000000000e+02 5.120000000000000000e+02 5.120000000000000000e+02
