0.000000000000000000e+00 0.000000000000000000e+00 6.200000000000000000e+01 6.800000000000000000e+01
0.000000000000000000e+00 4.600000000000000000e+02 4.600000000000000000e+01 5.120000000000000000e+02
6.300000000000000000e+01 3.650000000000000000e+02 1.380000000000000000e+02 4.380000000000000000e+02
7.300000000000000000e+01 4.510000000000000000e+02 1.280000000000000000e+02 5.060000000000000000e+02
7.900000000000000000e+01 9.300000000000000000e+01 1.940000000000000000e+02 2.080000000000000000e+02
1.330000000000000000e+02 3.000000000000000000e+00 1.940000000000000000e+02 7.200000000000000000e+01
1.350000000000000000e+02 3.100000000000000000e+02 2.370000000000000000e+02 4.150000000000000000e+02
1.950000000000000000e+02 4.180000000000000000e+02 2.540000000000000000e+02 4.770000000000000000e+02
2.140000000000000000e+02 1.300000000000000000e+01 3.070000000000000000e+02 1.290000000000000000e+02
2.430000000000000000e+02 3.390000000000000000e+02 3.830000000000000000e+02 4.630000000000000000e+02
3.090000000000000000e+02 1.920000000000000000e+02 3.800000000000000000e+02 2.710000000000000000e+02
3.260000000000000000e+02 1.030000000000000000e+02 3.810000000000000000e+02 1.600000000000000000e+02
3.870000000000000000e+02 3.710000000000000000e+02 4.560000000000000000e+02 4.360000000000000000e+02
4.020000000000000000e+02 2.010000000000000000e+02 4.970000000000000000e+02 3.000000000000000000e+02
4.320000000000000000e+02 4.350000000000000000e+02 4.930000000000000000e+02 4.960000000000000000e+02
4.330000000000000000e+02 2.400000000000000000e+01 5.120000000000000000e+02 1.190000000000000000e+02
4.670000000000000000e+02 1.190000000000000000e+02 5.120000000000000000e+02 1.820000000000000000e+02
