1.700000000000000000e+01 4.210000000000000000e+02 7.400000000000000000e+01 4.740000000000000000e+02
3.600000000000000000e+01 0.000000000000000000e+00 1.250000000000000000e+02 7.700000000000000000e+01
9.700000000000000000e+01 1.420000000000000000e+02 1.620000000000000000e+02 1.950000000000000000e+02
1.230000000000000000e+02 2.120000000000000000e+02 1.560000000000000000e+02 2.490000000000000000e+02
1.450000000000000000e+02 2.860000000000000000e+02 1.940000000000000000e+02 3.270000000000000000e+02
1.700000000000000000e+02 3.390000000000000000e+02 2.230000000000000000e+02 3.840000000000000000e+02
1.840000000000000000e+02 0.000000000000000000e+00 2.230000000000000000e+02 1.800000000000000000e+01
1.980000000000000000e+02 4.010000000000000000e+02 2.350000000000000000e+02 4.340000000000000000e+02
2.300000000000000000e+02 0.000000000000000000e+00 3.030000000000000000e+02 6.100000000000000000e+01
2.940000000000000000e+02 2.710000000000000000e+02 4.670000000000000000e+02 4.020000000000000000e+02
3.560000000000000000e+02 4.930000000000000000e+02 4.100000000000000000e+02 5.120000000000000000e+02
3.810000000000000000e+02 1.200000000000000000e+02 4.520000000000000000e+02 2.350000000000000000e+02
4.910000000000000000e+02 4.220000000000000000e+02 5.120000000000000000e+02 4.690000000000000000e+02
