0.000000000000000000e+00 3.580000000000000000e+02 7.600000000000000000e+01 4.570000000000000000e+02
3.300000000000000000e+01 1.200000000000000000e+02 1.240000000000000000e+02 1.950000000000000000e+02
4.900000000000000000e+01 2.800000000000000000e+01 1.180000000000000000e+02 9.900000000000000000e+01
1.750000000000000000e+02 2.370000000000000000e+02 2.320000000000000000e+02 2.940000000000000000e+02
1.760000000000000000e+02 3.730000000000000000e+02 2.390000000000000000e+02 4.360000000000000000e+02
1.880000000000000000e+02 5.600000000000000000e+01 2.390000000000000000e+02 1.070000000000000000e+02
3.040000000000000000e+02 4.150000000000000000e+02 3.570000000000000000e+02 4.700000000000000000e+02
3.300000000000000000e+02 2.740000000000000000e+02 4.170000000000000000e+02 3.630000000000000000e+02
3.590000000000000000e+02 1.830000000000000000e+02 4.040000000000000000e+02 2.280000000000000000e+02
4.010000000000000000e+02 4.540000000000000000e+02 4.580000000000000000e+02 5.120000000000000000e+02
4.270000000000000000e+02 0.000000000000000000e+00 5.100000000000000000e+02 4.900000000000000000e+01
4.550000000000000000e+02 1.080000000000000000e+02 5.120000000000000000e+02 1.670000000000000000e+02
4.770000000000000000e+02 3.720000000000000000e+02 5.120000000000000000e+02 4.380000000000000000e+02
