0.000000000000000000e+00 4.220000000000000000e+02 4.200000000000000000e+01 4.680000000000000000e+02
3.600000000000000000e+01 4.350000000000000000e+02 8.000000000000000000e+01 4.870000000000000000e+02
4.900000000000000000e+01 5.020000000000000000e+02 7.300000000000000000e+01 5.120000000000000000e+02
8.400000000000000000e+01 2.370000000000000000e+02 1.420000000000000000e+02 2.970000000000000000e+02
1.180000000000000000e+02 7.100000000000000000e+01 2.420000000000000000e+02 1.980000000000000000e+02
1.490000000000000000e+02 3.130000000000000000e+02 4.590000000000000000e+02 5.120000000000000000e+02
2.030000000000000000e+02 0.000000000000000000e+00 2.770000000000000000e+02 7.100000000000000000e+01
2.370000000000000000e+02 2.050000000000000000e+02 3.120000000000000000e+02 2.830000000000000000e+02
2.580000000000000000e+02 7.100000000000000000e+01 3.180000000000000000e+02 1.360000000000000000e+02
3.780000000000000000e+02 2.140000000000000000e+02 4.360000000000000000e+02 2.740000000000000000e+02
3.840000000000000000e+02 0.000000000000000000e+00 4.350000000000000000e+02 5.300000000000000000e+01
3.950000000000000000e+02 1.000000000000000000e+02 4.770000000000000000e+02 1.830000000000000000e+02
4.890000000000000000e+02 3.120000000000000000e+02 5.120000000000000000e+02 3.730000000000000000e+02
