7.000000000000000000e+00 2.000000000000000000e+00 3.500000000000000000e+01 4.300000000000000000e+01
7.000000000000000000e+00 8.400000000000000000e+01 1.000000000000000000e+02 1.590000000000000000e+02
7.000000000000000000e+00 4.320000000000000000e+02 2.000000000000000000e+01 4.730000000000000000e+02
1.000000000000000000e+01 1.790000000000000000e+02 1.130000000000000000e+02 2.960000000000000000e+02
4.100000000000000000e+01 2.940000000000000000e+02 1.000000000000000000e+02 3.530000000000000000e+02
1.540000000000000000e+02 4.680000000000000000e+02 2.190000000000000000e+02 5.120000000000000000e+02
2.270000000000000000e+02 3.080000000000000000e+02 2.720000000000000000e+02 3.570000000000000000e+02
2.510000000000000000e+02 3.390000000000000000e+02 3.220000000000000000e+02 4.100000000000000000e+02
2.810000000000000000e+02 2.800000000000000000e+02 3.360000000000000000e+02 3.490000000000000000e+02
3.340000000000000000e+02 2.900000000000000000e+02 4.370000000000000000e+02 3.940000000000000000e+02
3.510000000000000000e+02 1.900000000000000000e+02 4.400000000000000000e+02 2.710000000000000000e+02
3.550000000000000000e+02 4.260000000000000000e+02 4.360000000000000000e+02 5.050000000000000000e+02
3.680000000000000000e+02 2.000000000000000000e+00 4.470000000000000000e+02 7.000000000000000000e+01
3.760000000000000000e+02 1.060000000000000000e+02 4.470000000000000000e+02 1.710000000000000000e+02
