0.000000000000000000e+00 4.000000000000000000e+01 2.200000000000000000e+01 7.700000000000000000e+01
4.200000000000000000e+01 1.640000000000000000e+02 9.900000000000000000e+01 2.180000000000000000e+02
1.860000000000000000e+02 3.780000000000000000e+02 2.560000000000000000e+02 4.490000000000000000e+02
1.940000000000000000e+02 2.370000000000000000e+02 2.410000000000000000e+02 2.880000000000000000e+02
2.450000000000000000e+02 0.000000000000000000e+00 3.420000000000000000e+02 8.000000000000000000e+01
2.470000000000000000e+02 2.110000000000000000e+02 3.480000000000000000e+02 3.100000000000000000e+02
3.080000000000000000e+02 5.900000000000000000e+01 3.920000000000000000e+02 1.270000000000000000e+02
3.360000000000000000e+02 0.000000000000000000e+00 4.150000000000000000e+02 4.800000000000000000e+01
3.480000000000000000e+02 1.590000000000000000e+02 4.070000000000000000e+02 2.120000000000000000e+02
3.490000000000000000e+02 2.430000000000000000e+02 3.740000000000000000e+02 2.720000000000000000e+02
3.850000000000000000e+02 3.060000000000000000e+02 4.450000000000000000e+02 3.520000000000000000e+02
4.540000000000000000e+02 4.850000000000000000e+02 5.110000000000000000e+02 5.120000000000000000e+02
