0.000000000000000000e+00 2.520000000000000000e+02 7.100000000000000000e+01 3.320000000000000000e+02
0.000000000000000000e+00 4.020000000000000000e+02 2.400000000000000000e+01 4.560000000000000000e+02
0.000000000000000000e+00 4.930000000000000000e+02 3.200000000000000000e+01 5.120000000000000000e+02
3.700000000000000000e+01 0.000000000000000000e+00 1.120000000000000000e+02 7.300000000000000000e+01
1.040000000000000000e+02 1.180000000000000000e+02 1.780000000000000000e+02 1.990000000000000000e+02
1.380000000000000000e+02 3.620000000000000000e+02 2.630000000000000000e+02 4.910000000000000000e+02
1.670000000000000000e+02 4.740000000000000000e+02 2.240000000000000000e+02 5.120000000000000000e+02
2.120000000000000000e+02 9.200000000000000000e+01 2.800000000000000000e+02 1.590000000000000000e+02
2.380000000000000000e+02 0.000000000000000000e+00 2.960000000000000000e+02 5.500000000000000000e+01
2.790000000000000000e+02 3.400000000000000000e+01 3.440000000000000000e+02 9.600000000000000000e+01
2.960000000000000000e+02 4.420000000000000000e+02 3.330000000000000000e+02 4.860000000000000000e+02
3.060000000000000000e+02 2.720000000000000000e+02 3.730000000000000000e+02 3.430000000000000000e+02
3.090000000000000000e+02 3.600000000000000000e+02 3.600000000000000000e+02 4.220000000000000000e+02
3.220000000000000000e+02 1.840000000000000000e+02 4.150000000000000000e+02 2.970000000000000000e+02
3.590000000000000000e+02 6.400000000000000000e+01 4.470000000000000000e+02 1.450000000000000000e+02
4.080000000000000000e+02 0.000000000000000000e+00 4.670000000000000000e+02 3.700000000000000000e+01
4.190000000000000000e+02 2.610000000000000000e+02 4.760000000000000000e+02 3.240000000000000000e+02
4.460000000000000000e+02 4.960000000000000000e+02 4.970000000000000000e+02 5.120000000000000000e+02
4.790000000000000000e+02 4.480000000000000000e+02 5.120000000000000000e+02 5.000000000000000000e+02
4.920000000000000000e+02 2.710000000000000000e+02 5.120000000000000000e+02 3.230000000000000000e+02
