0.000000000000000000e+00 6.100000000000000000e+01 4.600000000000000000e+01 1.190000000000000000e+02
0.000000000000000000e+00 2.210000000000000000e+02 3.300000000000000000e+01 2.780000000000000000e+02
0.000000000000000000e+00 3.470000000000000000e+02 2.800000000000000000e+01 3.930000000000000000e+02
6.200000000000000000e+01 2.670000000000000000e+02 1.090000000000000000e+02 3.090000000000000000e+02
6.300000000000000000e+01 4.500000000000000000e+01 1.760000000000000000e+02 1.730000000000000000e+02
1.260000000000000000e+02 4.040000000000000000e+02 1.810000000000000000e+02 4.590000000000000000e+02
1.540000000000000000e+02 4.600000000000000000e+02 2.410000000000000000e+02 5.120000000000000000e+02
1.630000000000000000e+02 3.110000000000000000e+02 1.910000000000000000e+02 3.610000000000000000e+02
2.040000000000000000e+02 1.260000000000000000e+02 2.660000000000000000e+02 2.300000000000000000e+02
2.410000000000000000e+02 1.090000000000000000e+02 2.960000000000000000e+02 1.760000000000000000e+02
3.330000000000000000e+02 4.360000000000000000e+02 3.790000000000000000e+02 4.910000000000000000e+02
3.840000000000000000e+02 2.570000000000000000e+02 4.510000000000000000e+02 3.210000000000000000e+02
4.500000000000000000e+02 3.670000000000000000e+02 4.990000000000000000e+02 4.120000000000000000e+02
4.510000000000000000e+02 5.000000000000000000e+01 5.120000000000000000e+02 1.030000000000000000e+02
4.640000000000000000e+02 0.000000000000000000e+00 5.120000000000000000e+02 2.000000000000000000e+01
4.720000000000000000e+02 1.600000000000000000e+01 4.980000000000000000e+02 4.700000000000000000e+01
4.770000000000000000e+02 2.580000000000000000e+02 5.120000000000000000e+02 3.070000000000000000e+02
4.970000000000000000e+02 4.080000000000000000e+02 5.120000000000000000e+02 4.630000000000000000e+02
