0.000000000000000000e+00 0.000000000000000000e+00 4.300000000000000000e+01 3.100000000000000000e+01
0.000000000000000000e+00 6.700000000000000000e+01 5.000000000000000000e+00 9.200000000000000000e+01
2.100000000000000000e+01 1.600000000000000000e+02 1.360000000000000000e+02 2.710000000000000000e+02
8.300000000000000000e+01 0.000000000000000000e+00 9.800000000000000000e+01 3.000000000000000000e+00
1.080000000000000000e+02 3.640000000000000000e+02 2.030000000000000000e+02 4.510000000000000000e+02
1.200000000000000000e+02 4.540000000000000000e+02 1.790000000000000000e+02 5.120000000000000000e+02
1.210000000000000000e+02 2.550000000000000000e+02 2.130000000000000000e+02 3.470000000000000000e+02
1.350000000000000000e+02 1.400000000000000000e+01 2.180000000000000000e+02 8.800000000000000000e+01
2.390000000000000000e+02 3.120000000000000000e+02 3.290000000000000000e+02 3.970000000000000000e+02
2.720000000000000000e+02 2.310000000000000000e+02 3.280000000000000000e+02 2.900000000000000000e+02
3.090000000000000000e+02 1.300000000000000000e+01 3.660000000000000000e+02 7.400000000000000000e+01
3.350000000000000000e+02 2.200000000000000000e+02 4.210000000000000000e+02 3.010000000000000000e+02
3.490000000000000000e+02 1.040000000000000000e+02 4.270000000000000000e+02 1.790000000000000000e+02
3.490000000000000000e+02 3.520000000000000000e+02 4.500000000000000000e+02 4.540000000000000000e+02
3.750000000000000000e+02 4.600000000000000000e+02 4.600000000000000000e+02 5.120000000000000000e+02
4.410000000000000000e+02 0.000000000000000000e+00 4.930000000000000000e+02 2.700000000000000000e+01
4.720000000000000000e+02 1.510000000000000000e+02 5.120000000000000000e+02 2.290000000000000000e+02
4.980000000000000000e+02 3.940000000000000000e+02 5.120000000000000000e+02 4.320000000000000000e+02
