0.000000000000000000e+00 1.670000000000000000e+02 7.000000000000000000e+00 1.860000000000000000e+02
0.000000000000000000e+00 1.780000000000000000e+02 3.700000000000000000e+01 2.390000000000000000e+02
0.000000000000000000e+00 3.720000000000000000e+02 5.000000000000000000e+00 3.850000000000000000e+02
0.000000000000000000e+00 4.430000000000000000e+02 1.000000000000000000e+00 4.450000000000000000e+02
5.000000000000000000e+00 3.290000000000000000e+02 7.200000000000000000e+01 3.710000000000000000e+02
9.000000000000000000e+00 3.800000000000000000e+02 5.200000000000000000e+01 4.170000000000000000e+02
7.900000000000000000e+01 3.670000000000000000e+02 1.350000000000000000e+02 4.180000000000000000e+02
1.070000000000000000e+02 1.060000000000000000e+02 1.580000000000000000e+02 1.660000000000000000e+02
1.160000000000000000e+02 3.420000000000000000e+02 1.590000000000000000e+02 3.820000000000000000e+02
1.300000000000000000e+02 3.050000000000000000e+02 1.700000000000000000e+02 3.380000000000000000e+02
1.320000000000000000e+02 2.300000000000000000e+02 1.580000000000000000e+02 2.650000000000000000e+02
1.600000000000000000e+02 3.200000000000000000e+02 2.540000000000000000e+02 4.060000000000000000e+02
1.660000000000000000e+02 0.000000000000000000e+00 2.080000000000000000e+02 1.500000000000000000e+01
2.040000000000000000e+02 6.400000000000000000e+01 2.820000000000000000e+02 1.410000000000000000e+02
2.040000000000000000e+02 2.610000000000000000e+02 2.600000000000000000e+02 3.200000000000000000e+02
2.360000000000000000e+02 0.000000000000000000e+00 3.140000000000000000e+02 6.600000000000000000e+01
2.820000000000000000e+02 2.030000000000000000e+02 3.190000000000000000e+02 2.500000000000000000e+02
3.090000000000000000e+02 0.000000000000000000e+00 3.600000000000000000e+02 3.600000000000000000e+01
3.100000000000000000e+02 2.090000000000000000e+02 3.540000000000000000e+02 2.720000000000000000e+02
3.120000000000000000e+02 2.930000000000000000e+02 4.170000000000000000e+02 3.790000000000000000e+02
3.390000000000000000e+02 4.760000000000000000e+02 3.990000000000000000e+02 5.120000000000000000e+02
3.520000000000000000e+02 1.950000000000000000e+02 3.870000000000000000e+02 2.500000000000000000e+02
3.620000000000000000e+02 7.000000000000000000e+01 4.340000000000000000e+02 1.440000000000000000e+02
3.820000000000000000e+02 1.650000000000000000e+02 4.360000000000000000e+02 2.130000000000000000e+02
4.160000000000000000e+02 2.190000000000000000e+02 4.750000000000000000e+02 3.100000000000000000e+02
5.040000000000000000e+02 2.310000000000000000e+02 5.120000000000000000e+02 2.780000000000000000e+02
