2.000000000000000000e+00 4.360000000000000000e+02 1.500000000000000000e+01 4.590000000000000000e+02
1.000000000000000000e+01 1.230000000000000000e+02 8.700000000000000000e+01 2.180000000000000000e+02
4.500000000000000000e+01 6.000000000000000000e+00 1.280000000000000000e+02 1.150000000000000000e+02
1.170000000000000000e+02 2.750000000000000000e+02 2.090000000000000000e+02 3.460000000000000000e+02
1.820000000000000000e+02 4.050000000000000000e+02 3.090000000000000000e+02 4.950000000000000000e+02
2.100000000000000000e+02 2.220000000000000000e+02 2.840000000000000000e+02 3.020000000000000000e+02
2.330000000000000000e+02 3.780000000000000000e+02 2.690000000000000000e+02 4.070000000000000000e+02
2.970000000000000000e+02 6.800000000000000000e+01 3.860000000000000000e+02 2.070000000000000000e+02
2.990000000000000000e+02 4.910000000000000000e+02 3.530000000000000000e+02 5.100000000000000000e+02
3.740000000000000000e+02 3.640000000000000000e+02 5.120000000000000000e+02 4.730000000000000000e+02
3.920000000000000000e+02 9.900000000000000000e+01 4.690000000000000000e+02 1.820000000000000000e+02
4.740000000000000000e+02 2.000000000000000000e+00 5.090000000000000000e+02 5.500000000000000000e+01
4.910000000000000000e+02 4.670000000000000000e+02 5.100000000000000000e+02 4.970000000000000000e+02
