0.000000000000000000e+00 3.070000000000000000e+02 4.700000000000000000e+01 3.790000000000000000e+02
2.000000000000000000e+01 2.450000000000000000e+02 7.700000000000000000e+01 2.980000000000000000e+02
5.500000000000000000e+01 0.000000000000000000e+00 1.190000000000000000e+02 4.900000000000000000e+01
8.200000000000000000e+01 3.880000000000000000e+02 1.380000000000000000e+02 4.500000000000000000e+02
8.800000000000000000e+01 2.050000000000000000e+02 1.460000000000000000e+02 2.570000000000000000e+02
1.310000000000000000e+02 2.450000000000000000e+02 2.710000000000000000e+02 3.320000000000000000e+02
1.540000000000000000e+02 1.470000000000000000e+02 2.240000000000000000e+02 2.240000000000000000e+02
1.640000000000000000e+02 4.070000000000000000e+02 2.440000000000000000e+02 5.120000000000000000e+02
1.820000000000000000e+02 3.300000000000000000e+01 2.420000000000000000e+02 9.300000000000000000e+01
2.270000000000000000e+02 1.010000000000000000e+02 2.910000000000000000e+02 1.740000000000000000e+02
3.010000000000000000e+02 4.440000000000000000e+02 3.800000000000000000e+02 5.120000000000000000e+02
3.140000000000000000e+02 2.980000000000000000e+02 3.800000000000000000e+02 3.680000000000000000e+02
3.280000000000000000e+02 2.000000000000000000e+00 3.930000000000000000e+02 9.500000000000000000e+01
3.430000000000000000e+02 1.510000000000000000e+02 4.090000000000000000e+02 2.150000000000000000e+02
4.030000000000000000e+02 3.960000000000000000e+02 4.630000000000000000e+02 4.570000000000000000e+02
4.040000000000000000e+02 1.040000000000000000e+02 4.860000000000000000e+02 1.880000000000000000e+02
4.240000000000000000e+02 3.020000000000000000e+02 4.890000000000000000e+02 3.740000000000000000e+02
4.610000000000000000e+02 3.880000000000000000e+02 4.830000000000000000e+02 4.110000000000000000e+02
4.840000000000000000e+02 3.430000000000000000e+02 5.120000000000000000e+02 4.410000000000000000e+02
4.850000000000000000e+02 1.440000000000000000e+02 5.120000000000000000e+02 2.060000000000000000e+02
4.930000000000000000e+02 2.530000000000000000e+02 5.120000000000000000e+02 2.840000000000000000e+02
4.980000000000000000e+02 4.980000000000000000e+02 5.120000000000000000e+02 5.120000000000000000e+02
