0.000000000000000000e+00 0.000000000000000000e+00 4.800000000000000000e+01 2.000000000000000000e+01
0.000000000000000000e+00 5.000000000000000000e+01 6.100000000000000000e+01 1.030000000000000000e+02
0.000000000000000000e+00 2.580000000000000000e+02 3.500000000000000000e+01 3.070000000000000000e+02
0.000000000000000000e+00 4.080000000000000000e+02 1.500000000000000000e+01 4.630000000000000000e+02
1.300000000000000000e+01 3.670000000000000000e+02 6.200000000000000000e+01 4.120000000000000000e+02
1.400000000000000000e+01 1.600000000000000000e+01 4.000000000000000000e+01 4.700000000000000000e+01
6.100000000000000000e+01 2.570000000000000000e+02 1.280000000000000000e+02 3.210000000000000000e+02
1.330000000000000000e+02 4.360000000000000000e+02 1.790000000000000000e+02 4.910000000000000000e+02
2.160000000000000000e+02 1.090000000000000000e+02 2.710000000000000000e+02 1.760000000000000000e+02
2.460000000000000000e+02 1.260000000000000000e+02 3.080000000000000000e+02 2.300000000000000000e+02
2.710000000000000000e+02 4.600000000000000000e+02 3.580000000000000000e+02 5.120000000000000000e+02
3.210000000000000000e+02 3.110000000000000000e+02 3.490000000000000000e+02 3.610000000000000000e+02
3.310000000000000000e+02 4.040000000000000000e+02 3.860000000000000000e+02 4.590000000000000000e+02
3.360000000000000000e+02 4.500000000000000000e+01 4.490000000000000000e+02 1.730000000000000000e+02
4.030000000000000000e+02 2.670000000000000000e+02 4.500000000000000000e+02 3.090000000000000000e+02
4.660000000000000000e+02 6.100000000000000000e+01 5.120000000000000000e+02 1.190000000000000000e+02
4.790000000000000000e+02 2.210000000000000000e+02 5.120000000000000000e+02 2.780000000000000000e+02
4.840000000000000000e+02 3.470000000000000000e+02 5.120000000000000000e+02 3.930000000000000000e+02
