0.000000000000000000e+00 1.000000000000000000e+00 4.600000000000000000e+01 1.050000000000000000e+02
0.000000000000000000e+00 2.320000000000000000e+02 3.700000000000000000e+01 2.800000000000000000e+02
4.900000000000000000e+01 1.650000000000000000e+02 1.000000000000000000e+02 2.180000000000000000e+02
9.100000000000000000e+01 2.690000000000000000e+02 1.910000000000000000e+02 3.850000000000000000e+02
1.180000000000000000e+02 1.670000000000000000e+02 1.900000000000000000e+02 2.410000000000000000e+02
1.260000000000000000e+02 0.000000000000000000e+00 1.890000000000000000e+02 4.300000000000000000e+01
2.190000000000000000e+02 4.680000000000000000e+02 2.820000000000000000e+02 5.120000000000000000e+02
3.050000000000000000e+02 4.940000000000000000e+02 3.300000000000000000e+02 5.120000000000000000e+02
3.280000000000000000e+02 1.840000000000000000e+02 3.830000000000000000e+02 2.450000000000000000e+02
3.890000000000000000e+02 0.000000000000000000e+00 4.480000000000000000e+02 6.500000000000000000e+01
4.890000000000000000e+02 1.800000000000000000e+01 5.110000000000000000e+02 7.600000000000000000e+01
