0.000000000000000000e+00 3.360000000000000000e+02 1.900000000000000000e+01 3.780000000000000000e+02
8.000000000000000000e+00 4.670000000000000000e+02 9.800000000000000000e+01 5.100000000000000000e+02
4.000000000000000000e+01 0.000000000000000000e+00 1.540000000000000000e+02 1.790000000000000000e+02
1.150000000000000000e+02 2.590000000000000000e+02 2.120000000000000000e+02 3.660000000000000000e+02
1.170000000000000000e+02 1.970000000000000000e+02 1.860000000000000000e+02 2.650000000000000000e+02
1.490000000000000000e+02 4.060000000000000000e+02 2.740000000000000000e+02 5.120000000000000000e+02
2.120000000000000000e+02 2.190000000000000000e+02 2.880000000000000000e+02 2.970000000000000000e+02
2.160000000000000000e+02 0.000000000000000000e+00 3.030000000000000000e+02 7.000000000000000000e+01
3.400000000000000000e+02 0.000000000000000000e+00 3.700000000000000000e+02 1.300000000000000000e+01
3.750000000000000000e+02 1.940000000000000000e+02 4.380000000000000000e+02 2.610000000000000000e+02
3.760000000000000000e+02 4.100000000000000000e+01 4.590000000000000000e+02 1.280000000000000000e+02
4.190000000000000000e+02 2.940000000000000000e+02 5.100000000000000000e+02 3.860000000000000000e+02
4.280000000000000000e+02 4.050000000000000000e+02 4.890000000000000000e+02 4.560000000000000000e+02
4.330000000000000000e+02 4.610000000000000000e+02 5.000000000000000000e+02 5.120000000000000000e+02
4.420000000000000000e+02 1.450000000000000000e+02 5.050000000000000000e+02 2.140000000000000000e+02
4.940000000000000000e+02 2.170000000000000000e+02 5.120000000000000000e+02 2.600000000000000000e+02
