7.000000000000000000e+00 2.360000000000000000e+02 1.070000000000000000e+02 3.100000000000000000e+02
3.500000000000000000e+01 1.000000000000000000e+00 6.600000000000000000e+01 1.600000000000000000e+01
6.600000000000000000e+01 7.000000000000000000e+01 1.410000000000000000e+02 1.330000000000000000e+02
6.800000000000000000e+01 4.670000000000000000e+02 1.320000000000000000e+02 5.090000000000000000e+02
1.420000000000000000e+02 2.340000000000000000e+02 1.940000000000000000e+02 2.780000000000000000e+02
2.080000000000000000e+02 1.260000000000000000e+02 2.590000000000000000e+02 1.790000000000000000e+02
2.290000000000000000e+02 3.000000000000000000e+01 2.990000000000000000e+02 8.900000000000000000e+01
2.460000000000000000e+02 1.990000000000000000e+02 3.030000000000000000e+02 2.480000000000000000e+02
2.860000000000000000e+02 4.000000000000000000e+02 3.330000000000000000e+02 4.410000000000000000e+02
2.900000000000000000e+02 4.420000000000000000e+02 3.630000000000000000e+02 5.120000000000000000e+02
3.150000000000000000e+02 6.300000000000000000e+01 4.160000000000000000e+02 1.410000000000000000e+02
3.880000000000000000e+02 1.400000000000000000e+02 4.610000000000000000e+02 2.070000000000000000e+02
3.910000000000000000e+02 2.680000000000000000e+02 4.770000000000000000e+02 3.460000000000000000e+02
4.140000000000000000e+02 0.000000000000000000e+00 4.730000000000000000e+02 1.800000000000000000e+01
4.350000000000000000e+02 4.320000000000000000e+02 4.740000000000000000e+02 4.730000000000000000e+02
