0.000000000000000000e+00 1.240000000000000000e+02 3.600000000000000000e+01 1.690000000000000000e+02
0.000000000000000000e+00 1.780000000000000000e+02 5.200000000000000000e+01 2.370000000000000000e+02
0.000000000000000000e+00 2.870000000000000000e+02 4.500000000000000000e+01 3.420000000000000000e+02
0.000000000000000000e+00 3.890000000000000000e+02 2.700000000000000000e+01 4.520000000000000000e+02
1.000000000000000000e+00 3.000000000000000000e+00 1.600000000000000000e+01 3.000000000000000000e+01
3.100000000000000000e+01 0.000000000000000000e+00 1.910000000000000000e+02 8.300000000000000000e+01
4.000000000000000000e+01 2.360000000000000000e+02 1.020000000000000000e+02 2.990000000000000000e+02
6.000000000000000000e+01 1.030000000000000000e+02 1.390000000000000000e+02 2.000000000000000000e+02
9.700000000000000000e+01 4.310000000000000000e+02 1.880000000000000000e+02 5.030000000000000000e+02
1.060000000000000000e+02 2.850000000000000000e+02 1.650000000000000000e+02 3.440000000000000000e+02
1.960000000000000000e+02 2.580000000000000000e+02 2.610000000000000000e+02 3.660000000000000000e+02
2.030000000000000000e+02 1.000000000000000000e+00 2.630000000000000000e+02 2.400000000000000000e+01
2.440000000000000000e+02 1.090000000000000000e+02 3.110000000000000000e+02 1.800000000000000000e+02
2.800000000000000000e+02 2.790000000000000000e+02 3.720000000000000000e+02 3.600000000000000000e+02
2.830000000000000000e+02 4.270000000000000000e+02 3.960000000000000000e+02 5.120000000000000000e+02
3.580000000000000000e+02 3.560000000000000000e+02 3.970000000000000000e+02 3.990000000000000000e+02
4.340000000000000000e+02 3.210000000000000000e+02 5.120000000000000000e+02 3.920000000000000000e+02
4.370000000000000000e+02 2.100000000000000000e+02 5.000000000000000000e+02 2.710000000000000000e+02
4.390000000000000000e+02 5.300000000000000000e+01 5.120000000000000000e+02 1.260000000000000000e+02
4.500000000000000000e+02 4.110000000000000000e+02 5.110000000000000000e+02 4.980000000000000000e+02
4.740000000000000000e+02 1.350000000000000000e+02 5.100000000000000000e+02 2.080000000000000000e+02
