0.000000000000000000e+00 3.190000000000000000e+02 6.200000000000000000e+01 3.960000000000000000e+02
0.000000000000000000e+00 4.760000000000000000e+02 3.000000000000000000e+01 5.120000000000000000e+02
4.000000000000000000e+00 1.620000000000000000e+02 4.900000000000000000e+01 1.980000000000000000e+02
3.200000000000000000e+01 1.050000000000000000e+02 2.680000000000000000e+02 3.320000000000000000e+02
7.100000000000000000e+01 0.000000000000000000e+00 1.130000000000000000e+02 2.600000000000000000e+01
1.550000000000000000e+02 4.810000000000000000e+02 2.430000000000000000e+02 5.120000000000000000e+02
2.000000000000000000e+02 3.010000000000000000e+02 2.850000000000000000e+02 3.850000000000000000e+02
2.620000000000000000e+02 0.000000000000000000e+00 3.260000000000000000e+02 2.300000000000000000e+01
2.620000000000000000e+02 1.230000000000000000e+02 2.840000000000000000e+02 1.410000000000000000e+02
2.780000000000000000e+02 1.670000000000000000e+02 3.120000000000000000e+02 2.090000000000000000e+02
2.930000000000000000e+02 1.100000000000000000e+02 3.590000000000000000e+02 1.690000000000000000e+02
3.300000000000000000e+02 3.470000000000000000e+02 4.090000000000000000e+02 4.180000000000000000e+02
3.580000000000000000e+02 1.630000000000000000e+02 4.910000000000000000e+02 2.820000000000000000e+02
4.730000000000000000e+02 1.160000000000000000e+02 5.120000000000000000e+02 1.450000000000000000e+02
5.030000000000000000e+02 4.230000000000000000e+02 5.120000000000000000e+02 4.600000000000000000e+02
