2.200000000000000000e+01 8.300000000000000000e+01 6.900000000000000000e+01 1.310000000000000000e+02
1.320000000000000000e+02 8.500000000000000000e+01 2.020000000000000000e+02 1.560000000000000000e+02
1.750000000000000000e+02 3.530000000000000000e+02 2.390000000000000000e+02 4.160000000000000000e+02
2.120000000000000000e+02 4.600000000000000000e+02 2.890000000000000000e+02 5.080000000000000000e+02
2.660000000000000000e+02 2.700000000000000000e+01 3.330000000000000000e+02 9.800000000000000000e+01
2.820000000000000000e+02 4.300000000000000000e+02 3.290000000000000000e+02 4.760000000000000000e+02
2.980000000000000000e+02 2.420000000000000000e+02 3.540000000000000000e+02 3.000000000000000000e+02
3.330000000000000000e+02 7.000000000000000000e+01 4.340000000000000000e+02 1.730000000000000000e+02
3.440000000000000000e+02 4.200000000000000000e+02 3.930000000000000000e+02 4.680000000000000000e+02
3.620000000000000000e+02 3.510000000000000000e+02 4.410000000000000000e+02 4.310000000000000000e+02
4.130000000000000000e+02 3.020000000000000000e+02 4.540000000000000000e+02 3.430000000000000000e+02
4.680000000000000000e+02 2.000000000000000000e+02 5.080000000000000000e+02 2.360000000000000000e+02
