0.000000000000000000e+00 2.520000000000000000e+02 1.800000000000000000e+01 2.950000000000000000e+02
2.000000000000000000e+00 1.260000000000000000e+02 9.300000000000000000e+01 2.180000000000000000e+02
7.000000000000000000e+00 2.980000000000000000e+02 7.000000000000000000e+01 3.670000000000000000e+02
1.200000000000000000e+01 0.000000000000000000e+00 7.900000000000000000e+01 5.100000000000000000e+01
2.300000000000000000e+01 5.600000000000000000e+01 8.400000000000000000e+01 1.070000000000000000e+02
5.300000000000000000e+01 3.840000000000000000e+02 1.360000000000000000e+02 4.710000000000000000e+02
7.400000000000000000e+01 2.510000000000000000e+02 1.370000000000000000e+02 3.180000000000000000e+02
1.420000000000000000e+02 4.990000000000000000e+02 1.720000000000000000e+02 5.120000000000000000e+02
2.090000000000000000e+02 4.420000000000000000e+02 2.960000000000000000e+02 5.120000000000000000e+02
2.240000000000000000e+02 2.150000000000000000e+02 3.000000000000000000e+02 2.930000000000000000e+02
2.380000000000000000e+02 0.000000000000000000e+00 3.630000000000000000e+02 1.060000000000000000e+02
3.000000000000000000e+02 1.460000000000000000e+02 3.970000000000000000e+02 2.530000000000000000e+02
3.260000000000000000e+02 2.470000000000000000e+02 3.950000000000000000e+02 3.150000000000000000e+02
3.580000000000000000e+02 3.330000000000000000e+02 4.720000000000000000e+02 5.120000000000000000e+02
4.140000000000000000e+02 2.000000000000000000e+00 5.040000000000000000e+02 4.500000000000000000e+01
4.930000000000000000e+02 1.340000000000000000e+02 5.120000000000000000e+02 1.760000000000000000e+02
