0.000000000000000000e+00 1.100000000000000000e+02 2.200000000000000000e+01 1.510000000000000000e+02
0.000000000000000000e+00 2.850000000000000000e+02 7.000000000000000000e+00 3.240000000000000000e+02
7.500000000000000000e+01 4.650000000000000000e+02 1.360000000000000000e+02 5.120000000000000000e+02
1.120000000000000000e+02 0.000000000000000000e+00 1.780000000000000000e+02 6.000000000000000000e+01
1.570000000000000000e+02 3.400000000000000000e+02 1.730000000000000000e+02 3.530000000000000000e+02
1.870000000000000000e+02 4.110000000000000000e+02 2.480000000000000000e+02 4.680000000000000000e+02
2.040000000000000000e+02 0.000000000000000000e+00 2.310000000000000000e+02 1.700000000000000000e+01
2.190000000000000000e+02 3.440000000000000000e+02 2.740000000000000000e+02 3.870000000000000000e+02
2.270000000000000000e+02 4.980000000000000000e+02 2.640000000000000000e+02 5.120000000000000000e+02
2.660000000000000000e+02 9.400000000000000000e+01 3.290000000000000000e+02 1.590000000000000000e+02
3.050000000000000000e+02 3.480000000000000000e+02 3.660000000000000000e+02 4.110000000000000000e+02
3.550000000000000000e+02 3.580000000000000000e+02 4.150000000000000000e+02 4.400000000000000000e+02
3.760000000000000000e+02 1.140000000000000000e+02 4.620000000000000000e+02 1.990000000000000000e+02
4.280000000000000000e+02 2.820000000000000000e+02 4.740000000000000000e+02 3.320000000000000000e+02
4.550000000000000000e+02 4.710000000000000000e+02 5.050000000000000000e+02 5.120000000000000000e+02
