2.000000000000000000e+00 3.020000000000000000e+02 8.800000000000000000e+01 3.940000000000000000e+02
2.200000000000000000e+01 4.410000000000000000e+02 1.170000000000000000e+02 5.100000000000000000e+02
7.200000000000000000e+01 0.000000000000000000e+00 1.730000000000000000e+02 8.300000000000000000e+01
1.110000000000000000e+02 3.550000000000000000e+02 1.660000000000000000e+02 4.140000000000000000e+02
1.370000000000000000e+02 1.880000000000000000e+02 2.200000000000000000e+02 2.710000000000000000e+02
1.470000000000000000e+02 4.430000000000000000e+02 2.060000000000000000e+02 5.020000000000000000e+02
2.170000000000000000e+02 2.770000000000000000e+02 3.080000000000000000e+02 3.730000000000000000e+02
2.320000000000000000e+02 7.000000000000000000e+00 2.810000000000000000e+02 6.200000000000000000e+01
2.430000000000000000e+02 3.910000000000000000e+02 3.210000000000000000e+02 4.550000000000000000e+02
2.880000000000000000e+02 0.000000000000000000e+00 3.250000000000000000e+02 1.100000000000000000e+01
2.940000000000000000e+02 4.280000000000000000e+02 3.450000000000000000e+02 4.930000000000000000e+02
2.990000000000000000e+02 4.890000000000000000e+02 3.390000000000000000e+02 5.120000000000000000e+02
3.680000000000000000e+02 1.350000000000000000e+02 4.410000000000000000e+02 2.060000000000000000e+02
3.870000000000000000e+02 2.700000000000000000e+02 5.120000000000000000e+02 4.180000000000000000e+02
4.550000000000000000e+02 4.650000000000000000e+02 5.100000000000000000e+02 5.120000000000000000e+02
4.840000000000000000e+02 4.300000000000000000e+01 5.110000000000000000e+02 1.080000000000000000e+02
