2.000000000000000000e+00 4.900000000000000000e+01 1.000000000000000000e+02 1.340000000000000000e+02
3.500000000000000000e+01 2.460000000000000000e+02 1.460000000000000000e+02 4.120000000000000000e+02
4.100000000000000000e+01 4.600000000000000000e+02 1.430000000000000000e+02 5.110000000000000000e+02
1.480000000000000000e+02 2.000000000000000000e+00 2.120000000000000000e+02 4.200000000000000000e+01
1.650000000000000000e+02 1.620000000000000000e+02 2.300000000000000000e+02 2.310000000000000000e+02
2.100000000000000000e+02 3.040000000000000000e+02 2.800000000000000000e+02 3.730000000000000000e+02
2.490000000000000000e+02 1.570000000000000000e+02 3.100000000000000000e+02 2.300000000000000000e+02
3.470000000000000000e+02 3.360000000000000000e+02 3.980000000000000000e+02 3.850000000000000000e+02
4.290000000000000000e+02 1.190000000000000000e+02 4.820000000000000000e+02 1.740000000000000000e+02
4.670000000000000000e+02 4.850000000000000000e+02 5.120000000000000000e+02 5.120000000000000000e+02
4.960000000000000000e+02 3.870000000000000000e+02 5.120000000000000000e+02 4.240000000000000000e+02
