0.000000000000000000e+00 1.200000000000000000e+02 2.000000000000000000e+01 1.780000000000000000e+02
0.000000000000000000e+00 2.050000000000000000e+02 2.200000000000000000e+01 2.310000000000000000e+02
4.500000000000000000e+01 1.860000000000000000e+02 9.500000000000000000e+01 2.260000000000000000e+02
8.900000000000000000e+01 4.460000000000000000e+02 1.440000000000000000e+02 4.970000000000000000e+02
9.200000000000000000e+01 3.190000000000000000e+02 1.440000000000000000e+02 3.650000000000000000e+02
1.950000000000000000e+02 2.710000000000000000e+02 2.670000000000000000e+02 3.430000000000000000e+02
2.140000000000000000e+02 4.540000000000000000e+02 2.850000000000000000e+02 5.120000000000000000e+02
2.720000000000000000e+02 0.000000000000000000e+00 2.740000000000000000e+02 1.000000000000000000e+00
2.940000000000000000e+02 4.000000000000000000e+01 3.480000000000000000e+02 8.800000000000000000e+01
3.110000000000000000e+02 3.700000000000000000e+02 3.610000000000000000e+02 4.220000000000000000e+02
3.420000000000000000e+02 1.840000000000000000e+02 3.900000000000000000e+02 2.270000000000000000e+02
4.110000000000000000e+02 2.850000000000000000e+02 4.680000000000000000e+02 3.410000000000000000e+02
4.630000000000000000e+02 0.000000000000000000e+00 5.120000000000000000e+02 2.500000000000000000e+01
5.060000000000000000e+02 2.470000000000000000e+02 5.120000000000000000e+02 2.670000000000000000e+02
5.100000000000000000e+02 5.500000000000000000e+01 5.120000000000000000e+02 6.300000000000000000e+01
