0.000000000000000000e+00 4.100000000000000000e+01 6.100000000000000000e+01 1.150000000000000000e+02
0.000000000000000000e+00 1.620000000000000000e+02 8.500000000000000000e+01 2.410000000000000000e+02
0.000000000000000000e+00 2.550000000000000000e+02 1.200000000000000000e+01 2.780000000000000000e+02
0.000000000000000000e+00 2.770000000000000000e+02 3.400000000000000000e+01 3.250000000000000000e+02
0.000000000000000000e+00 3.080000000000000000e+02 5.300000000000000000e+01 3.550000000000000000e+02
4.700000000000000000e+01 2.410000000000000000e+02 1.030000000000000000e+02 2.960000000000000000e+02
9.700000000000000000e+01 9.600000000000000000e+01 1.870000000000000000e+02 1.680000000000000000e+02
1.030000000000000000e+02 3.510000000000000000e+02 1.580000000000000000e+02 4.130000000000000000e+02
1.140000000000000000e+02 3.080000000000000000e+02 1.910000000000000000e+02 3.610000000000000000e+02
1.660000000000000000e+02 2.190000000000000000e+02 2.390000000000000000e+02 2.900000000000000000e+02
1.730000000000000000e+02 1.340000000000000000e+02 2.080000000000000000e+02 1.650000000000000000e+02
1.810000000000000000e+02 4.100000000000000000e+02 2.620000000000000000e+02 4.920000000000000000e+02
2.100000000000000000e+02 8.300000000000000000e+01 2.610000000000000000e+02 1.370000000000000000e+02
2.320000000000000000e+02 0.000000000000000000e+00 2.920000000000000000e+02 4.400000000000000000e+01
2.470000000000000000e+02 1.110000000000000000e+02 2.900000000000000000e+02 1.580000000000000000e+02
2.690000000000000000e+02 2.030000000000000000e+02 3.190000000000000000e+02 2.550000000000000000e+02
3.670000000000000000e+02 0.000000000000000000e+00 4.440000000000000000e+02 4.000000000000000000e+01
4.040000000000000000e+02 5.400000000000000000e+01 4.570000000000000000e+02 1.050000000000000000e+02
4.230000000000000000e+02 2.990000000000000000e+02 5.060000000000000000e+02 3.750000000000000000e+02
4.280000000000000000e+02 4.450000000000000000e+02 5.000000000000000000e+02 5.120000000000000000e+02
4.960000000000000000e+02 3.990000000000000000e+02 5.120000000000000000e+02 4.380000000000000000e+02
