0.000000000000000000e+00 3.050000000000000000e+02 8.000000000000000000e+00 3.410000000000000000e+02
0.000000000000000000e+00 3.670000000000000000e+02 4.100000000000000000e+01 4.390000000000000000e+02
1.100000000000000000e+01 6.200000000000000000e+01 8.100000000000000000e+01 1.500000000000000000e+02
4.600000000000000000e+01 4.410000000000000000e+02 1.240000000000000000e+02 5.120000000000000000e+02
4.800000000000000000e+01 0.000000000000000000e+00 9.900000000000000000e+01 3.400000000000000000e+01
7.000000000000000000e+01 1.470000000000000000e+02 1.120000000000000000e+02 1.990000000000000000e+02
1.010000000000000000e+02 2.690000000000000000e+02 1.840000000000000000e+02 3.540000000000000000e+02
1.540000000000000000e+02 7.300000000000000000e+01 2.170000000000000000e+02 1.390000000000000000e+02
1.820000000000000000e+02 3.120000000000000000e+02 2.510000000000000000e+02 3.880000000000000000e+02
1.890000000000000000e+02 4.060000000000000000e+02 2.610000000000000000e+02 4.740000000000000000e+02
2.150000000000000000e+02 2.440000000000000000e+02 2.710000000000000000e+02 3.090000000000000000e+02
2.300000000000000000e+02 1.090000000000000000e+02 3.100000000000000000e+02 1.930000000000000000e+02
3.300000000000000000e+02 2.010000000000000000e+02 4.190000000000000000e+02 2.730000000000000000e+02
3.920000000000000000e+02 3.770000000000000000e+02 4.600000000000000000e+02 4.510000000000000000e+02
4.320000000000000000e+02 2.770000000000000000e+02 4.970000000000000000e+02 3.370000000000000000e+02
4.430000000000000000e+02 4.910000000000000000e+02 5.040000000000000000e+02 5.120000000000000000e+02
