0.000000000000000000e+00 0.000000000000000000e+00 4.000000000000000000e+01 5.200000000000000000e+01
0.000000000000000000e+00 2.430000000000000000e+02 7.500000000000000000e+01 3.500000000000000000e+02
1.500000000000000000e+01 3.890000000000000000e+02 1.670000000000000000e+02 5.120000000000000000e+02
4.600000000000000000e+01 1.140000000000000000e+02 8.700000000000000000e+01 1.590000000000000000e+02
8.500000000000000000e+01 3.230000000000000000e+02 1.480000000000000000e+02 3.820000000000000000e+02
1.370000000000000000e+02 2.290000000000000000e+02 1.720000000000000000e+02 2.760000000000000000e+02
1.800000000000000000e+02 3.920000000000000000e+02 2.650000000000000000e+02 4.670000000000000000e+02
2.980000000000000000e+02 5.000000000000000000e+01 3.490000000000000000e+02 1.150000000000000000e+02
3.110000000000000000e+02 2.290000000000000000e+02 3.540000000000000000e+02 2.800000000000000000e+02
3.860000000000000000e+02 2.500000000000000000e+01 4.490000000000000000e+02 1.020000000000000000e+02
4.540000000000000000e+02 2.840000000000000000e+02 5.070000000000000000e+02 3.650000000000000000e+02
4.900000000000000000e+02 0.000000000000000000e+00 5.120000000000000000e+02 4.000000000000000000e+01
