0.000000000000000000e+00 1.710000000000000000e+02 2.600000000000000000e+01 2.540000000000000000e+02
0.000000000000000000e+00 3.010000000000000000e+02 6.000000000000000000e+01 3.680000000000000000e+02
3.700000000000000000e+01 0.000000000000000000e+00 1.040000000000000000e+02 3.500000000000000000e+01
3.900000000000000000e+01 5.300000000000000000e+01 1.200000000000000000e+02 1.320000000000000000e+02
5.900000000000000000e+01 3.440000000000000000e+02 1.390000000000000000e+02 4.210000000000000000e+02
9.600000000000000000e+01 4.200000000000000000e+02 1.710000000000000000e+02 4.920000000000000000e+02
1.390000000000000000e+02 1.590000000000000000e+02 2.810000000000000000e+02 2.480000000000000000e+02
2.060000000000000000e+02 3.510000000000000000e+02 2.820000000000000000e+02 4.260000000000000000e+02
3.450000000000000000e+02 4.950000000000000000e+02 4.060000000000000000e+02 5.120000000000000000e+02
3.480000000000000000e+02 6.900000000000000000e+01 4.200000000000000000e+02 1.450000000000000000e+02
3.550000000000000000e+02 3.070000000000000000e+02 4.350000000000000000e+02 3.830000000000000000e+02
3.720000000000000000e+02 2.450000000000000000e+02 4.490000000000000000e+02 3.180000000000000000e+02
4.630000000000000000e+02 2.440000000000000000e+02 5.120000000000000000e+02 3.170000000000000000e+02
5.020000000000000000e+02 1.590000000000000000e+02 5.120000000000000000e+02 1.860000000000000000e+02
