2.000000000000000000e+00 3.630000000000000000e+02 2.500000000000000000e+01 4.170000000000000000e+02
4.300000000000000000e+01 3.560000000000000000e+02 1.140000000000000000e+02 4.210000000000000000e+02
7.400000000000000000e+01 1.070000000000000000e+02 1.230000000000000000e+02 1.520000000000000000e+02
8.800000000000000000e+01 4.520000000000000000e+02 1.900000000000000000e+02 5.110000000000000000e+02
1.040000000000000000e+02 1.000000000000000000e+00 1.490000000000000000e+02 3.800000000000000000e+01
1.480000000000000000e+02 1.920000000000000000e+02 2.090000000000000000e+02 2.530000000000000000e+02
1.630000000000000000e+02 9.500000000000000000e+01 2.080000000000000000e+02 1.400000000000000000e+02
2.370000000000000000e+02 8.400000000000000000e+01 2.900000000000000000e+02 1.350000000000000000e+02
2.520000000000000000e+02 2.760000000000000000e+02 3.230000000000000000e+02 3.470000000000000000e+02
2.700000000000000000e+02 4.220000000000000000e+02 3.330000000000000000e+02 4.850000000000000000e+02
2.810000000000000000e+02 3.490000000000000000e+02 3.380000000000000000e+02 4.020000000000000000e+02
3.270000000000000000e+02 5.000000000000000000e+01 5.020000000000000000e+02 1.590000000000000000e+02
3.580000000000000000e+02 1.990000000000000000e+02 4.010000000000000000e+02 2.360000000000000000e+02
3.650000000000000000e+02 3.890000000000000000e+02 4.590000000000000000e+02 4.650000000000000000e+02
3.810000000000000000e+02 2.540000000000000000e+02 4.280000000000000000e+02 2.990000000000000000e+02
3.980000000000000000e+02 2.910000000000000000e+02 4.590000000000000000e+02 3.540000000000000000e+02
4.180000000000000000e+02 1.000000000000000000e+00 4.710000000000000000e+02 4.700000000000000000e+01
4.210000000000000000e+02 4.930000000000000000e+02 4.650000000000000000e+02 5.120000000000000000e+02
4.790000000000000000e+02 2.330000000000000000e+02 5.120000000000000000e+02 3.060000000000000000e+02
4.850000000000000000e+02 1.510000000000000000e+02 5.120000000000000000e+02 2.160000000000000000e+02
4.970000000000000000e+02 4.890000000000000000e+02 5.120000000000000000e+02 5.100000000000000000e+02
