0.000000000000000000e+00 1.000000000000000000e+01 3.600000000000000000e+01 5.600000000000000000e+01
0.000000000000000000e+00 4.310000000000000000e+02 1.250000000000000000e+02 5.120000000000000000e+02
1.000000000000000000e+00 3.510000000000000000e+02 6.300000000000000000e+01 4.230000000000000000e+02
2.600000000000000000e+01 1.610000000000000000e+02 9.800000000000000000e+01 2.400000000000000000e+02
6.800000000000000000e+01 0.000000000000000000e+00 1.240000000000000000e+02 2.500000000000000000e+01
9.900000000000000000e+01 3.220000000000000000e+02 2.060000000000000000e+02 4.320000000000000000e+02
1.190000000000000000e+02 1.600000000000000000e+02 1.690000000000000000e+02 2.090000000000000000e+02
1.790000000000000000e+02 9.300000000000000000e+01 2.610000000000000000e+02 1.730000000000000000e+02
2.180000000000000000e+02 2.780000000000000000e+02 2.900000000000000000e+02 3.480000000000000000e+02
2.360000000000000000e+02 4.720000000000000000e+02 2.720000000000000000e+02 5.120000000000000000e+02
2.870000000000000000e+02 0.000000000000000000e+00 3.910000000000000000e+02 1.400000000000000000e+02
3.120000000000000000e+02 2.070000000000000000e+02 3.740000000000000000e+02 2.750000000000000000e+02
3.310000000000000000e+02 4.970000000000000000e+02 3.740000000000000000e+02 5.120000000000000000e+02
3.470000000000000000e+02 4.700000000000000000e+02 3.920000000000000000e+02 5.070000000000000000e+02
3.570000000000000000e+02 4.450000000000000000e+02 4.030000000000000000e+02 4.780000000000000000e+02
3.610000000000000000e+02 3.530000000000000000e+02 4.120000000000000000e+02 4.040000000000000000e+02
3.950000000000000000e+02 1.210000000000000000e+02 4.320000000000000000e+02 1.570000000000000000e+02
4.080000000000000000e+02 2.270000000000000000e+02 4.660000000000000000e+02 2.800000000000000000e+02
