0.000000000000000000e+00 1.930000000000000000e+02 4.800000000000000000e+01 2.540000000000000000e+02
2.000000000000000000e+00 1.450000000000000000e+02 1.500000000000000000e+01 1.770000000000000000e+02
8.000000000000000000e+00 0.000000000000000000e+00 6.900000000000000000e+01 4.100000000000000000e+01
8.000000000000000000e+00 3.560000000000000000e+02 8.100000000000000000e+01 4.250000000000000000e+02
5.500000000000000000e+01 1.070000000000000000e+02 2.020000000000000000e+02 2.340000000000000000e+02
1.210000000000000000e+02 3.540000000000000000e+02 1.800000000000000000e+02 4.130000000000000000e+02
1.220000000000000000e+02 2.760000000000000000e+02 1.890000000000000000e+02 3.410000000000000000e+02
1.940000000000000000e+02 1.730000000000000000e+02 2.710000000000000000e+02 2.500000000000000000e+02
1.970000000000000000e+02 4.790000000000000000e+02 2.620000000000000000e+02 5.120000000000000000e+02
2.520000000000000000e+02 3.700000000000000000e+01 3.310000000000000000e+02 1.220000000000000000e+02
2.570000000000000000e+02 2.070000000000000000e+02 4.090000000000000000e+02 3.240000000000000000e+02
2.900000000000000000e+02 4.630000000000000000e+02 3.610000000000000000e+02 5.120000000000000000e+02
3.040000000000000000e+02 3.640000000000000000e+02 4.280000000000000000e+02 4.590000000000000000e+02
3.360000000000000000e+02 2.840000000000000000e+02 4.110000000000000000e+02 3.430000000000000000e+02
4.110000000000000000e+02 2.400000000000000000e+02 4.880000000000000000e+02 3.010000000000000000e+02
4.260000000000000000e+02 1.000000000000000000e+00 4.530000000000000000e+02 1.100000000000000000e+01
4.550000000000000000e+02 1.120000000000000000e+02 5.110000000000000000e+02 2.160000000000000000e+02
4.770000000000000000e+02 2.880000000000000000e+02 5.120000000000000000e+02 3.450000000000000000e+02
