0.000000000000000000e+00 0.000000000000000000e+00 4.300000000000000000e+01 3.500000000000000000e+01
0.000000000000000000e+00 1.970000000000000000e+02 1.300000000000000000e+01 2.260000000000000000e+02
0.000000000000000000e+00 3.870000000000000000e+02 6.100000000000000000e+01 4.920000000000000000e+02
3.000000000000000000e+00 1.370000000000000000e+02 2.100000000000000000e+01 1.770000000000000000e+02
3.200000000000000000e+01 2.560000000000000000e+02 1.290000000000000000e+02 3.590000000000000000e+02
9.200000000000000000e+01 8.900000000000000000e+01 1.550000000000000000e+02 1.540000000000000000e+02
9.900000000000000000e+01 3.120000000000000000e+02 1.570000000000000000e+02 3.650000000000000000e+02
1.150000000000000000e+02 0.000000000000000000e+00 1.940000000000000000e+02 5.700000000000000000e+01
1.620000000000000000e+02 2.400000000000000000e+02 2.250000000000000000e+02 3.030000000000000000e+02
1.820000000000000000e+02 3.380000000000000000e+02 2.410000000000000000e+02 3.910000000000000000e+02
2.080000000000000000e+02 9.300000000000000000e+01 3.950000000000000000e+02 2.160000000000000000e+02
2.700000000000000000e+02 2.320000000000000000e+02 3.350000000000000000e+02 2.910000000000000000e+02
2.710000000000000000e+02 4.120000000000000000e+02 3.340000000000000000e+02 4.750000000000000000e+02
3.120000000000000000e+02 3.480000000000000000e+02 3.790000000000000000e+02 4.150000000000000000e+02
3.870000000000000000e+02 0.000000000000000000e+00 4.720000000000000000e+02 8.100000000000000000e+01
4.340000000000000000e+02 3.250000000000000000e+02 5.120000000000000000e+02 4.080000000000000000e+02
4.470000000000000000e+02 9.200000000000000000e+01 5.100000000000000000e+02 1.590000000000000000e+02
4.470000000000000000e+02 4.190000000000000000e+02 5.120000000000000000e+02 4.880000000000000000e+02
4.980000000000000000e+02 2.500000000000000000e+02 5.120000000000000000e+02 2.880000000000000000e+02
