0.000000000000000000e+00 7.700000000000000000e+01 5.300000000000000000e+01 1.280000000000000000e+02
0.000000000000000000e+00 2.350000000000000000e+02 7.100000000000000000e+01 3.090000000000000000e+02
7.100000000000000000e+01 1.940000000000000000e+02 1.360000000000000000e+02 2.540000000000000000e+02
7.100000000000000000e+01 2.700000000000000000e+02 1.980000000000000000e+02 3.940000000000000000e+02
1.000000000000000000e+02 3.500000000000000000e+01 1.830000000000000000e+02 1.170000000000000000e+02
2.050000000000000000e+02 2.000000000000000000e+02 2.830000000000000000e+02 2.750000000000000000e+02
2.140000000000000000e+02 7.600000000000000000e+01 2.740000000000000000e+02 1.340000000000000000e+02
2.370000000000000000e+02 3.700000000000000000e+02 2.970000000000000000e+02 4.280000000000000000e+02
3.120000000000000000e+02 0.000000000000000000e+00 3.730000000000000000e+02 2.300000000000000000e+01
3.130000000000000000e+02 5.300000000000000000e+01 5.120000000000000000e+02 3.630000000000000000e+02
4.220000000000000000e+02 4.700000000000000000e+02 4.680000000000000000e+02 5.120000000000000000e+02
4.350000000000000000e+02 4.320000000000000000e+02 4.870000000000000000e+02 4.760000000000000000e+02
5.020000000000000000e+02 4.390000000000000000e+02 5.120000000000000000e+02 4.630000000000000000e+02
