0.000000000000000000e+00 5.000000000000000000e+01 7.100000000000000000e+01 1.250000000000000000e+02
0.000000000000000000e+00 1.610000000000000000e+02 5.500000000000000000e+01 2.120000000000000000e+02
0.000000000000000000e+00 2.130000000000000000e+02 2.400000000000000000e+01 2.430000000000000000e+02
0.000000000000000000e+00 2.480000000000000000e+02 8.700000000000000000e+01 3.580000000000000000e+02
0.000000000000000000e+00 3.790000000000000000e+02 8.000000000000000000e+00 4.150000000000000000e+02
5.000000000000000000e+00 4.550000000000000000e+02 5.600000000000000000e+01 5.040000000000000000e+02
2.100000000000000000e+01 4.120000000000000000e+02 7.000000000000000000e+01 4.470000000000000000e+02
4.900000000000000000e+01 3.760000000000000000e+02 7.500000000000000000e+01 4.010000000000000000e+02
7.600000000000000000e+01 3.410000000000000000e+02 1.280000000000000000e+02 3.970000000000000000e+02
8.200000000000000000e+01 4.940000000000000000e+02 1.080000000000000000e+02 5.100000000000000000e+02
1.060000000000000000e+02 3.870000000000000000e+02 1.840000000000000000e+02 4.640000000000000000e+02
1.080000000000000000e+02 2.030000000000000000e+02 1.530000000000000000e+02 2.440000000000000000e+02
1.170000000000000000e+02 5.200000000000000000e+01 1.660000000000000000e+02 1.120000000000000000e+02
1.250000000000000000e+02 4.650000000000000000e+02 1.870000000000000000e+02 5.100000000000000000e+02
1.480000000000000000e+02 2.020000000000000000e+02 1.930000000000000000e+02 2.560000000000000000e+02
1.540000000000000000e+02 2.800000000000000000e+01 2.130000000000000000e+02 1.200000000000000000e+02
1.660000000000000000e+02 3.000000000000000000e+02 2.290000000000000000e+02 3.680000000000000000e+02
1.890000000000000000e+02 1.170000000000000000e+02 2.500000000000000000e+02 1.840000000000000000e+02
2.490000000000000000e+02 1.560000000000000000e+02 3.070000000000000000e+02 2.110000000000000000e+02
2.990000000000000000e+02 2.460000000000000000e+02 3.580000000000000000e+02 2.970000000000000000e+02
3.050000000000000000e+02 7.000000000000000000e+01 3.850000000000000000e+02 1.420000000000000000e+02
3.130000000000000000e+02 4.410000000000000000e+02 3.770000000000000000e+02 4.890000000000000000e+02
3.310000000000000000e+02 3.780000000000000000e+02 4.010000000000000000e+02 4.530000000000000000e+02
3.750000000000000000e+02 1.590000000000000000e+02 4.340000000000000000e+02 2.240000000000000000e+02
3.920000000000000000e+02 5.100000000000000000e+01 4.630000000000000000e+02 1.370000000000000000e+02
3.960000000000000000e+02 3.850000000000000000e+02 5.120000000000000000e+02 5.080000000000000000e+02
4.030000000000000000e+02 2.000000000000000000e+02 5.070000000000000000e+02 4.090000000000000000e+02
4.310000000000000000e+02 1.330000000000000000e+02 4.720000000000000000e+02 1.860000000000000000e+02
4.640000000000000000e+02 5.400000000000000000e+01 5.120000000000000000e+02 1.510000000000000000e+02
