1.000000000000000000e+00 1.690000000000000000e+02 4.700000000000000000e+01 2.630000000000000000e+02
1.000000000000000000e+00 2.810000000000000000e+02 2.200000000000000000e+01 3.350000000000000000e+02
3.300000000000000000e+01 1.100000000000000000e+02 1.560000000000000000e+02 2.080000000000000000e+02
3.400000000000000000e+01 0.000000000000000000e+00 9.100000000000000000e+01 7.300000000000000000e+01
5.400000000000000000e+01 4.750000000000000000e+02 7.900000000000000000e+01 5.000000000000000000e+02
8.600000000000000000e+01 4.740000000000000000e+02 1.330000000000000000e+02 5.120000000000000000e+02
9.600000000000000000e+01 0.000000000000000000e+00 1.510000000000000000e+02 5.700000000000000000e+01
1.290000000000000000e+02 3.800000000000000000e+01 1.760000000000000000e+02 8.300000000000000000e+01
2.060000000000000000e+02 1.760000000000000000e+02 2.790000000000000000e+02 2.490000000000000000e+02
2.100000000000000000e+02 4.900000000000000000e+02 2.600000000000000000e+02 5.120000000000000000e+02
2.670000000000000000e+02 0.000000000000000000e+00 2.900000000000000000e+02 2.200000000000000000e+01
2.830000000000000000e+02 0.000000000000000000e+00 3.620000000000000000e+02 7.700000000000000000e+01
2.960000000000000000e+02 1.460000000000000000e+02 3.490000000000000000e+02 2.010000000000000000e+02
3.010000000000000000e+02 4.520000000000000000e+02 3.420000000000000000e+02 4.930000000000000000e+02
3.270000000000000000e+02 7.400000000000000000e+01 3.900000000000000000e+02 1.470000000000000000e+02
3.480000000000000000e+02 1.870000000000000000e+02 3.990000000000000000e+02 2.500000000000000000e+02
4.070000000000000000e+02 1.030000000000000000e+02 4.990000000000000000e+02 1.700000000000000000e+02
4.330000000000000000e+02 2.060000000000000000e+02 5.100000000000000000e+02 3.030000000000000000e+02
4.600000000000000000e+02 4.320000000000000000e+02 5.120000000000000000e+02 5.050000000000000000e+02
