0.000000000000000000e+00 6.300000000000000000e+01 8.900000000000000000e+01 1.500000000000000000e+02
0.000000000000000000e+00 4.210000000000000000e+02 2.200000000000000000e+01 4.780000000000000000e+02
2.300000000000000000e+01 3.240000000000000000e+02 7.400000000000000000e+01 3.770000000000000000e+02
4.300000000000000000e+01 4.860000000000000000e+02 1.070000000000000000e+02 5.120000000000000000e+02
1.430000000000000000e+02 1.330000000000000000e+02 1.970000000000000000e+02 1.870000000000000000e+02
1.880000000000000000e+02 4.250000000000000000e+02 2.750000000000000000e+02 5.060000000000000000e+02
2.130000000000000000e+02 1.110000000000000000e+02 3.010000000000000000e+02 1.960000000000000000e+02
3.060000000000000000e+02 3.810000000000000000e+02 3.820000000000000000e+02 4.560000000000000000e+02
3.220000000000000000e+02 0.000000000000000000e+00 3.860000000000000000e+02 3.400000000000000000e+01
4.140000000000000000e+02 2.140000000000000000e+02 5.120000000000000000e+02 3.080000000000000000e+02
4.160000000000000000e+02 3.300000000000000000e+01 4.810000000000000000e+02 1.040000000000000000e+02
4.650000000000000000e+02 4.900000000000000000e+02 5.120000000000000000e+02 5.120000000000000000e+02
