0.000000000000000000e+00 1.610000000000000000e+02 1.020000000000000000e+02 2.520000000000000000e+02
0.000000000000000000e+00 3.030000000000000000e+02 6.900000000000000000e+01 3.810000000000000000e+02
1.000000000000000000e+00 4.970000000000000000e+02 1.800000000000000000e+01 5.100000000000000000e+02
6.000000000000000000e+01 8.000000000000000000e+01 1.190000000000000000e+02 1.390000000000000000e+02
6.200000000000000000e+01 4.110000000000000000e+02 1.130000000000000000e+02 4.600000000000000000e+02
6.600000000000000000e+01 4.810000000000000000e+02 1.680000000000000000e+02 5.100000000000000000e+02
1.360000000000000000e+02 0.000000000000000000e+00 2.090000000000000000e+02 4.900000000000000000e+01
1.400000000000000000e+02 4.220000000000000000e+02 2.110000000000000000e+02 4.930000000000000000e+02
1.510000000000000000e+02 3.130000000000000000e+02 2.140000000000000000e+02 3.740000000000000000e+02
1.720000000000000000e+02 1.290000000000000000e+02 2.650000000000000000e+02 2.690000000000000000e+02
2.190000000000000000e+02 2.200000000000000000e+01 2.720000000000000000e+02 7.500000000000000000e+01
2.250000000000000000e+02 4.910000000000000000e+02 2.610000000000000000e+02 5.100000000000000000e+02
2.480000000000000000e+02 8.400000000000000000e+01 3.110000000000000000e+02 1.470000000000000000e+02
2.940000000000000000e+02 3.430000000000000000e+02 3.530000000000000000e+02 4.040000000000000000e+02
2.950000000000000000e+02 1.530000000000000000e+02 3.700000000000000000e+02 2.240000000000000000e+02
3.050000000000000000e+02 4.860000000000000000e+02 3.700000000000000000e+02 5.100000000000000000e+02
3.250000000000000000e+02 4.040000000000000000e+02 4.080000000000000000e+02 4.870000000000000000e+02
3.400000000000000000e+02 2.210000000000000000e+02 4.110000000000000000e+02 2.900000000000000000e+02
4.170000000000000000e+02 3.200000000000000000e+02 5.120000000000000000e+02 3.950000000000000000e+02
4.250000000000000000e+02 1.830000000000000000e+02 4.760000000000000000e+02 2.340000000000000000e+02
4.600000000000000000e+02 5.000000000000000000e+01 5.120000000000000000e+02 1.210000000000000000e+02
