0.000000000000000000e+00 6.800000000000000000e+01 2.100000000000000000e+01 1.090000000000000000e+02
0.000000000000000000e+00 3.850000000000000000e+02 4.400000000000000000e+01 4.460000000000000000e+02
1.000000000000000000e+00 1.830000000000000000e+02 5.500000000000000000e+01 2.820000000000000000e+02
7.000000000000000000e+00 0.000000000000000000e+00 5.800000000000000000e+01 2.500000000000000000e+01
2.300000000000000000e+01 4.990000000000000000e+02 5.400000000000000000e+01 5.110000000000000000e+02
6.000000000000000000e+01 9.700000000000000000e+01 1.220000000000000000e+02 1.610000000000000000e+02
6.000000000000000000e+01 4.220000000000000000e+02 1.280000000000000000e+02 4.920000000000000000e+02
9.200000000000000000e+01 4.760000000000000000e+02 1.540000000000000000e+02 5.110000000000000000e+02
1.170000000000000000e+02 1.760000000000000000e+02 1.870000000000000000e+02 2.430000000000000000e+02
1.540000000000000000e+02 3.900000000000000000e+02 2.580000000000000000e+02 5.070000000000000000e+02
1.720000000000000000e+02 3.260000000000000000e+02 2.290000000000000000e+02 3.790000000000000000e+02
2.360000000000000000e+02 3.590000000000000000e+02 2.910000000000000000e+02 4.220000000000000000e+02
2.430000000000000000e+02 1.890000000000000000e+02 2.860000000000000000e+02 2.400000000000000000e+02
3.300000000000000000e+02 2.900000000000000000e+02 3.930000000000000000e+02 3.550000000000000000e+02
