0.000000000000000000e+00 2.090000000000000000e+02 6.100000000000000000e+01 2.820000000000000000e+02
0.000000000000000000e+00 2.890000000000000000e+02 1.800000000000000000e+01 3.280000000000000000e+02
0.000000000000000000e+00 3.870000000000000000e+02 7.700000000000000000e+01 4.760000000000000000e+02
1.200000000000000000e+02 6.000000000000000000e+01 2.350000000000000000e+02 1.310000000000000000e+02
1.420000000000000000e+02 3.500000000000000000e+02 1.950000000000000000e+02 4.150000000000000000e+02
2.120000000000000000e+02 3.560000000000000000e+02 2.490000000000000000e+02 3.890000000000000000e+02
2.710000000000000000e+02 4.500000000000000000e+01 4.020000000000000000e+02 2.180000000000000000e+02
2.860000000000000000e+02 3.180000000000000000e+02 3.270000000000000000e+02 3.670000000000000000e+02
3.390000000000000000e+02 2.890000000000000000e+02 3.840000000000000000e+02 3.420000000000000000e+02
4.010000000000000000e+02 2.770000000000000000e+02 4.340000000000000000e+02 3.140000000000000000e+02
4.210000000000000000e+02 4.380000000000000000e+02 4.740000000000000000e+02 4.950000000000000000e+02
4.220000000000000000e+02 0.000000000000000000e+00 4.690000000000000000e+02 2.100000000000000000e+01
4.930000000000000000e+02 1.020000000000000000e+02 5.120000000000000000e+02 1.560000000000000000e+02
