1.700000000000000000e+01 9.200000000000000000e+01 1.410000000000000000e+02 2.120000000000000000e+02
4.000000000000000000e+01 4.720000000000000000e+02 1.180000000000000000e+02 5.120000000000000000e+02
1.700000000000000000e+02 4.820000000000000000e+02 2.710000000000000000e+02 5.120000000000000000e+02
1.800000000000000000e+02 2.990000000000000000e+02 2.520000000000000000e+02 3.680000000000000000e+02
1.980000000000000000e+02 1.310000000000000000e+02 2.920000000000000000e+02 2.120000000000000000e+02
2.100000000000000000e+02 7.000000000000000000e+00 2.530000000000000000e+02 5.500000000000000000e+01
3.080000000000000000e+02 1.280000000000000000e+02 4.030000000000000000e+02 2.230000000000000000e+02
3.230000000000000000e+02 3.300000000000000000e+02 3.920000000000000000e+02 4.020000000000000000e+02
3.970000000000000000e+02 1.580000000000000000e+02 4.930000000000000000e+02 2.510000000000000000e+02
4.060000000000000000e+02 3.180000000000000000e+02 4.580000000000000000e+02 3.770000000000000000e+02
4.090000000000000000e+02 4.960000000000000000e+02 4.510000000000000000e+02 5.120000000000000000e+02
