0.000000000000000000e+00 5.600000000000000000e+01 1.200000000000000000e+01 1.060000000000000000e+02
0.000000000000000000e+00 1.620000000000000000e+02 8.100000000000000000e+01 2.450000000000000000e+02
0.000000000000000000e+00 2.690000000000000000e+02 3.000000000000000000e+00 2.840000000000000000e+02
8.300000000000000000e+01 2.000000000000000000e+00 1.340000000000000000e+02 5.900000000000000000e+01
8.600000000000000000e+01 2.730000000000000000e+02 1.660000000000000000e+02 3.460000000000000000e+02
2.030000000000000000e+02 4.500000000000000000e+01 2.310000000000000000e+02 9.600000000000000000e+01
2.270000000000000000e+02 9.700000000000000000e+01 2.720000000000000000e+02 1.540000000000000000e+02
2.710000000000000000e+02 4.960000000000000000e+02 3.500000000000000000e+02 5.120000000000000000e+02
2.910000000000000000e+02 1.970000000000000000e+02 3.150000000000000000e+02 2.410000000000000000e+02
3.660000000000000000e+02 4.260000000000000000e+02 4.110000000000000000e+02 4.750000000000000000e+02
3.740000000000000000e+02 2.080000000000000000e+02 4.440000000000000000e+02 2.870000000000000000e+02
3.780000000000000000e+02 0.000000000000000000e+00 4.390000000000000000e+02 4.200000000000000000e+01
3.970000000000000000e+02 3.440000000000000000e+02 4.850000000000000000e+02 4.130000000000000000e+02
4.040000000000000000e+02 2.800000000000000000e+02 4.620000000000000000e+02 3.140000000000000000e+02
4.150000000000000000e+02 1.280000000000000000e+02 4.690000000000000000e+02 1.800000000000000000e+02
4.170000000000000000e+02 3.080000000000000000e+02 4.640000000000000000e+02 3.460000000000000000e+02
4.960000000000000000e+02 1.220000000000000000e+02 5.120000000000000000e+02 1.810000000000000000e+02
