3.000000000000000000e+01 2.620000000000000000e+02 1.150000000000000000e+02 3.670000000000000000e+02
5.800000000000000000e+01 4.090000000000000000e+02 1.070000000000000000e+02 4.640000000000000000e+02
6.100000000000000000e+01 0.000000000000000000e+00 1.240000000000000000e+02 3.300000000000000000e+01
1.040000000000000000e+02 1.090000000000000000e+02 1.670000000000000000e+02 1.620000000000000000e+02
1.400000000000000000e+02 4.380000000000000000e+02 1.970000000000000000e+02 4.950000000000000000e+02
1.600000000000000000e+02 2.350000000000000000e+02 2.070000000000000000e+02 2.860000000000000000e+02
1.740000000000000000e+02 1.210000000000000000e+02 2.350000000000000000e+02 1.940000000000000000e+02
2.250000000000000000e+02 3.400000000000000000e+02 2.840000000000000000e+02 3.990000000000000000e+02
2.980000000000000000e+02 2.750000000000000000e+02 3.430000000000000000e+02 3.380000000000000000e+02
2.980000000000000000e+02 4.860000000000000000e+02 3.450000000000000000e+02 5.120000000000000000e+02
3.140000000000000000e+02 1.800000000000000000e+01 3.770000000000000000e+02 9.100000000000000000e+01
3.900000000000000000e+02 2.330000000000000000e+02 4.430000000000000000e+02 2.880000000000000000e+02
4.200000000000000000e+02 3.180000000000000000e+02 4.750000000000000000e+02 3.870000000000000000e+02
4.780000000000000000e+02 2.260000000000000000e+02 5.120000000000000000e+02 3.070000000000000000e+02
4.810000000000000000e+02 2.100000000000000000e+01 5.120000000000000000e+02 1.020000000000000000e+02
4.920000000000000000e+02 3.920000000000000000e+02 5.120000000000000000e+02 4.390000000000000000e+02
