3.300000000000000000e+01 1.510000000000000000e+02 1.200000000000000000e+02 2.430000000000000000e+02
6.000000000000000000e+01 4.800000000000000000e+01 1.110000000000000000e+02 9.900000000000000000e+01
6.700000000000000000e+01 4.840000000000000000e+02 1.250000000000000000e+02 5.120000000000000000e+02
1.090000000000000000e+02 3.530000000000000000e+02 1.680000000000000000e+02 3.980000000000000000e+02
1.490000000000000000e+02 2.600000000000000000e+01 1.940000000000000000e+02 7.000000000000000000e+01
1.640000000000000000e+02 2.310000000000000000e+02 2.030000000000000000e+02 2.760000000000000000e+02
1.820000000000000000e+02 3.220000000000000000e+02 2.340000000000000000e+02 3.910000000000000000e+02
2.260000000000000000e+02 1.170000000000000000e+02 2.840000000000000000e+02 1.770000000000000000e+02
2.920000000000000000e+02 0.000000000000000000e+00 3.510000000000000000e+02 3.400000000000000000e+01
3.090000000000000000e+02 4.230000000000000000e+02 3.780000000000000000e+02 5.010000000000000000e+02
3.880000000000000000e+02 2.260000000000000000e+02 4.420000000000000000e+02 2.840000000000000000e+02
4.230000000000000000e+02 1.350000000000000000e+02 4.770000000000000000e+02 1.900000000000000000e+02
4.740000000000000000e+02 1.980000000000000000e+02 5.120000000000000000e+02 2.910000000000000000e+02
4.740000000000000000e+02 4.220000000000000000e+02 5.120000000000000000e+02 4.840000000000000000e+02
4.940000000000000000e+02 6.900000000000000000e+01 5.120000000000000000e+02 1.170000000000000000e+02
