0.000000000000000000e+00 1.300000000000000000e+01 8.000000000000000000e+00 4.300000000000000000e+01
1.200000000000000000e+01 2.720000000000000000e+02 9.000000000000000000e+01 3.340000000000000000e+02
8.800000000000000000e+01 3.300000000000000000e+02 1.390000000000000000e+02 3.900000000000000000e+02
1.320000000000000000e+02 1.860000000000000000e+02 1.750000000000000000e+02 2.420000000000000000e+02
1.930000000000000000e+02 1.650000000000000000e+02 2.500000000000000000e+02 2.150000000000000000e+02
2.340000000000000000e+02 3.130000000000000000e+02 3.020000000000000000e+02 3.880000000000000000e+02
2.830000000000000000e+02 1.930000000000000000e+02 3.250000000000000000e+02 2.390000000000000000e+02
2.880000000000000000e+02 4.880000000000000000e+02 3.240000000000000000e+02 5.120000000000000000e+02
3.330000000000000000e+02 1.630000000000000000e+02 3.600000000000000000e+02 1.830000000000000000e+02
3.360000000000000000e+02 3.230000000000000000e+02 3.900000000000000000e+02 3.800000000000000000e+02
3.780000000000000000e+02 4.830000000000000000e+02 3.940000000000000000e+02 4.970000000000000000e+02
3.960000000000000000e+02 2.160000000000000000e+02 4.130000000000000000e+02 2.480000000000000000e+02
4.100000000000000000e+02 4.090000000000000000e+02 5.010000000000000000e+02 4.890000000000000000e+02
4.300000000000000000e+02 2.390000000000000000e+02 4.890000000000000000e+02 2.990000000000000000e+02
5.010000000000000000e+02 2.780000000000000000e+02 5.120000000000000000e+02 3.110000000000000000e+02
