0.000000000000000000e+00 1.120000000000000000e+02 6.200000000000000000e+01 1.730000000000000000e+02
0.000000000000000000e+00 4.910000000000000000e+02 3.300000000000000000e+01 5.120000000000000000e+02
1.270000000000000000e+02 2.720000000000000000e+02 2.270000000000000000e+02 3.720000000000000000e+02
1.290000000000000000e+02 3.790000000000000000e+02 2.010000000000000000e+02 4.510000000000000000e+02
1.440000000000000000e+02 7.000000000000000000e+01 2.130000000000000000e+02 1.460000000000000000e+02
2.110000000000000000e+02 9.700000000000000000e+01 2.770000000000000000e+02 1.630000000000000000e+02
2.950000000000000000e+02 0.000000000000000000e+00 3.520000000000000000e+02 2.600000000000000000e+01
3.120000000000000000e+02 1.590000000000000000e+02 4.040000000000000000e+02 2.430000000000000000e+02
3.170000000000000000e+02 9.400000000000000000e+01 3.750000000000000000e+02 1.480000000000000000e+02
3.190000000000000000e+02 3.370000000000000000e+02 4.050000000000000000e+02 4.430000000000000000e+02
3.800000000000000000e+02 2.560000000000000000e+02 4.640000000000000000e+02 3.390000000000000000e+02
4.130000000000000000e+02 1.660000000000000000e+02 4.760000000000000000e+02 2.280000000000000000e+02
4.420000000000000000e+02 4.150000000000000000e+02 5.060000000000000000e+02 4.770000000000000000e+02
4.430000000000000000e+02 5.700000000000000000e+01 5.120000000000000000e+02 1.410000000000000000e+02
4.780000000000000000e+02 2.830000000000000000e+02 5.120000000000000000e+02 3.660000000000000000e+02
