0.000000000000000000e+00 7.000000000000000000e+01 2.400000000000000000e+01 1.280000000000000000e+02
0.000000000000000000e+00 1.370000000000000000e+02 4.900000000000000000e+01 1.940000000000000000e+02
0.000000000000000000e+00 3.980000000000000000e+02 2.100000000000000000e+01 4.340000000000000000e+02
1.800000000000000000e+01 1.920000000000000000e+02 8.400000000000000000e+01 2.570000000000000000e+02
2.200000000000000000e+01 3.600000000000000000e+02 1.200000000000000000e+02 4.620000000000000000e+02
1.030000000000000000e+02 1.280000000000000000e+02 1.740000000000000000e+02 2.060000000000000000e+02
1.120000000000000000e+02 4.600000000000000000e+01 1.900000000000000000e+02 1.170000000000000000e+02
1.690000000000000000e+02 5.090000000000000000e+02 1.740000000000000000e+02 5.120000000000000000e+02
1.870000000000000000e+02 4.940000000000000000e+02 2.130000000000000000e+02 5.120000000000000000e+02
2.070000000000000000e+02 4.740000000000000000e+02 2.560000000000000000e+02 5.120000000000000000e+02
2.110000000000000000e+02 3.740000000000000000e+02 2.830000000000000000e+02 4.420000000000000000e+02
2.700000000000000000e+02 0.000000000000000000e+00 3.290000000000000000e+02 3.800000000000000000e+01
2.710000000000000000e+02 4.880000000000000000e+02 3.390000000000000000e+02 5.120000000000000000e+02
2.870000000000000000e+02 4.040000000000000000e+02 3.670000000000000000e+02 4.850000000000000000e+02
3.180000000000000000e+02 3.300000000000000000e+01 4.590000000000000000e+02 1.350000000000000000e+02
3.700000000000000000e+02 1.600000000000000000e+02 4.290000000000000000e+02 2.150000000000000000e+02
4.010000000000000000e+02 2.470000000000000000e+02 4.790000000000000000e+02 3.260000000000000000e+02
4.090000000000000000e+02 4.930000000000000000e+02 4.490000000000000000e+02 5.120000000000000000e+02
4.100000000000000000e+02 4.000000000000000000e+00 4.560000000000000000e+02 4.700000000000000000e+01
4.480000000000000000e+02 0.000000000000000000e+00 5.020000000000000000e+02 3.500000000000000000e+01
4.970000000000000000e+02 4.600000000000000000e+02 5.120000000000000000e+02 4.940000000000000000e+02
