0.000000000000000000e+00 0.000000000000000000e+00 4.300000000000000000e+01 3.100000000000000000e+01
0.000000000000000000e+00 4.600000000000000000e+01 1.600000000000000000e+01 8.000000000000000000e+01
0.000000000000000000e+00 1.770000000000000000e+02 5.000000000000000000e+00 1.970000000000000000e+02
0.000000000000000000e+00 2.070000000000000000e+02 2.700000000000000000e+01 2.480000000000000000e+02
0.000000000000000000e+00 3.300000000000000000e+02 4.700000000000000000e+01 4.080000000000000000e+02
0.000000000000000000e+00 3.970000000000000000e+02 9.500000000000000000e+01 4.850000000000000000e+02
1.200000000000000000e+01 2.470000000000000000e+02 6.000000000000000000e+01 2.900000000000000000e+02
2.700000000000000000e+01 1.000000000000000000e+01 6.100000000000000000e+01 5.200000000000000000e+01
7.200000000000000000e+01 2.700000000000000000e+02 1.250000000000000000e+02 3.140000000000000000e+02
7.400000000000000000e+01 1.690000000000000000e+02 1.180000000000000000e+02 2.100000000000000000e+02
9.100000000000000000e+01 3.000000000000000000e+01 1.430000000000000000e+02 8.200000000000000000e+01
1.210000000000000000e+02 1.160000000000000000e+02 1.700000000000000000e+02 1.730000000000000000e+02
1.430000000000000000e+02 3.910000000000000000e+02 2.720000000000000000e+02 5.120000000000000000e+02
1.470000000000000000e+02 2.980000000000000000e+02 2.290000000000000000e+02 3.750000000000000000e+02
1.550000000000000000e+02 1.830000000000000000e+02 2.330000000000000000e+02 2.640000000000000000e+02
1.790000000000000000e+02 8.500000000000000000e+01 2.520000000000000000e+02 1.550000000000000000e+02
2.040000000000000000e+02 1.000000000000000000e+00 2.570000000000000000e+02 3.800000000000000000e+01
2.150000000000000000e+02 2.370000000000000000e+02 2.620000000000000000e+02 2.810000000000000000e+02
2.350000000000000000e+02 3.350000000000000000e+02 3.320000000000000000e+02 4.350000000000000000e+02
2.670000000000000000e+02 6.500000000000000000e+01 3.050000000000000000e+02 9.400000000000000000e+01
2.950000000000000000e+02 2.140000000000000000e+02 3.360000000000000000e+02 2.370000000000000000e+02
3.760000000000000000e+02 1.310000000000000000e+02 4.270000000000000000e+02 1.830000000000000000e+02
3.780000000000000000e+02 4.500000000000000000e+01 4.360000000000000000e+02 9.600000000000000000e+01
4.060000000000000000e+02 3.490000000000000000e+02 4.870000000000000000e+02 4.310000000000000000e+02
4.160000000000000000e+02 1.840000000000000000e+02 4.690000000000000000e+02 2.310000000000000000e+02
4.190000000000000000e+02 2.220000000000000000e+02 4.970000000000000000e+02 2.820000000000000000e+02
4.910000000000000000e+02 2.600000000000000000e+01 5.120000000000000000e+02 6.600000000000000000e+01
