0.000000000000000000e+00 2.390000000000000000e+02 2.300000000000000000e+01 2.940000000000000000e+02
0.000000000000000000e+00 3.720000000000000000e+02 6.200000000000000000e+01 4.410000000000000000e+02
1.000000000000000000e+00 6.000000000000000000e+00 5.100000000000000000e+01 6.600000000000000000e+01
4.000000000000000000e+01 2.660000000000000000e+02 1.090000000000000000e+02 3.230000000000000000e+02
7.900000000000000000e+01 9.700000000000000000e+01 1.720000000000000000e+02 1.980000000000000000e+02
1.120000000000000000e+02 2.270000000000000000e+02 1.730000000000000000e+02 2.980000000000000000e+02
1.790000000000000000e+02 3.200000000000000000e+01 2.360000000000000000e+02 8.900000000000000000e+01
1.830000000000000000e+02 4.960000000000000000e+02 2.360000000000000000e+02 5.120000000000000000e+02
3.100000000000000000e+02 5.100000000000000000e+01 4.110000000000000000e+02 1.340000000000000000e+02
3.450000000000000000e+02 1.830000000000000000e+02 4.260000000000000000e+02 2.540000000000000000e+02
3.590000000000000000e+02 4.890000000000000000e+02 4.140000000000000000e+02 5.120000000000000000e+02
4.480000000000000000e+02 3.290000000000000000e+02 5.120000000000000000e+02 4.090000000000000000e+02
4.890000000000000000e+02 2.850000000000000000e+02 5.120000000000000000e+02 3.120000000000000000e+02
