0.000000000000000000e+00 0.000000000000000000e+00 2.200000000000000000e+01 4.700000000000000000e+01
0.000000000000000000e+00 4.050000000000000000e+02 2.600000000000000000e+01 4.690000000000000000e+02
6.000000000000000000e+00 2.370000000000000000e+02 8.700000000000000000e+01 3.240000000000000000e+02
3.400000000000000000e+01 4.900000000000000000e+02 9.100000000000000000e+01 5.120000000000000000e+02
5.600000000000000000e+01 1.300000000000000000e+02 1.310000000000000000e+02 2.060000000000000000e+02
1.350000000000000000e+02 4.380000000000000000e+02 1.880000000000000000e+02 4.890000000000000000e+02
2.040000000000000000e+02 0.000000000000000000e+00 2.980000000000000000e+02 9.800000000000000000e+01
3.160000000000000000e+02 2.110000000000000000e+02 4.010000000000000000e+02 2.990000000000000000e+02
3.250000000000000000e+02 3.150000000000000000e+02 3.790000000000000000e+02 3.690000000000000000e+02
3.620000000000000000e+02 4.230000000000000000e+02 4.490000000000000000e+02 5.120000000000000000e+02
4.080000000000000000e+02 3.100000000000000000e+01 4.790000000000000000e+02 9.600000000000000000e+01
4.780000000000000000e+02 1.260000000000000000e+02 5.120000000000000000e+02 1.900000000000000000e+02
