1.160000000000000000e+02 1.610000000000000000e+02 1.800000000000000000e+02 2.240000000000000000e+02
2.180000000000000000e+02 8.700000000000000000e+01 2.770000000000000000e+02 1.490000000000000000e+02
2.220000000000000000e+02 2.720000000000000000e+02 2.720000000000000000e+02 3.250000000000000000e+02
2.560000000000000000e+02 7.000000000000000000e+00 3.570000000000000000e+02 1.150000000000000000e+02
2.860000000000000000e+02 1.290000000000000000e+02 3.400000000000000000e+02 1.860000000000000000e+02
3.260000000000000000e+02 2.700000000000000000e+02 3.930000000000000000e+02 3.340000000000000000e+02
3.620000000000000000e+02 0.000000000000000000e+00 4.170000000000000000e+02 2.800000000000000000e+01
3.840000000000000000e+02 2.000000000000000000e+01 4.500000000000000000e+02 8.500000000000000000e+01
3.910000000000000000e+02 3.530000000000000000e+02 4.470000000000000000e+02 4.090000000000000000e+02
4.590000000000000000e+02 2.310000000000000000e+02 5.120000000000000000e+02 3.230000000000000000e+02
4.630000000000000000e+02 4.840000000000000000e+02 5.110000000000000000e+02 5.080000000000000000e+02
4.680000000000000000e+02 6.000000000000000000e+01 5.120000000000000000e+02 1.220000000000000000e+02
4.840000000000000000e+02 4.010000000000000000e+02 5.120000000000000000e+02 4.450000000000000000e+02
