0.000000000000000000e+00 1.000000000000000000e+00 7.800000000000000000e+01 7.400000000000000000e+01
0.000000000000000000e+00 2.010000000000000000e+02 9.500000000000000000e+01 2.860000000000000000e+02
3.700000000000000000e+01 1.280000000000000000e+02 9.400000000000000000e+01 1.770000000000000000e+02
4.500000000000000000e+01 4.750000000000000000e+02 1.020000000000000000e+02 5.120000000000000000e+02
9.700000000000000000e+01 4.450000000000000000e+02 1.620000000000000000e+02 5.060000000000000000e+02
9.900000000000000000e+01 0.000000000000000000e+00 1.770000000000000000e+02 2.100000000000000000e+01
1.280000000000000000e+02 3.510000000000000000e+02 1.850000000000000000e+02 4.000000000000000000e+02
1.790000000000000000e+02 1.340000000000000000e+02 2.670000000000000000e+02 2.020000000000000000e+02
2.100000000000000000e+02 4.300000000000000000e+02 3.110000000000000000e+02 5.010000000000000000e+02
2.560000000000000000e+02 3.370000000000000000e+02 3.260000000000000000e+02 4.170000000000000000e+02
2.620000000000000000e+02 9.500000000000000000e+01 3.070000000000000000e+02 1.440000000000000000e+02
4.020000000000000000e+02 2.170000000000000000e+02 5.120000000000000000e+02 2.880000000000000000e+02
4.390000000000000000e+02 4.820000000000000000e+02 4.930000000000000000e+02 5.100000000000000000e+02
