0.000000000000000000e+00 2.880000000000000000e+02 6.400000000000000000e+01 3.520000000000000000e+02
1.000000000000000000e+00 6.000000000000000000e+00 1.600000000000000000e+01 4.100000000000000000e+01
1.680000000000000000e+02 3.700000000000000000e+02 2.200000000000000000e+02 4.190000000000000000e+02
1.760000000000000000e+02 9.200000000000000000e+01 2.610000000000000000e+02 1.710000000000000000e+02
2.020000000000000000e+02 4.500000000000000000e+01 2.340000000000000000e+02 7.700000000000000000e+01
2.300000000000000000e+02 1.590000000000000000e+02 3.550000000000000000e+02 2.620000000000000000e+02
2.500000000000000000e+02 3.980000000000000000e+02 3.240000000000000000e+02 4.590000000000000000e+02
2.570000000000000000e+02 4.810000000000000000e+02 3.320000000000000000e+02 5.120000000000000000e+02
4.320000000000000000e+02 4.770000000000000000e+02 4.620000000000000000e+02 5.080000000000000000e+02
4.650000000000000000e+02 4.410000000000000000e+02 5.120000000000000000e+02 4.770000000000000000e+02
4.840000000000000000e+02 1.250000000000000000e+02 5.120000000000000000e+02 1.710000000000000000e+02
4.880000000000000000e+02 2.040000000000000000e+02 5.120000000000000000e+02 2.520000000000000000e+02
4.970000000000000000e+02 3.800000000000000000e+01 5.120000000000000000e+02 7.600000000000000000e+01
