9.000000000000000000e+01 3.310000000000000000e+02 1.630000000000000000e+02 4.050000000000000000e+02
1.110000000000000000e+02 0.000000000000000000e+00 3.650000000000000000e+02 8.900000000000000000e+01
1.210000000000000000e+02 3.970000000000000000e+02 2.090000000000000000e+02 4.880000000000000000e+02
1.560000000000000000e+02 2.920000000000000000e+02 2.410000000000000000e+02 3.750000000000000000e+02
1.680000000000000000e+02 1.690000000000000000e+02 2.560000000000000000e+02 2.560000000000000000e+02
2.730000000000000000e+02 1.750000000000000000e+02 3.200000000000000000e+02 2.280000000000000000e+02
3.280000000000000000e+02 1.650000000000000000e+02 3.680000000000000000e+02 2.110000000000000000e+02
3.770000000000000000e+02 2.830000000000000000e+02 4.420000000000000000e+02 3.540000000000000000e+02
4.310000000000000000e+02 4.110000000000000000e+02 4.720000000000000000e+02 4.520000000000000000e+02
4.560000000000000000e+02 3.590000000000000000e+02 5.060000000000000000e+02 4.100000000000000000e+02
4.840000000000000000e+02 2.120000000000000000e+02 5.120000000000000000e+02 2.500000000000000000e+02
