2.000000000000000000e+00 2.990000000000000000e+02 2.100000000000000000e+01 3.530000000000000000e+02
1.500000000000000000e+01 4.910000000000000000e+02 4.500000000000000000e+01 5.100000000000000000e+02
1.700000000000000000e+01 1.820000000000000000e+02 1.070000000000000000e+02 3.090000000000000000e+02
3.900000000000000000e+01 3.740000000000000000e+02 1.480000000000000000e+02 5.120000000000000000e+02
5.300000000000000000e+01 2.000000000000000000e+00 7.600000000000000000e+01 1.500000000000000000e+01
1.050000000000000000e+02 2.330000000000000000e+02 1.340000000000000000e+02 2.690000000000000000e+02
1.660000000000000000e+02 1.170000000000000000e+02 2.370000000000000000e+02 2.090000000000000000e+02
2.100000000000000000e+02 2.100000000000000000e+02 2.900000000000000000e+02 2.840000000000000000e+02
2.940000000000000000e+02 1.000000000000000000e+01 3.890000000000000000e+02 8.700000000000000000e+01
3.050000000000000000e+02 2.970000000000000000e+02 4.440000000000000000e+02 3.860000000000000000e+02
3.300000000000000000e+02 3.920000000000000000e+02 4.130000000000000000e+02 4.690000000000000000e+02
3.970000000000000000e+02 4.500000000000000000e+01 5.060000000000000000e+02 1.280000000000000000e+02
4.570000000000000000e+02 4.740000000000000000e+02 5.100000000000000000e+02 5.090000000000000000e+02
