0.000000000000000000e+00 1.500000000000000000e+01 1.110000000000000000e+02 7.900000000000000000e+01
0.000000000000000000e+00 2.340000000000000000e+02 1.110000000000000000e+02 3.630000000000000000e+02
0.000000000000000000e+00 4.210000000000000000e+02 3.800000000000000000e+01 4.890000000000000000e+02
1.270000000000000000e+02 4.950000000000000000e+02 1.730000000000000000e+02 5.120000000000000000e+02
1.280000000000000000e+02 0.000000000000000000e+00 2.110000000000000000e+02 9.200000000000000000e+01
1.510000000000000000e+02 3.330000000000000000e+02 1.950000000000000000e+02 3.890000000000000000e+02
1.880000000000000000e+02 3.060000000000000000e+02 2.540000000000000000e+02 3.620000000000000000e+02
2.190000000000000000e+02 2.280000000000000000e+02 2.870000000000000000e+02 2.930000000000000000e+02
2.510000000000000000e+02 0.000000000000000000e+00 3.050000000000000000e+02 1.800000000000000000e+01
2.510000000000000000e+02 7.400000000000000000e+01 3.160000000000000000e+02 1.370000000000000000e+02
2.520000000000000000e+02 3.400000000000000000e+02 3.120000000000000000e+02 3.990000000000000000e+02
2.960000000000000000e+02 5.000000000000000000e+00 3.620000000000000000e+02 7.000000000000000000e+01
3.360000000000000000e+02 3.620000000000000000e+02 4.080000000000000000e+02 4.380000000000000000e+02
3.890000000000000000e+02 5.200000000000000000e+01 4.630000000000000000e+02 1.300000000000000000e+02
3.970000000000000000e+02 3.790000000000000000e+02 5.120000000000000000e+02 4.690000000000000000e+02
4.360000000000000000e+02 2.090000000000000000e+02 5.120000000000000000e+02 2.990000000000000000e+02
5.020000000000000000e+02 1.360000000000000000e+02 5.120000000000000000e+02 1.700000000000000000e+02
