0.000000000000000000e+00 1.130000000000000000e+02 8.900000000000000000e+01 2.580000000000000000e+02
4.200000000000000000e+01 3.910000000000000000e+02 2.000000000000000000e+02 4.760000000000000000e+02
1.090000000000000000e+02 6.800000000000000000e+01 1.520000000000000000e+02 1.150000000000000000e+02
2.060000000000000000e+02 2.320000000000000000e+02 2.550000000000000000e+02 2.670000000000000000e+02
2.220000000000000000e+02 2.750000000000000000e+02 2.650000000000000000e+02 3.180000000000000000e+02
2.280000000000000000e+02 9.200000000000000000e+01 3.090000000000000000e+02 1.650000000000000000e+02
2.580000000000000000e+02 0.000000000000000000e+00 3.180000000000000000e+02 1.700000000000000000e+01
3.110000000000000000e+02 2.440000000000000000e+02 3.680000000000000000e+02 2.910000000000000000e+02
3.650000000000000000e+02 4.070000000000000000e+02 4.780000000000000000e+02 4.840000000000000000e+02
4.060000000000000000e+02 6.500000000000000000e+01 4.630000000000000000e+02 1.120000000000000000e+02
4.190000000000000000e+02 2.740000000000000000e+02 5.120000000000000000e+02 3.460000000000000000e+02
