0.000000000000000000e+00 0.000000000000000000e+00 5.900000000000000000e+01 3.400000000000000000e+01
0.000000000000000000e+00 3.070000000000000000e+02 8.400000000000000000e+01 3.950000000000000000e+02
2.400000000000000000e+01 2.070000000000000000e+02 1.110000000000000000e+02 2.960000000000000000e+02
1.100000000000000000e+02 0.000000000000000000e+00 1.680000000000000000e+02 5.600000000000000000e+01
1.270000000000000000e+02 2.440000000000000000e+02 2.180000000000000000e+02 3.320000000000000000e+02
1.430000000000000000e+02 1.430000000000000000e+02 1.900000000000000000e+02 1.990000000000000000e+02
1.500000000000000000e+02 3.850000000000000000e+02 2.260000000000000000e+02 4.600000000000000000e+02
1.950000000000000000e+02 1.700000000000000000e+01 2.500000000000000000e+02 8.000000000000000000e+01
1.980000000000000000e+02 2.990000000000000000e+02 2.560000000000000000e+02 3.570000000000000000e+02
2.460000000000000000e+02 1.040000000000000000e+02 2.830000000000000000e+02 1.430000000000000000e+02
2.470000000000000000e+02 0.000000000000000000e+00 3.120000000000000000e+02 5.200000000000000000e+01
2.480000000000000000e+02 2.330000000000000000e+02 2.970000000000000000e+02 2.840000000000000000e+02
2.980000000000000000e+02 4.680000000000000000e+02 3.620000000000000000e+02 5.100000000000000000e+02
3.030000000000000000e+02 1.510000000000000000e+02 3.610000000000000000e+02 2.090000000000000000e+02
3.560000000000000000e+02 6.100000000000000000e+01 4.200000000000000000e+02 1.250000000000000000e+02
3.560000000000000000e+02 4.280000000000000000e+02 4.300000000000000000e+02 4.990000000000000000e+02
3.790000000000000000e+02 1.320000000000000000e+02 4.730000000000000000e+02 2.170000000000000000e+02
4.060000000000000000e+02 2.520000000000000000e+02 4.550000000000000000e+02 2.970000000000000000e+02
4.610000000000000000e+02 4.520000000000000000e+02 5.120000000000000000e+02 5.080000000000000000e+02
