0.000000000000000000e+00 2.570000000000000000e+02 4.000000000000000000e+00 2.730000000000000000e+02
3.400000000000000000e+01 2.780000000000000000e+02 6.800000000000000000e+01 3.070000000000000000e+02
4.600000000000000000e+01 2.200000000000000000e+02 9.600000000000000000e+01 2.720000000000000000e+02
9.000000000000000000e+01 0.000000000000000000e+00 1.490000000000000000e+02 2.400000000000000000e+01
1.020000000000000000e+02 2.930000000000000000e+02 1.500000000000000000e+02 3.660000000000000000e+02
1.030000000000000000e+02 9.000000000000000000e+01 1.840000000000000000e+02 1.780000000000000000e+02
1.370000000000000000e+02 3.940000000000000000e+02 1.780000000000000000e+02 4.350000000000000000e+02
1.930000000000000000e+02 1.890000000000000000e+02 2.450000000000000000e+02 2.500000000000000000e+02
2.160000000000000000e+02 4.210000000000000000e+02 2.990000000000000000e+02 4.720000000000000000e+02
2.390000000000000000e+02 5.900000000000000000e+01 2.810000000000000000e+02 1.100000000000000000e+02
2.560000000000000000e+02 4.900000000000000000e+02 3.040000000000000000e+02 5.120000000000000000e+02
3.110000000000000000e+02 5.110000000000000000e+02 3.180000000000000000e+02 5.120000000000000000e+02
3.130000000000000000e+02 0.000000000000000000e+00 3.650000000000000000e+02 3.600000000000000000e+01
3.610000000000000000e+02 4.520000000000000000e+02 4.270000000000000000e+02 5.070000000000000000e+02
3.740000000000000000e+02 3.670000000000000000e+02 4.350000000000000000e+02 4.170000000000000000e+02
3.930000000000000000e+02 4.260000000000000000e+02 4.100000000000000000e+02 4.450000000000000000e+02
4.590000000000000000e+02 0.000000000000000000e+00 5.040000000000000000e+02 1.700000000000000000e+01
4.690000000000000000e+02 2.470000000000000000e+02 5.120000000000000000e+02 2.970000000000000000e+02
