0.000000000000000000e+00 3.890000000000000000e+02 9.800000000000000000e+01 5.060000000000000000e+02
6.400000000000000000e+01 5.070000000000000000e+02 8.700000000000000000e+01 5.120000000000000000e+02
1.170000000000000000e+02 1.250000000000000000e+02 2.000000000000000000e+02 2.120000000000000000e+02
1.320000000000000000e+02 3.020000000000000000e+02 2.170000000000000000e+02 3.780000000000000000e+02
3.190000000000000000e+02 1.160000000000000000e+02 4.030000000000000000e+02 1.930000000000000000e+02
3.570000000000000000e+02 2.250000000000000000e+02 4.470000000000000000e+02 3.150000000000000000e+02
3.780000000000000000e+02 0.000000000000000000e+00 4.240000000000000000e+02 1.500000000000000000e+01
4.020000000000000000e+02 7.000000000000000000e+01 4.990000000000000000e+02 1.740000000000000000e+02
5.090000000000000000e+02 3.670000000000000000e+02 5.120000000000000000e+02 3.850000000000000000e+02
5.100000000000000000e+02 1.160000000000000000e+02 5.120000000000000000e+02 1.220000000000000000e+02
