0.000000000000000000e+00 4.270000000000000000e+02 5.100000000000000000e+01 4.900000000000000000e+02
8.000000000000000000e+01 3.150000000000000000e+02 1.330000000000000000e+02 3.680000000000000000e+02
1.580000000000000000e+02 1.210000000000000000e+02 2.090000000000000000e+02 1.640000000000000000e+02
2.550000000000000000e+02 2.900000000000000000e+02 3.340000000000000000e+02 3.730000000000000000e+02
2.740000000000000000e+02 4.530000000000000000e+02 3.350000000000000000e+02 5.120000000000000000e+02
2.770000000000000000e+02 1.680000000000000000e+02 3.400000000000000000e+02 2.230000000000000000e+02
3.390000000000000000e+02 3.940000000000000000e+02 4.140000000000000000e+02 4.710000000000000000e+02
3.950000000000000000e+02 1.650000000000000000e+02 4.820000000000000000e+02 2.560000000000000000e+02
4.030000000000000000e+02 8.000000000000000000e+01 4.480000000000000000e+02 1.250000000000000000e+02
4.110000000000000000e+02 0.000000000000000000e+00 4.940000000000000000e+02 3.900000000000000000e+01
4.270000000000000000e+02 4.260000000000000000e+02 5.000000000000000000e+02 5.050000000000000000e+02
