8.000000000000000000e+00 3.000000000000000000e+02 8.700000000000000000e+01 3.910000000000000000e+02
2.500000000000000000e+01 5.700000000000000000e+01 9.400000000000000000e+01 1.220000000000000000e+02
7.800000000000000000e+01 2.320000000000000000e+02 1.170000000000000000e+02 2.710000000000000000e+02
9.500000000000000000e+01 2.300000000000000000e+01 1.540000000000000000e+02 8.000000000000000000e+01
9.700000000000000000e+01 3.150000000000000000e+02 1.620000000000000000e+02 3.680000000000000000e+02
1.080000000000000000e+02 4.720000000000000000e+02 1.680000000000000000e+02 5.120000000000000000e+02
1.610000000000000000e+02 0.000000000000000000e+00 2.260000000000000000e+02 2.900000000000000000e+01
1.870000000000000000e+02 2.160000000000000000e+02 3.000000000000000000e+02 3.010000000000000000e+02
1.990000000000000000e+02 3.260000000000000000e+02 2.660000000000000000e+02 3.990000000000000000e+02
2.460000000000000000e+02 4.430000000000000000e+02 3.230000000000000000e+02 5.120000000000000000e+02
2.710000000000000000e+02 1.130000000000000000e+02 4.660000000000000000e+02 2.280000000000000000e+02
2.940000000000000000e+02 2.690000000000000000e+02 4.430000000000000000e+02 4.310000000000000000e+02
3.430000000000000000e+02 3.600000000000000000e+01 4.220000000000000000e+02 1.090000000000000000e+02
4.360000000000000000e+02 2.320000000000000000e+02 5.110000000000000000e+02 3.150000000000000000e+02
4.630000000000000000e+02 4.060000000000000000e+02 5.120000000000000000e+02 4.790000000000000000e+02
