0.000000000000000000e+00 1.270000000000000000e+02 3.800000000000000000e+01 1.810000000000000000e+02
0.000000000000000000e+00 4.810000000000000000e+02 4.200000000000000000e+01 5.120000000000000000e+02
2.300000000000000000e+01 2.270000000000000000e+02 9.400000000000000000e+01 3.050000000000000000e+02
6.200000000000000000e+01 4.900000000000000000e+01 1.060000000000000000e+02 9.300000000000000000e+01
8.400000000000000000e+01 4.500000000000000000e+02 1.480000000000000000e+02 5.120000000000000000e+02
2.040000000000000000e+02 3.370000000000000000e+02 2.440000000000000000e+02 3.920000000000000000e+02
2.060000000000000000e+02 3.860000000000000000e+02 2.590000000000000000e+02 4.230000000000000000e+02
2.190000000000000000e+02 2.010000000000000000e+02 2.510000000000000000e+02 2.300000000000000000e+02
2.520000000000000000e+02 5.200000000000000000e+01 3.300000000000000000e+02 1.200000000000000000e+02
2.780000000000000000e+02 2.050000000000000000e+02 3.480000000000000000e+02 2.690000000000000000e+02
2.930000000000000000e+02 1.760000000000000000e+02 3.050000000000000000e+02 1.850000000000000000e+02
3.070000000000000000e+02 1.340000000000000000e+02 3.560000000000000000e+02 1.630000000000000000e+02
3.280000000000000000e+02 1.130000000000000000e+02 3.610000000000000000e+02 1.370000000000000000e+02
4.360000000000000000e+02 4.370000000000000000e+02 5.120000000000000000e+02 5.120000000000000000e+02
4.830000000000000000e+02 0.000000000000000000e+00 5.120000000000000000e+02 2.100000000000000000e+01
4.900000000000000000e+02 4.010000000000000000e+02 5.120000000000000000e+02 4.330000000000000000e+02
