0.000000000000000000e+00 6.000000000000000000e+00 9.800000000000000000e+01 1.230000000000000000e+02
6.400000000000000000e+01 0.000000000000000000e+00 8.700000000000000000e+01 5.000000000000000000e+00
1.170000000000000000e+02 3.000000000000000000e+02 2.000000000000000000e+02 3.870000000000000000e+02
1.320000000000000000e+02 1.340000000000000000e+02 2.170000000000000000e+02 2.100000000000000000e+02
3.190000000000000000e+02 3.190000000000000000e+02 4.030000000000000000e+02 3.960000000000000000e+02
3.570000000000000000e+02 1.970000000000000000e+02 4.470000000000000000e+02 2.870000000000000000e+02
3.780000000000000000e+02 4.970000000000000000e+02 4.240000000000000000e+02 5.120000000000000000e+02
4.020000000000000000e+02 3.380000000000000000e+02 4.990000000000000000e+02 4.420000000000000000e+02
5.090000000000000000e+02 1.270000000000000000e+02 5.120000000000000000e+02 1.450000000000000000e+02
5.100000000000000000e+02 3.900000000000000000e+02 5.120000000000000000e+02 3.960000000000000000e+02
