0.000000000000000000e+00 0.000000000000000000e+00 3.500000000000000000e+01 2.100000000000000000e+01
0.000000000000000000e+00 4.000000000000000000e+02 2.200000000000000000e+01 4.320000000000000000e+02
0.000000000000000000e+00 4.720000000000000000e+02 1.000000000000000000e+00 4.740000000000000000e+02
0.000000000000000000e+00 4.750000000000000000e+02 3.000000000000000000e+00 4.970000000000000000e+02
5.000000000000000000e+00 5.030000000000000000e+02 4.500000000000000000e+01 5.120000000000000000e+02
2.000000000000000000e+01 3.300000000000000000e+02 1.020000000000000000e+02 4.110000000000000000e+02
2.200000000000000000e+01 5.700000000000000000e+01 9.500000000000000000e+01 1.350000000000000000e+02
7.200000000000000000e+01 1.430000000000000000e+02 1.280000000000000000e+02 1.970000000000000000e+02
8.300000000000000000e+01 2.320000000000000000e+02 1.350000000000000000e+02 2.950000000000000000e+02
1.260000000000000000e+02 0.000000000000000000e+00 1.780000000000000000e+02 2.000000000000000000e+01
1.920000000000000000e+02 6.500000000000000000e+01 2.700000000000000000e+02 1.480000000000000000e+02
1.970000000000000000e+02 2.890000000000000000e+02 2.610000000000000000e+02 3.580000000000000000e+02
2.350000000000000000e+02 2.220000000000000000e+02 2.610000000000000000e+02 2.450000000000000000e+02
3.100000000000000000e+02 1.700000000000000000e+02 3.700000000000000000e+02 2.230000000000000000e+02
3.520000000000000000e+02 2.010000000000000000e+02 4.290000000000000000e+02 2.770000000000000000e+02
3.580000000000000000e+02 5.800000000000000000e+01 3.900000000000000000e+02 8.700000000000000000e+01
3.990000000000000000e+02 0.000000000000000000e+00 4.470000000000000000e+02 1.300000000000000000e+01
4.520000000000000000e+02 1.120000000000000000e+02 5.120000000000000000e+02 1.910000000000000000e+02
