0.000000000000000000e+00 1.170000000000000000e+02 5.000000000000000000e+00 1.350000000000000000e+02
0.000000000000000000e+00 4.190000000000000000e+02 5.300000000000000000e+01 4.730000000000000000e+02
7.000000000000000000e+00 1.390000000000000000e+02 5.000000000000000000e+01 1.720000000000000000e+02
1.100000000000000000e+01 2.010000000000000000e+02 7.200000000000000000e+01 2.760000000000000000e+02
8.200000000000000000e+01 9.700000000000000000e+01 1.510000000000000000e+02 1.620000000000000000e+02
8.400000000000000000e+01 4.940000000000000000e+02 1.370000000000000000e+02 5.120000000000000000e+02
1.080000000000000000e+02 2.000000000000000000e+02 1.770000000000000000e+02 2.690000000000000000e+02
1.710000000000000000e+02 0.000000000000000000e+00 2.060000000000000000e+02 8.000000000000000000e+00
2.050000000000000000e+02 2.070000000000000000e+02 2.460000000000000000e+02 2.480000000000000000e+02
2.060000000000000000e+02 0.000000000000000000e+00 2.630000000000000000e+02 4.600000000000000000e+01
2.490000000000000000e+02 2.750000000000000000e+02 3.200000000000000000e+02 3.360000000000000000e+02
3.040000000000000000e+02 5.060000000000000000e+02 3.270000000000000000e+02 5.120000000000000000e+02
3.620000000000000000e+02 3.900000000000000000e+01 5.120000000000000000e+02 3.610000000000000000e+02
5.010000000000000000e+02 4.390000000000000000e+02 5.120000000000000000e+02 4.620000000000000000e+02
