0.000000000000000000e+00 2.770000000000000000e+02 2.600000000000000000e+01 3.330000000000000000e+02
0.000000000000000000e+00 4.080000000000000000e+02 6.200000000000000000e+01 5.000000000000000000e+02
3.200000000000000000e+01 1.700000000000000000e+01 1.020000000000000000e+02 1.030000000000000000e+02
7.600000000000000000e+01 4.450000000000000000e+02 1.190000000000000000e+02 4.820000000000000000e+02
1.070000000000000000e+02 2.940000000000000000e+02 1.610000000000000000e+02 3.550000000000000000e+02
1.510000000000000000e+02 3.480000000000000000e+02 2.170000000000000000e+02 4.470000000000000000e+02
1.520000000000000000e+02 5.600000000000000000e+01 2.020000000000000000e+02 1.060000000000000000e+02
2.960000000000000000e+02 5.900000000000000000e+01 3.490000000000000000e+02 1.090000000000000000e+02
3.020000000000000000e+02 2.300000000000000000e+02 3.560000000000000000e+02 2.880000000000000000e+02
3.780000000000000000e+02 3.660000000000000000e+02 4.150000000000000000e+02 4.020000000000000000e+02
3.790000000000000000e+02 3.930000000000000000e+02 4.490000000000000000e+02 4.520000000000000000e+02
4.110000000000000000e+02 2.010000000000000000e+02 5.080000000000000000e+02 3.000000000000000000e+02
4.460000000000000000e+02 6.200000000000000000e+01 5.100000000000000000e+02 1.320000000000000000e+02
