3.800000000000000000e+01 1.690000000000000000e+02 1.190000000000000000e+02 2.450000000000000000e+02
4.300000000000000000e+01 4.200000000000000000e+01 7.600000000000000000e+01 7.700000000000000000e+01
4.900000000000000000e+01 4.940000000000000000e+02 9.800000000000000000e+01 5.120000000000000000e+02
5.300000000000000000e+01 3.030000000000000000e+02 1.290000000000000000e+02 3.670000000000000000e+02
1.020000000000000000e+02 3.690000000000000000e+02 1.950000000000000000e+02 4.470000000000000000e+02
1.500000000000000000e+02 0.000000000000000000e+00 2.220000000000000000e+02 6.800000000000000000e+01
1.850000000000000000e+02 7.300000000000000000e+01 2.280000000000000000e+02 1.140000000000000000e+02
2.140000000000000000e+02 2.630000000000000000e+02 2.670000000000000000e+02 3.120000000000000000e+02
2.160000000000000000e+02 4.200000000000000000e+02 2.860000000000000000e+02 4.840000000000000000e+02
2.560000000000000000e+02 3.330000000000000000e+02 3.050000000000000000e+02 3.830000000000000000e+02
3.220000000000000000e+02 2.390000000000000000e+02 3.660000000000000000e+02 2.810000000000000000e+02
3.780000000000000000e+02 3.810000000000000000e+02 4.370000000000000000e+02 4.350000000000000000e+02
3.870000000000000000e+02 0.000000000000000000e+00 4.390000000000000000e+02 4.300000000000000000e+01
4.060000000000000000e+02 1.970000000000000000e+02 5.080000000000000000e+02 2.740000000000000000e+02
4.480000000000000000e+02 5.010000000000000000e+02 4.770000000000000000e+02 5.120000000000000000e+02
5.020000000000000000e+02 0.000000000000000000e+00 5.120000000000000000e+02 1.600000000000000000e+01
