0.000000000000000000e+00 3.200000000000000000e+02 3.000000000000000000e+01 3.900000000000000000e+02
2.700000000000000000e+01 2.640000000000000000e+02 1.080000000000000000e+02 3.460000000000000000e+02
3.100000000000000000e+01 4.760000000000000000e+02 1.110000000000000000e+02 5.120000000000000000e+02
3.300000000000000000e+01 2.000000000000000000e+00 1.040000000000000000e+02 7.400000000000000000e+01
8.300000000000000000e+01 3.250000000000000000e+02 1.150000000000000000e+02 3.680000000000000000e+02
1.090000000000000000e+02 2.940000000000000000e+02 2.050000000000000000e+02 4.060000000000000000e+02
1.160000000000000000e+02 3.080000000000000000e+02 1.390000000000000000e+02 3.370000000000000000e+02
1.400000000000000000e+02 1.290000000000000000e+02 2.070000000000000000e+02 2.040000000000000000e+02
1.750000000000000000e+02 4.160000000000000000e+02 2.220000000000000000e+02 4.660000000000000000e+02
2.030000000000000000e+02 2.630000000000000000e+02 2.540000000000000000e+02 3.230000000000000000e+02
2.550000000000000000e+02 2.850000000000000000e+02 2.940000000000000000e+02 3.300000000000000000e+02
2.890000000000000000e+02 2.520000000000000000e+02 3.520000000000000000e+02 3.170000000000000000e+02
3.550000000000000000e+02 2.220000000000000000e+02 3.900000000000000000e+02 2.520000000000000000e+02
3.700000000000000000e+02 2.940000000000000000e+02 4.140000000000000000e+02 3.250000000000000000e+02
3.760000000000000000e+02 2.500000000000000000e+02 4.150000000000000000e+02 2.800000000000000000e+02
4.050000000000000000e+02 2.740000000000000000e+02 4.460000000000000000e+02 3.060000000000000000e+02
4.200000000000000000e+02 2.530000000000000000e+02 4.560000000000000000e+02 2.830000000000000000e+02
4.430000000000000000e+02 2.820000000000000000e+02 4.880000000000000000e+02 3.240000000000000000e+02
4.590000000000000000e+02 2.310000000000000000e+02 4.930000000000000000e+02 2.720000000000000000e+02
4.990000000000000000e+02 2.330000000000000000e+02 5.120000000000000000e+02 2.820000000000000000e+02
