0.000000000000000000e+00 0.000000000000000000e+00 7.900000000000000000e+01 3.300000000000000000e+01
0.000000000000000000e+00 1.470000000000000000e+02 2.000000000000000000e+01 1.950000000000000000e+02
0.000000000000000000e+00 2.670000000000000000e+02 2.700000000000000000e+01 3.280000000000000000e+02
4.100000000000000000e+01 4.130000000000000000e+02 1.460000000000000000e+02 5.120000000000000000e+02
5.300000000000000000e+01 5.500000000000000000e+01 1.470000000000000000e+02 1.280000000000000000e+02
1.260000000000000000e+02 1.490000000000000000e+02 1.880000000000000000e+02 2.050000000000000000e+02
1.590000000000000000e+02 0.000000000000000000e+00 1.940000000000000000e+02 1.500000000000000000e+01
1.610000000000000000e+02 2.380000000000000000e+02 1.960000000000000000e+02 2.780000000000000000e+02
1.740000000000000000e+02 3.230000000000000000e+02 2.560000000000000000e+02 4.060000000000000000e+02
1.950000000000000000e+02 4.190000000000000000e+02 2.440000000000000000e+02 4.680000000000000000e+02
2.440000000000000000e+02 2.170000000000000000e+02 3.170000000000000000e+02 2.970000000000000000e+02
2.590000000000000000e+02 4.090000000000000000e+02 3.060000000000000000e+02 4.580000000000000000e+02
2.670000000000000000e+02 7.700000000000000000e+01 3.520000000000000000e+02 1.680000000000000000e+02
2.670000000000000000e+02 3.270000000000000000e+02 3.200000000000000000e+02 3.880000000000000000e+02
2.840000000000000000e+02 4.820000000000000000e+02 3.560000000000000000e+02 5.120000000000000000e+02
3.770000000000000000e+02 4.480000000000000000e+02 4.990000000000000000e+02 5.120000000000000000e+02
3.800000000000000000e+02 1.560000000000000000e+02 4.410000000000000000e+02 2.140000000000000000e+02
4.080000000000000000e+02 2.570000000000000000e+02 4.600000000000000000e+02 3.090000000000000000e+02
