1.000000000000000000e+00 4.570000000000000000e+02 8.500000000000000000e+01 5.120000000000000000e+02
5.000000000000000000e+00 1.620000000000000000e+02 9.000000000000000000e+01 2.310000000000000000e+02
8.100000000000000000e+01 3.510000000000000000e+02 1.260000000000000000e+02 3.930000000000000000e+02
1.060000000000000000e+02 4.290000000000000000e+02 1.820000000000000000e+02 5.020000000000000000e+02
1.110000000000000000e+02 1.800000000000000000e+01 1.840000000000000000e+02 1.010000000000000000e+02
1.940000000000000000e+02 3.300000000000000000e+01 2.690000000000000000e+02 9.500000000000000000e+01
2.360000000000000000e+02 7.100000000000000000e+01 2.900000000000000000e+02 1.160000000000000000e+02
3.170000000000000000e+02 2.380000000000000000e+02 4.180000000000000000e+02 3.300000000000000000e+02
3.630000000000000000e+02 2.700000000000000000e+01 4.310000000000000000e+02 8.500000000000000000e+01
3.740000000000000000e+02 1.460000000000000000e+02 4.400000000000000000e+02 2.140000000000000000e+02
4.780000000000000000e+02 2.420000000000000000e+02 5.120000000000000000e+02 3.160000000000000000e+02
4.820000000000000000e+02 1.560000000000000000e+02 5.120000000000000000e+02 2.210000000000000000e+02
