0.000000000000000000e+00 1.500000000000000000e+02 7.700000000000000000e+01 2.290000000000000000e+02
2.000000000000000000e+00 3.610000000000000000e+02 5.800000000000000000e+01 4.270000000000000000e+02
2.300000000000000000e+01 1.800000000000000000e+01 8.600000000000000000e+01 6.800000000000000000e+01
7.900000000000000000e+01 4.800000000000000000e+01 1.280000000000000000e+02 9.700000000000000000e+01
8.400000000000000000e+01 2.380000000000000000e+02 1.720000000000000000e+02 3.130000000000000000e+02
9.200000000000000000e+01 1.870000000000000000e+02 1.390000000000000000e+02 2.300000000000000000e+02
1.150000000000000000e+02 3.930000000000000000e+02 2.080000000000000000e+02 4.780000000000000000e+02
1.500000000000000000e+02 0.000000000000000000e+00 1.990000000000000000e+02 3.400000000000000000e+01
2.730000000000000000e+02 4.040000000000000000e+02 3.340000000000000000e+02 4.670000000000000000e+02
2.800000000000000000e+02 0.000000000000000000e+00 3.610000000000000000e+02 8.700000000000000000e+01
3.290000000000000000e+02 1.910000000000000000e+02 3.820000000000000000e+02 2.280000000000000000e+02
3.840000000000000000e+02 4.820000000000000000e+02 4.560000000000000000e+02 5.120000000000000000e+02
4.070000000000000000e+02 1.530000000000000000e+02 4.760000000000000000e+02 2.260000000000000000e+02
4.150000000000000000e+02 2.100000000000000000e+01 4.760000000000000000e+02 8.800000000000000000e+01
4.440000000000000000e+02 2.410000000000000000e+02 4.790000000000000000e+02 2.840000000000000000e+02
