0.000000000000000000e+00 6.400000000000000000e+01 6.500000000000000000e+01 1.230000000000000000e+02
0.000000000000000000e+00 3.230000000000000000e+02 4.300000000000000000e+01 3.860000000000000000e+02
1.000000000000000000e+00 4.660000000000000000e+02 1.050000000000000000e+02 5.120000000000000000e+02
1.800000000000000000e+01 1.000000000000000000e+00 7.600000000000000000e+01 2.300000000000000000e+01
1.650000000000000000e+02 4.120000000000000000e+02 2.180000000000000000e+02 4.630000000000000000e+02
1.670000000000000000e+02 3.220000000000000000e+02 2.410000000000000000e+02 3.940000000000000000e+02
1.840000000000000000e+02 1.290000000000000000e+02 2.450000000000000000e+02 1.840000000000000000e+02
2.320000000000000000e+02 4.750000000000000000e+02 2.800000000000000000e+02 5.120000000000000000e+02
2.690000000000000000e+02 3.210000000000000000e+02 3.850000000000000000e+02 4.210000000000000000e+02
4.680000000000000000e+02 2.300000000000000000e+02 5.120000000000000000e+02 2.930000000000000000e+02
4.940000000000000000e+02 1.820000000000000000e+02 5.120000000000000000e+02 2.070000000000000000e+02
