1.000000000000000000e+00 2.860000000000000000e+02 3.300000000000000000e+01 3.680000000000000000e+02
1.900000000000000000e+01 4.550000000000000000e+02 8.400000000000000000e+01 5.120000000000000000e+02
8.600000000000000000e+01 2.000000000000000000e+00 1.600000000000000000e+02 8.100000000000000000e+01
1.280000000000000000e+02 2.080000000000000000e+02 2.380000000000000000e+02 4.320000000000000000e+02
1.660000000000000000e+02 3.600000000000000000e+01 2.670000000000000000e+02 1.330000000000000000e+02
2.420000000000000000e+02 4.600000000000000000e+02 2.990000000000000000e+02 5.120000000000000000e+02
2.810000000000000000e+02 2.950000000000000000e+02 3.540000000000000000e+02 3.940000000000000000e+02
3.920000000000000000e+02 3.270000000000000000e+02 4.710000000000000000e+02 4.020000000000000000e+02
4.180000000000000000e+02 8.600000000000000000e+01 4.730000000000000000e+02 1.430000000000000000e+02
4.240000000000000000e+02 2.700000000000000000e+01 4.610000000000000000e+02 7.400000000000000000e+01
4.970000000000000000e+02 4.060000000000000000e+02 5.120000000000000000e+02 4.500000000000000000e+02
