0.000000000000000000e+00 2.200000000000000000e+01 1.410000000000000000e+02 2.400000000000000000e+02
0.000000000000000000e+00 2.540000000000000000e+02 3.100000000000000000e+01 3.400000000000000000e+02
3.700000000000000000e+01 4.470000000000000000e+02 9.100000000000000000e+01 5.030000000000000000e+02
1.290000000000000000e+02 3.050000000000000000e+02 1.880000000000000000e+02 3.650000000000000000e+02
1.670000000000000000e+02 4.360000000000000000e+02 2.170000000000000000e+02 5.120000000000000000e+02
1.890000000000000000e+02 3.420000000000000000e+02 2.620000000000000000e+02 4.160000000000000000e+02
1.970000000000000000e+02 1.390000000000000000e+02 2.920000000000000000e+02 2.320000000000000000e+02
2.190000000000000000e+02 2.560000000000000000e+02 2.790000000000000000e+02 3.130000000000000000e+02
2.460000000000000000e+02 4.400000000000000000e+02 3.070000000000000000e+02 5.120000000000000000e+02
2.960000000000000000e+02 4.500000000000000000e+01 3.730000000000000000e+02 1.150000000000000000e+02
2.990000000000000000e+02 1.280000000000000000e+02 3.540000000000000000e+02 1.940000000000000000e+02
2.990000000000000000e+02 1.890000000000000000e+02 3.690000000000000000e+02 2.350000000000000000e+02
3.740000000000000000e+02 3.130000000000000000e+02 4.730000000000000000e+02 4.190000000000000000e+02
4.250000000000000000e+02 1.430000000000000000e+02 5.120000000000000000e+02 2.310000000000000000e+02
4.410000000000000000e+02 4.340000000000000000e+02 5.120000000000000000e+02 5.120000000000000000e+02
4.760000000000000000e+02 6.700000000000000000e+01 5.120000000000000000e+02 1.310000000000000000e+02
