1.500000000000000000e+01 1.400000000000000000e+01 5.800000000000000000e+01 6.900000000000000000e+01
1.240000000000000000e+02 1.000000000000000000e+00 2.350000000000000000e+02 1.590000000000000000e+02
1.450000000000000000e+02 3.790000000000000000e+02 2.160000000000000000e+02 4.600000000000000000e+02
1.530000000000000000e+02 2.710000000000000000e+02 2.040000000000000000e+02 3.200000000000000000e+02
2.160000000000000000e+02 1.310000000000000000e+02 2.810000000000000000e+02 1.880000000000000000e+02
2.730000000000000000e+02 2.050000000000000000e+02 3.220000000000000000e+02 2.620000000000000000e+02
3.200000000000000000e+02 3.050000000000000000e+02 4.190000000000000000e+02 4.100000000000000000e+02
3.940000000000000000e+02 4.310000000000000000e+02 4.620000000000000000e+02 5.100000000000000000e+02
3.950000000000000000e+02 2.000000000000000000e+01 4.460000000000000000e+02 7.100000000000000000e+01
4.460000000000000000e+02 3.730000000000000000e+02 4.950000000000000000e+02 4.260000000000000000e+02
