0.000000000000000000e+00 0.000000000000000000e+00 2.200000000000000000e+01 4.000000000000000000e+01
5.000000000000000000e+00 2.840000000000000000e+02 5.800000000000000000e+01 3.650000000000000000e+02
6.300000000000000000e+01 2.500000000000000000e+01 1.260000000000000000e+02 1.020000000000000000e+02
1.580000000000000000e+02 2.290000000000000000e+02 2.010000000000000000e+02 2.800000000000000000e+02
1.630000000000000000e+02 5.000000000000000000e+01 2.140000000000000000e+02 1.150000000000000000e+02
2.470000000000000000e+02 3.920000000000000000e+02 3.320000000000000000e+02 4.670000000000000000e+02
3.400000000000000000e+02 2.290000000000000000e+02 3.750000000000000000e+02 2.760000000000000000e+02
3.450000000000000000e+02 3.890000000000000000e+02 4.970000000000000000e+02 5.120000000000000000e+02
3.640000000000000000e+02 3.230000000000000000e+02 4.270000000000000000e+02 3.820000000000000000e+02
4.250000000000000000e+02 1.140000000000000000e+02 4.660000000000000000e+02 1.590000000000000000e+02
4.370000000000000000e+02 2.430000000000000000e+02 5.120000000000000000e+02 3.500000000000000000e+02
4.720000000000000000e+02 0.000000000000000000e+00 5.120000000000000000e+02 5.200000000000000000e+01
