2.000000000000000000e+01 2.230000000000000000e+02 1.250000000000000000e+02 3.110000000000000000e+02
3.900000000000000000e+01 3.830000000000000000e+02 1.020000000000000000e+02 4.400000000000000000e+02
4.400000000000000000e+01 1.200000000000000000e+02 1.210000000000000000e+02 2.020000000000000000e+02
5.800000000000000000e+01 0.000000000000000000e+00 1.190000000000000000e+02 3.000000000000000000e+01
6.500000000000000000e+01 3.500000000000000000e+01 1.270000000000000000e+02 9.300000000000000000e+01
9.000000000000000000e+01 4.190000000000000000e+02 1.650000000000000000e+02 4.960000000000000000e+02
1.470000000000000000e+02 3.000000000000000000e+00 2.580000000000000000e+02 9.400000000000000000e+01
1.580000000000000000e+02 1.510000000000000000e+02 2.100000000000000000e+02 2.060000000000000000e+02
1.840000000000000000e+02 8.600000000000000000e+01 2.500000000000000000e+02 1.370000000000000000e+02
2.170000000000000000e+02 1.920000000000000000e+02 3.560000000000000000e+02 2.900000000000000000e+02
3.470000000000000000e+02 5.100000000000000000e+02 3.580000000000000000e+02 5.120000000000000000e+02
3.910000000000000000e+02 1.200000000000000000e+01 4.720000000000000000e+02 1.020000000000000000e+02
3.940000000000000000e+02 3.590000000000000000e+02 5.010000000000000000e+02 4.560000000000000000e+02
4.520000000000000000e+02 2.580000000000000000e+02 5.120000000000000000e+02 3.560000000000000000e+02
4.690000000000000000e+02 4.820000000000000000e+02 5.120000000000000000e+02 5.120000000000000000e+02
