0.000000000000000000e+00 1.940000000000000000e+02 1.700000000000000000e+01 2.540000000000000000e+02
6.500000000000000000e+01 4.900000000000000000e+01 1.120000000000000000e+02 1.060000000000000000e+02
6.800000000000000000e+01 3.600000000000000000e+02 1.150000000000000000e+02 4.030000000000000000e+02
9.200000000000000000e+01 2.030000000000000000e+02 1.650000000000000000e+02 2.840000000000000000e+02
1.130000000000000000e+02 4.230000000000000000e+02 2.580000000000000000e+02 5.120000000000000000e+02
2.320000000000000000e+02 2.570000000000000000e+02 2.670000000000000000e+02 3.060000000000000000e+02
2.440000000000000000e+02 1.440000000000000000e+02 2.910000000000000000e+02 2.010000000000000000e+02
2.740000000000000000e+02 0.000000000000000000e+00 3.460000000000000000e+02 9.300000000000000000e+01
2.750000000000000000e+02 2.470000000000000000e+02 3.180000000000000000e+02 2.900000000000000000e+02
3.910000000000000000e+02 3.120000000000000000e+02 4.760000000000000000e+02 4.700000000000000000e+02
4.070000000000000000e+02 3.400000000000000000e+01 4.840000000000000000e+02 1.470000000000000000e+02
