0.000000000000000000e+00 3.980000000000000000e+02 4.400000000000000000e+01 4.570000000000000000e+02
3.700000000000000000e+01 3.660000000000000000e+02 8.100000000000000000e+01 4.460000000000000000e+02
6.100000000000000000e+01 3.380000000000000000e+02 1.240000000000000000e+02 3.940000000000000000e+02
9.000000000000000000e+01 1.750000000000000000e+02 1.350000000000000000e+02 2.150000000000000000e+02
1.060000000000000000e+02 2.720000000000000000e+02 1.430000000000000000e+02 3.140000000000000000e+02
1.250000000000000000e+02 4.810000000000000000e+02 1.800000000000000000e+02 5.120000000000000000e+02
1.350000000000000000e+02 3.940000000000000000e+02 1.730000000000000000e+02 4.320000000000000000e+02
2.330000000000000000e+02 1.570000000000000000e+02 2.950000000000000000e+02 1.890000000000000000e+02
2.870000000000000000e+02 2.100000000000000000e+02 3.310000000000000000e+02 2.590000000000000000e+02
2.960000000000000000e+02 0.000000000000000000e+00 3.230000000000000000e+02 9.000000000000000000e+00
3.060000000000000000e+02 3.670000000000000000e+02 3.910000000000000000e+02 4.410000000000000000e+02
3.070000000000000000e+02 1.600000000000000000e+02 3.590000000000000000e+02 1.900000000000000000e+02
3.780000000000000000e+02 4.400000000000000000e+01 4.130000000000000000e+02 8.400000000000000000e+01
4.030000000000000000e+02 4.800000000000000000e+02 4.490000000000000000e+02 5.120000000000000000e+02
4.180000000000000000e+02 1.000000000000000000e+00 4.700000000000000000e+02 5.500000000000000000e+01
4.390000000000000000e+02 2.350000000000000000e+02 5.040000000000000000e+02 3.060000000000000000e+02
4.410000000000000000e+02 5.000000000000000000e+02 4.660000000000000000e+02 5.120000000000000000e+02
4.940000000000000000e+02 4.970000000000000000e+02 5.050000000000000000e+02 5.120000000000000000e+02
