0.000000000000000000e+00 1.330000000000000000e+02 1.060000000000000000e+02 2.820000000000000000e+02
2.800000000000000000e+01 4.200000000000000000e+02 1.030000000000000000e+02 5.070000000000000000e+02
5.200000000000000000e+01 3.000000000000000000e+00 9.900000000000000000e+01 2.100000000000000000e+01
1.540000000000000000e+02 0.000000000000000000e+00 3.440000000000000000e+02 9.000000000000000000e+01
2.130000000000000000e+02 3.540000000000000000e+02 2.680000000000000000e+02 4.010000000000000000e+02
2.830000000000000000e+02 2.000000000000000000e+00 3.250000000000000000e+02 1.500000000000000000e+01
3.060000000000000000e+02 1.610000000000000000e+02 4.110000000000000000e+02 2.580000000000000000e+02
3.330000000000000000e+02 8.400000000000000000e+01 3.740000000000000000e+02 1.310000000000000000e+02
4.330000000000000000e+02 1.770000000000000000e+02 4.640000000000000000e+02 2.060000000000000000e+02
4.430000000000000000e+02 2.000000000000000000e+00 5.110000000000000000e+02 1.030000000000000000e+02
