0.000000000000000000e+00 3.760000000000000000e+02 4.200000000000000000e+01 4.180000000000000000e+02
2.700000000000000000e+01 2.280000000000000000e+02 1.160000000000000000e+02 3.170000000000000000e+02
2.800000000000000000e+01 1.240000000000000000e+02 9.300000000000000000e+01 1.960000000000000000e+02
8.100000000000000000e+01 4.370000000000000000e+02 1.370000000000000000e+02 4.950000000000000000e+02
9.200000000000000000e+01 1.600000000000000000e+01 1.400000000000000000e+02 6.300000000000000000e+01
1.290000000000000000e+02 6.000000000000000000e+01 2.130000000000000000e+02 1.390000000000000000e+02
1.350000000000000000e+02 2.360000000000000000e+02 2.220000000000000000e+02 3.340000000000000000e+02
1.990000000000000000e+02 3.570000000000000000e+02 2.420000000000000000e+02 4.020000000000000000e+02
2.170000000000000000e+02 1.300000000000000000e+01 3.790000000000000000e+02 1.510000000000000000e+02
2.260000000000000000e+02 4.210000000000000000e+02 2.960000000000000000e+02 4.860000000000000000e+02
3.270000000000000000e+02 4.940000000000000000e+02 3.830000000000000000e+02 5.120000000000000000e+02
3.370000000000000000e+02 1.630000000000000000e+02 3.900000000000000000e+02 2.160000000000000000e+02
3.610000000000000000e+02 2.090000000000000000e+02 4.670000000000000000e+02 3.140000000000000000e+02
3.930000000000000000e+02 4.090000000000000000e+02 4.560000000000000000e+02 5.010000000000000000e+02
