0.000000000000000000e+00 2.130000000000000000e+02 1.400000000000000000e+01 2.560000000000000000e+02
0.000000000000000000e+00 2.590000000000000000e+02 9.200000000000000000e+01 3.540000000000000000e+02
0.000000000000000000e+00 3.930000000000000000e+02 1.700000000000000000e+01 4.640000000000000000e+02
7.200000000000000000e+01 4.500000000000000000e+02 1.390000000000000000e+02 5.120000000000000000e+02
9.300000000000000000e+01 1.610000000000000000e+02 1.680000000000000000e+02 2.440000000000000000e+02
1.950000000000000000e+02 3.570000000000000000e+02 2.780000000000000000e+02 4.620000000000000000e+02
2.740000000000000000e+02 0.000000000000000000e+00 3.520000000000000000e+02 1.700000000000000000e+01
2.860000000000000000e+02 2.690000000000000000e+02 3.250000000000000000e+02 3.200000000000000000e+02
3.630000000000000000e+02 3.000000000000000000e+01 4.200000000000000000e+02 9.100000000000000000e+01
3.720000000000000000e+02 4.640000000000000000e+02 4.460000000000000000e+02 5.120000000000000000e+02
3.790000000000000000e+02 9.700000000000000000e+01 4.850000000000000000e+02 2.940000000000000000e+02
4.090000000000000000e+02 3.250000000000000000e+02 4.720000000000000000e+02 3.920000000000000000e+02
4.890000000000000000e+02 3.360000000000000000e+02 5.100000000000000000e+02 3.880000000000000000e+02
