8.000000000000000000e+00 3.560000000000000000e+02 4.800000000000000000e+01 4.400000000000000000e+02
2.400000000000000000e+01 1.300000000000000000e+02 1.050000000000000000e+02 2.010000000000000000e+02
6.800000000000000000e+01 4.330000000000000000e+02 1.650000000000000000e+02 4.980000000000000000e+02
8.500000000000000000e+01 7.000000000000000000e+00 1.820000000000000000e+02 7.600000000000000000e+01
1.330000000000000000e+02 1.860000000000000000e+02 1.860000000000000000e+02 2.430000000000000000e+02
1.940000000000000000e+02 7.100000000000000000e+01 2.570000000000000000e+02 1.280000000000000000e+02
2.430000000000000000e+02 2.560000000000000000e+02 4.180000000000000000e+02 4.220000000000000000e+02
3.370000000000000000e+02 3.100000000000000000e+01 3.980000000000000000e+02 8.200000000000000000e+01
3.980000000000000000e+02 4.310000000000000000e+02 4.630000000000000000e+02 4.920000000000000000e+02
4.350000000000000000e+02 2.130000000000000000e+02 5.060000000000000000e+02 2.800000000000000000e+02
4.360000000000000000e+02 1.020000000000000000e+02 5.120000000000000000e+02 1.770000000000000000e+02
4.540000000000000000e+02 3.320000000000000000e+02 5.120000000000000000e+02 4.260000000000000000e+02
