0.000000000000000000e+00 3.480000000000000000e+02 1.000000000000000000e+00 3.500000000000000000e+02
2.000000000000000000e+01 3.380000000000000000e+02 9.900000000000000000e+01 4.190000000000000000e+02
3.100000000000000000e+01 2.420000000000000000e+02 8.900000000000000000e+01 3.020000000000000000e+02
7.200000000000000000e+01 1.390000000000000000e+02 1.330000000000000000e+02 1.980000000000000000e+02
1.110000000000000000e+02 2.080000000000000000e+02 2.000000000000000000e+02 2.950000000000000000e+02
1.410000000000000000e+02 4.190000000000000000e+02 2.090000000000000000e+02 4.860000000000000000e+02
1.630000000000000000e+02 1.510000000000000000e+02 2.500000000000000000e+02 2.330000000000000000e+02
2.140000000000000000e+02 7.200000000000000000e+01 2.610000000000000000e+02 1.180000000000000000e+02
2.640000000000000000e+02 4.000000000000000000e+00 3.470000000000000000e+02 6.800000000000000000e+01
2.860000000000000000e+02 4.070000000000000000e+02 3.690000000000000000e+02 4.820000000000000000e+02
2.930000000000000000e+02 4.800000000000000000e+02 3.630000000000000000e+02 5.120000000000000000e+02
3.650000000000000000e+02 4.000000000000000000e+00 4.530000000000000000e+02 6.300000000000000000e+01
4.440000000000000000e+02 1.070000000000000000e+02 5.100000000000000000e+02 1.770000000000000000e+02
4.490000000000000000e+02 3.340000000000000000e+02 5.120000000000000000e+02 4.130000000000000000e+02
4.700000000000000000e+02 1.750000000000000000e+02 5.120000000000000000e+02 2.370000000000000000e+02
