0.000000000000000000e+00 1.950000000000000000e+02 6.900000000000000000e+01 3.060000000000000000e+02
1.000000000000000000e+00 3.950000000000000000e+02 1.090000000000000000e+02 5.110000000000000000e+02
2.000000000000000000e+00 6.000000000000000000e+01 3.100000000000000000e+01 1.360000000000000000e+02
3.300000000000000000e+01 3.290000000000000000e+02 8.000000000000000000e+01 3.900000000000000000e+02
8.900000000000000000e+01 4.820000000000000000e+02 1.320000000000000000e+02 5.110000000000000000e+02
1.150000000000000000e+02 2.700000000000000000e+02 1.700000000000000000e+02 3.250000000000000000e+02
1.510000000000000000e+02 0.000000000000000000e+00 2.390000000000000000e+02 5.100000000000000000e+01
1.780000000000000000e+02 3.000000000000000000e+02 2.680000000000000000e+02 3.830000000000000000e+02
2.590000000000000000e+02 0.000000000000000000e+00 4.120000000000000000e+02 7.800000000000000000e+01
2.680000000000000000e+02 1.760000000000000000e+02 3.290000000000000000e+02 2.310000000000000000e+02
3.260000000000000000e+02 2.640000000000000000e+02 3.790000000000000000e+02 3.230000000000000000e+02
3.360000000000000000e+02 1.410000000000000000e+02 3.970000000000000000e+02 2.020000000000000000e+02
4.040000000000000000e+02 1.850000000000000000e+02 5.120000000000000000e+02 3.180000000000000000e+02
4.280000000000000000e+02 3.890000000000000000e+02 5.070000000000000000e+02 4.660000000000000000e+02
