0.000000000000000000e+00 3.500000000000000000e+01 1.100000000000000000e+01 6.400000000000000000e+01
0.000000000000000000e+00 4.140000000000000000e+02 1.800000000000000000e+01 4.630000000000000000e+02
2.800000000000000000e+01 2.260000000000000000e+02 9.200000000000000000e+01 2.960000000000000000e+02
6.500000000000000000e+01 3.170000000000000000e+02 1.430000000000000000e+02 4.100000000000000000e+02
7.700000000000000000e+01 7.500000000000000000e+01 1.310000000000000000e+02 1.340000000000000000e+02
1.290000000000000000e+02 2.070000000000000000e+02 1.790000000000000000e+02 2.560000000000000000e+02
1.450000000000000000e+02 3.830000000000000000e+02 2.090000000000000000e+02 4.590000000000000000e+02
2.000000000000000000e+02 2.450000000000000000e+02 2.490000000000000000e+02 2.980000000000000000e+02
2.310000000000000000e+02 1.460000000000000000e+02 2.730000000000000000e+02 1.900000000000000000e+02
2.380000000000000000e+02 4.000000000000000000e+00 3.150000000000000000e+02 1.060000000000000000e+02
2.670000000000000000e+02 3.930000000000000000e+02 3.430000000000000000e+02 4.740000000000000000e+02
3.980000000000000000e+02 2.840000000000000000e+02 4.390000000000000000e+02 3.270000000000000000e+02
4.350000000000000000e+02 4.360000000000000000e+02 4.700000000000000000e+02 4.690000000000000000e+02
4.440000000000000000e+02 2.900000000000000000e+02 5.120000000000000000e+02 3.620000000000000000e+02
4.690000000000000000e+02 7.300000000000000000e+01 5.120000000000000000e+02 1.250000000000000000e+02
4.960000000000000000e+02 0.000000000000000000e+00 5.120000000000000000e+02 1.000000000000000000e+01
