1.620000000000000000e+02 1.520000000000000000e+02 1.890000000000000000e+02 1.850000000000000000e+02
1.650000000000000000e+02 2.680000000000000000e+02 2.120000000000000000e+02 3.310000000000000000e+02
1.790000000000000000e+02 3.310000000000000000e+02 2.380000000000000000e+02 3.860000000000000000e+02
1.870000000000000000e+02 1.960000000000000000e+02 2.320000000000000000e+02 2.550000000000000000e+02
2.180000000000000000e+02 9.900000000000000000e+01 2.490000000000000000e+02 1.300000000000000000e+02
2.410000000000000000e+02 2.700000000000000000e+01 3.000000000000000000e+02 9.800000000000000000e+01
3.150000000000000000e+02 2.100000000000000000e+02 3.880000000000000000e+02 2.890000000000000000e+02
3.230000000000000000e+02 3.690000000000000000e+02 3.860000000000000000e+02 4.240000000000000000e+02
4.130000000000000000e+02 6.000000000000000000e+00 5.000000000000000000e+02 1.090000000000000000e+02
4.830000000000000000e+02 1.180000000000000000e+02 5.100000000000000000e+02 1.450000000000000000e+02
