0.000000000000000000e+00 0.000000000000000000e+00 7.700000000000000000e+01 3.600000000000000000e+01
0.000000000000000000e+00 7.600000000000000000e+01 4.900000000000000000e+01 1.420000000000000000e+02
7.700000000000000000e+01 3.300000000000000000e+02 1.450000000000000000e+02 3.850000000000000000e+02
1.840000000000000000e+02 3.070000000000000000e+02 2.410000000000000000e+02 3.580000000000000000e+02
2.280000000000000000e+02 5.200000000000000000e+01 2.800000000000000000e+02 1.380000000000000000e+02
2.900000000000000000e+02 4.770000000000000000e+02 3.490000000000000000e+02 5.100000000000000000e+02
3.030000000000000000e+02 2.140000000000000000e+02 3.510000000000000000e+02 2.650000000000000000e+02
3.140000000000000000e+02 0.000000000000000000e+00 3.830000000000000000e+02 3.800000000000000000e+01
3.560000000000000000e+02 4.250000000000000000e+02 4.170000000000000000e+02 4.810000000000000000e+02
3.930000000000000000e+02 3.390000000000000000e+02 4.180000000000000000e+02 3.750000000000000000e+02
3.980000000000000000e+02 1.450000000000000000e+02 5.040000000000000000e+02 2.410000000000000000e+02
4.200000000000000000e+02 4.900000000000000000e+02 4.630000000000000000e+02 5.120000000000000000e+02
4.400000000000000000e+02 2.990000000000000000e+02 4.760000000000000000e+02 3.390000000000000000e+02
4.760000000000000000e+02 4.030000000000000000e+02 5.120000000000000000e+02 4.820000000000000000e+02
