0.000000000000000000e+00 4.540000000000000000e+02 2.700000000000000000e+01 5.110000000000000000e+02
6.300000000000000000e+01 1.860000000000000000e+02 1.340000000000000000e+02 2.560000000000000000e+02
1.600000000000000000e+02 3.850000000000000000e+02 2.060000000000000000e+02 4.450000000000000000e+02
2.020000000000000000e+02 2.470000000000000000e+02 3.010000000000000000e+02 3.480000000000000000e+02
2.240000000000000000e+02 1.940000000000000000e+02 2.750000000000000000e+02 2.410000000000000000e+02
2.400000000000000000e+02 3.490000000000000000e+02 2.690000000000000000e+02 3.740000000000000000e+02
2.940000000000000000e+02 4.200000000000000000e+01 3.480000000000000000e+02 9.900000000000000000e+01
3.000000000000000000e+02 3.480000000000000000e+02 3.530000000000000000e+02 4.070000000000000000e+02
3.850000000000000000e+02 3.080000000000000000e+02 4.530000000000000000e+02 3.920000000000000000e+02
4.320000000000000000e+02 2.450000000000000000e+02 5.120000000000000000e+02 3.420000000000000000e+02
4.350000000000000000e+02 0.000000000000000000e+00 4.720000000000000000e+02 2.200000000000000000e+01
4.640000000000000000e+02 3.360000000000000000e+02 5.120000000000000000e+02 4.150000000000000000e+02
