0.000000000000000000e+00 4.250000000000000000e+02 6.600000000000000000e+01 5.120000000000000000e+02
7.000000000000000000e+00 2.320000000000000000e+02 7.000000000000000000e+01 2.990000000000000000e+02
3.800000000000000000e+01 6.900000000000000000e+01 2.030000000000000000e+02 2.000000000000000000e+02
5.300000000000000000e+01 3.960000000000000000e+02 1.630000000000000000e+02 5.090000000000000000e+02
8.700000000000000000e+01 2.470000000000000000e+02 1.660000000000000000e+02 3.260000000000000000e+02
1.010000000000000000e+02 3.430000000000000000e+02 1.460000000000000000e+02 3.820000000000000000e+02
2.160000000000000000e+02 3.430000000000000000e+02 3.210000000000000000e+02 4.560000000000000000e+02
2.360000000000000000e+02 2.630000000000000000e+02 3.030000000000000000e+02 3.280000000000000000e+02
3.230000000000000000e+02 1.650000000000000000e+02 4.390000000000000000e+02 3.500000000000000000e+02
3.410000000000000000e+02 3.900000000000000000e+01 4.220000000000000000e+02 1.220000000000000000e+02
3.590000000000000000e+02 3.890000000000000000e+02 4.550000000000000000e+02 4.840000000000000000e+02
4.350000000000000000e+02 4.810000000000000000e+02 4.970000000000000000e+02 5.120000000000000000e+02
4.820000000000000000e+02 1.160000000000000000e+02 5.120000000000000000e+02 1.830000000000000000e+02
4.910000000000000000e+02 5.000000000000000000e+01 5.120000000000000000e+02 9.500000000000000000e+01
