0.000000000000000000e+00 4.000000000000000000e+01 4.400000000000000000e+01 1.070000000000000000e+02
0.000000000000000000e+00 1.910000000000000000e+02 2.700000000000000000e+01 2.500000000000000000e+02
6.000000000000000000e+01 3.220000000000000000e+02 1.130000000000000000e+02 3.830000000000000000e+02
6.500000000000000000e+01 4.970000000000000000e+02 1.060000000000000000e+02 5.120000000000000000e+02
1.260000000000000000e+02 5.050000000000000000e+02 1.560000000000000000e+02 5.120000000000000000e+02
1.960000000000000000e+02 1.270000000000000000e+02 2.390000000000000000e+02 1.740000000000000000e+02
2.630000000000000000e+02 3.170000000000000000e+02 3.360000000000000000e+02 4.080000000000000000e+02
3.050000000000000000e+02 4.230000000000000000e+02 4.150000000000000000e+02 5.120000000000000000e+02
3.420000000000000000e+02 5.300000000000000000e+01 3.840000000000000000e+02 9.600000000000000000e+01
4.210000000000000000e+02 3.500000000000000000e+01 4.940000000000000000e+02 1.480000000000000000e+02
4.930000000000000000e+02 1.430000000000000000e+02 5.120000000000000000e+02 1.810000000000000000e+02
5.020000000000000000e+02 0.000000000000000000e+00 5.120000000000000000e+02 5.000000000000000000e+00
