2.000000000000000000e+00 6.000000000000000000e+01 4.200000000000000000e+01 1.250000000000000000e+02
3.200000000000000000e+01 3.910000000000000000e+02 1.560000000000000000e+02 5.120000000000000000e+02
4.600000000000000000e+01 6.000000000000000000e+00 8.800000000000000000e+01 4.400000000000000000e+01
5.900000000000000000e+01 1.360000000000000000e+02 1.260000000000000000e+02 2.070000000000000000e+02
6.700000000000000000e+01 6.300000000000000000e+01 1.160000000000000000e+02 1.120000000000000000e+02
6.700000000000000000e+01 1.770000000000000000e+02 2.140000000000000000e+02 3.700000000000000000e+02
1.220000000000000000e+02 9.700000000000000000e+01 1.630000000000000000e+02 1.380000000000000000e+02
1.340000000000000000e+02 2.300000000000000000e+01 1.990000000000000000e+02 9.600000000000000000e+01
2.020000000000000000e+02 2.040000000000000000e+02 2.650000000000000000e+02 2.710000000000000000e+02
2.090000000000000000e+02 6.000000000000000000e+00 2.890000000000000000e+02 8.700000000000000000e+01
2.340000000000000000e+02 3.550000000000000000e+02 2.930000000000000000e+02 4.140000000000000000e+02
2.860000000000000000e+02 7.900000000000000000e+01 3.650000000000000000e+02 1.600000000000000000e+02
3.580000000000000000e+02 0.000000000000000000e+00 4.480000000000000000e+02 9.200000000000000000e+01
3.820000000000000000e+02 1.840000000000000000e+02 4.430000000000000000e+02 2.470000000000000000e+02
3.970000000000000000e+02 3.360000000000000000e+02 4.660000000000000000e+02 4.150000000000000000e+02
4.600000000000000000e+02 4.210000000000000000e+02 5.120000000000000000e+02 5.120000000000000000e+02
4.830000000000000000e+02 2.950000000000000000e+02 5.120000000000000000e+02 3.690000000000000000e+02
4.980000000000000000e+02 2.500000000000000000e+01 5.110000000000000000e+02 6.900000000000000000e+01
