0.000000000000000000e+00 4.900000000000000000e+01 1.500000000000000000e+01 1.040000000000000000e+02
0.000000000000000000e+00 2.050000000000000000e+02 3.500000000000000000e+01 2.540000000000000000e+02
0.000000000000000000e+00 4.090000000000000000e+02 6.100000000000000000e+01 4.620000000000000000e+02
0.000000000000000000e+00 4.920000000000000000e+02 4.800000000000000000e+01 5.120000000000000000e+02
1.300000000000000000e+01 1.000000000000000000e+02 6.200000000000000000e+01 1.450000000000000000e+02
1.400000000000000000e+01 4.650000000000000000e+02 4.000000000000000000e+01 4.960000000000000000e+02
6.100000000000000000e+01 1.910000000000000000e+02 1.280000000000000000e+02 2.550000000000000000e+02
1.330000000000000000e+02 2.100000000000000000e+01 1.790000000000000000e+02 7.600000000000000000e+01
2.160000000000000000e+02 3.360000000000000000e+02 2.710000000000000000e+02 4.030000000000000000e+02
2.460000000000000000e+02 2.820000000000000000e+02 3.080000000000000000e+02 3.860000000000000000e+02
2.710000000000000000e+02 0.000000000000000000e+00 3.580000000000000000e+02 5.200000000000000000e+01
3.210000000000000000e+02 1.510000000000000000e+02 3.490000000000000000e+02 2.010000000000000000e+02
3.310000000000000000e+02 5.300000000000000000e+01 3.860000000000000000e+02 1.080000000000000000e+02
3.360000000000000000e+02 3.390000000000000000e+02 4.490000000000000000e+02 4.670000000000000000e+02
4.030000000000000000e+02 2.030000000000000000e+02 4.500000000000000000e+02 2.450000000000000000e+02
4.660000000000000000e+02 3.930000000000000000e+02 5.120000000000000000e+02 4.510000000000000000e+02
4.790000000000000000e+02 2.340000000000000000e+02 5.120000000000000000e+02 2.910000000000000000e+02
4.840000000000000000e+02 1.190000000000000000e+02 5.120000000000000000e+02 1.650000000000000000e+02
