0.000000000000000000e+00 6.400000000000000000e+01 4.300000000000000000e+01 1.270000000000000000e+02
2.300000000000000000e+01 4.550000000000000000e+02 8.700000000000000000e+01 5.120000000000000000e+02
5.100000000000000000e+01 0.000000000000000000e+00 1.270000000000000000e+02 7.500000000000000000e+01
5.300000000000000000e+01 1.710000000000000000e+02 1.450000000000000000e+02 2.550000000000000000e+02
7.800000000000000000e+01 4.320000000000000000e+02 1.030000000000000000e+02 4.560000000000000000e+02
1.110000000000000000e+02 2.590000000000000000e+02 2.030000000000000000e+02 3.730000000000000000e+02
1.410000000000000000e+02 3.810000000000000000e+02 2.090000000000000000e+02 4.570000000000000000e+02
1.540000000000000000e+02 1.430000000000000000e+02 2.120000000000000000e+02 2.030000000000000000e+02
3.020000000000000000e+02 5.600000000000000000e+01 3.620000000000000000e+02 1.180000000000000000e+02
3.510000000000000000e+02 3.260000000000000000e+02 4.150000000000000000e+02 3.890000000000000000e+02
3.650000000000000000e+02 1.710000000000000000e+02 4.050000000000000000e+02 2.130000000000000000e+02
3.790000000000000000e+02 4.900000000000000000e+01 4.560000000000000000e+02 1.200000000000000000e+02
4.540000000000000000e+02 1.770000000000000000e+02 5.110000000000000000e+02 2.290000000000000000e+02
4.870000000000000000e+02 3.290000000000000000e+02 5.120000000000000000e+02 3.770000000000000000e+02
4.950000000000000000e+02 6.000000000000000000e+01 5.120000000000000000e+02 1.090000000000000000e+02
5.000000000000000000e+02 0.000000000000000000e+00 5.120000000000000000e+02 2.100000000000000000e+01
5.090000000000000000e+02 2.480000000000000000e+02 5.120000000000000000e+02 2.600000000000000000e+02
