1.200000000000000000e+01 4.260000000000000000e+02 8.500000000000000000e+01 5.050000000000000000e+02
1.800000000000000000e+01 0.000000000000000000e+00 1.010000000000000000e+02 3.900000000000000000e+01
3.000000000000000000e+01 1.650000000000000000e+02 1.170000000000000000e+02 2.560000000000000000e+02
6.400000000000000000e+01 8.000000000000000000e+01 1.090000000000000000e+02 1.250000000000000000e+02
9.800000000000000000e+01 3.940000000000000000e+02 1.730000000000000000e+02 4.710000000000000000e+02
1.720000000000000000e+02 1.680000000000000000e+02 2.350000000000000000e+02 2.230000000000000000e+02
1.770000000000000000e+02 4.530000000000000000e+02 2.380000000000000000e+02 5.120000000000000000e+02
1.780000000000000000e+02 2.900000000000000000e+02 2.570000000000000000e+02 3.730000000000000000e+02
3.030000000000000000e+02 1.210000000000000000e+02 3.540000000000000000e+02 1.640000000000000000e+02
3.790000000000000000e+02 3.150000000000000000e+02 4.320000000000000000e+02 3.680000000000000000e+02
4.610000000000000000e+02 4.270000000000000000e+02 5.120000000000000000e+02 4.900000000000000000e+02
