2.000000000000000000e+00 4.800000000000000000e+02 5.000000000000000000e+01 5.090000000000000000e+02
3.000000000000000000e+00 3.940000000000000000e+02 2.500000000000000000e+01 4.650000000000000000e+02
6.200000000000000000e+01 1.550000000000000000e+02 1.250000000000000000e+02 2.180000000000000000e+02
1.170000000000000000e+02 6.800000000000000000e+01 1.810000000000000000e+02 1.690000000000000000e+02
1.180000000000000000e+02 4.820000000000000000e+02 1.930000000000000000e+02 5.110000000000000000e+02
1.320000000000000000e+02 1.910000000000000000e+02 2.010000000000000000e+02 2.540000000000000000e+02
1.380000000000000000e+02 3.330000000000000000e+02 2.730000000000000000e+02 4.680000000000000000e+02
1.860000000000000000e+02 1.700000000000000000e+02 2.450000000000000000e+02 2.270000000000000000e+02
1.990000000000000000e+02 4.100000000000000000e+01 2.760000000000000000e+02 1.100000000000000000e+02
2.440000000000000000e+02 1.340000000000000000e+02 3.010000000000000000e+02 1.830000000000000000e+02
2.810000000000000000e+02 2.220000000000000000e+02 3.550000000000000000e+02 3.030000000000000000e+02
2.890000000000000000e+02 2.000000000000000000e+00 3.510000000000000000e+02 4.700000000000000000e+01
2.990000000000000000e+02 3.240000000000000000e+02 3.680000000000000000e+02 3.930000000000000000e+02
3.370000000000000000e+02 4.230000000000000000e+02 3.920000000000000000e+02 4.780000000000000000e+02
3.740000000000000000e+02 2.160000000000000000e+02 4.250000000000000000e+02 2.650000000000000000e+02
3.810000000000000000e+02 4.640000000000000000e+02 4.760000000000000000e+02 5.110000000000000000e+02
4.020000000000000000e+02 3.000000000000000000e+00 4.710000000000000000e+02 6.600000000000000000e+01
4.390000000000000000e+02 9.600000000000000000e+01 5.100000000000000000e+02 1.690000000000000000e+02
4.680000000000000000e+02 2.740000000000000000e+02 5.100000000000000000e+02 3.650000000000000000e+02
4.720000000000000000e+02 1.780000000000000000e+02 5.100000000000000000e+02 2.580000000000000000e+02
