0.000000000000000000e+00 4.820000000000000000e+02 2.700000000000000000e+01 5.120000000000000000e+02
9.400000000000000000e+01 1.260000000000000000e+02 2.330000000000000000e+02 3.110000000000000000e+02
1.890000000000000000e+02 4.930000000000000000e+02 2.470000000000000000e+02 5.120000000000000000e+02
2.110000000000000000e+02 1.000000000000000000e+00 2.700000000000000000e+02 3.300000000000000000e+01
2.610000000000000000e+02 3.110000000000000000e+02 3.160000000000000000e+02 3.600000000000000000e+02
3.030000000000000000e+02 1.490000000000000000e+02 3.750000000000000000e+02 2.200000000000000000e+02
3.250000000000000000e+02 1.000000000000000000e+00 3.810000000000000000e+02 2.200000000000000000e+01
3.800000000000000000e+02 4.470000000000000000e+02 4.150000000000000000e+02 4.780000000000000000e+02
4.110000000000000000e+02 1.230000000000000000e+02 4.960000000000000000e+02 1.900000000000000000e+02
4.280000000000000000e+02 3.100000000000000000e+02 5.120000000000000000e+02 4.290000000000000000e+02
