0.000000000000000000e+00 6.300000000000000000e+01 6.000000000000000000e+01 1.580000000000000000e+02
0.000000000000000000e+00 3.580000000000000000e+02 1.000000000000000000e+00 3.650000000000000000e+02
1.900000000000000000e+01 0.000000000000000000e+00 6.200000000000000000e+01 1.800000000000000000e+01
3.900000000000000000e+01 3.400000000000000000e+02 8.500000000000000000e+01 3.870000000000000000e+02
5.700000000000000000e+01 2.760000000000000000e+02 1.350000000000000000e+02 3.370000000000000000e+02
9.000000000000000000e+01 1.640000000000000000e+02 1.190000000000000000e+02 1.960000000000000000e+02
1.320000000000000000e+02 3.500000000000000000e+02 1.930000000000000000e+02 4.020000000000000000e+02
1.580000000000000000e+02 2.110000000000000000e+02 2.380000000000000000e+02 2.910000000000000000e+02
1.920000000000000000e+02 5.110000000000000000e+02 2.040000000000000000e+02 5.120000000000000000e+02
2.430000000000000000e+02 2.500000000000000000e+01 3.430000000000000000e+02 1.150000000000000000e+02
2.500000000000000000e+02 4.480000000000000000e+02 3.280000000000000000e+02 5.120000000000000000e+02
2.670000000000000000e+02 2.400000000000000000e+02 3.370000000000000000e+02 3.020000000000000000e+02
3.580000000000000000e+02 4.350000000000000000e+02 3.910000000000000000e+02 4.610000000000000000e+02
3.710000000000000000e+02 1.710000000000000000e+02 4.230000000000000000e+02 2.080000000000000000e+02
3.720000000000000000e+02 9.200000000000000000e+01 4.320000000000000000e+02 1.510000000000000000e+02
4.180000000000000000e+02 3.060000000000000000e+02 4.820000000000000000e+02 3.600000000000000000e+02
4.400000000000000000e+02 1.170000000000000000e+02 4.970000000000000000e+02 1.760000000000000000e+02
4.920000000000000000e+02 0.000000000000000000e+00 5.120000000000000000e+02 3.300000000000000000e+01
4.930000000000000000e+02 3.500000000000000000e+02 5.120000000000000000e+02 3.770000000000000000e+02
