0.000000000000000000e+00 2.500000000000000000e+01 1.600000000000000000e+01 7.200000000000000000e+01
0.000000000000000000e+00 3.550000000000000000e+02 1.200000000000000000e+01 3.890000000000000000e+02
1.100000000000000000e+01 1.510000000000000000e+02 6.000000000000000000e+01 2.050000000000000000e+02
5.300000000000000000e+01 3.060000000000000000e+02 1.040000000000000000e+02 3.580000000000000000e+02
1.270000000000000000e+02 2.460000000000000000e+02 1.720000000000000000e+02 2.880000000000000000e+02
1.770000000000000000e+02 0.000000000000000000e+00 2.330000000000000000e+02 1.800000000000000000e+01
1.840000000000000000e+02 1.470000000000000000e+02 2.170000000000000000e+02 1.830000000000000000e+02
1.940000000000000000e+02 3.200000000000000000e+02 2.430000000000000000e+02 3.660000000000000000e+02
2.120000000000000000e+02 1.330000000000000000e+02 2.380000000000000000e+02 1.630000000000000000e+02
2.160000000000000000e+02 9.800000000000000000e+01 2.570000000000000000e+02 1.280000000000000000e+02
2.720000000000000000e+02 1.590000000000000000e+02 3.170000000000000000e+02 2.050000000000000000e+02
2.790000000000000000e+02 2.110000000000000000e+02 3.460000000000000000e+02 2.490000000000000000e+02
2.880000000000000000e+02 1.230000000000000000e+02 3.300000000000000000e+02 1.660000000000000000e+02
3.470000000000000000e+02 0.000000000000000000e+00 3.830000000000000000e+02 3.200000000000000000e+01
3.640000000000000000e+02 8.100000000000000000e+01 4.300000000000000000e+02 1.350000000000000000e+02
3.880000000000000000e+02 4.610000000000000000e+02 4.560000000000000000e+02 5.120000000000000000e+02
3.900000000000000000e+02 0.000000000000000000e+00 4.390000000000000000e+02 2.100000000000000000e+01
