0.000000000000000000e+00 2.630000000000000000e+02 4.600000000000000000e+01 3.220000000000000000e+02
2.400000000000000000e+01 7.500000000000000000e+01 8.700000000000000000e+01 1.260000000000000000e+02
5.800000000000000000e+01 1.900000000000000000e+01 1.250000000000000000e+02 7.600000000000000000e+01
1.490000000000000000e+02 1.190000000000000000e+02 2.120000000000000000e+02 1.780000000000000000e+02
1.650000000000000000e+02 0.000000000000000000e+00 2.040000000000000000e+02 1.400000000000000000e+01
2.130000000000000000e+02 9.000000000000000000e+00 3.200000000000000000e+02 1.080000000000000000e+02
2.750000000000000000e+02 2.750000000000000000e+02 3.320000000000000000e+02 3.280000000000000000e+02
3.740000000000000000e+02 4.590000000000000000e+02 4.130000000000000000e+02 5.000000000000000000e+02
4.090000000000000000e+02 1.340000000000000000e+02 4.640000000000000000e+02 1.870000000000000000e+02
4.110000000000000000e+02 2.360000000000000000e+02 5.110000000000000000e+02 3.430000000000000000e+02
4.710000000000000000e+02 3.830000000000000000e+02 5.120000000000000000e+02 4.220000000000000000e+02
4.860000000000000000e+02 1.930000000000000000e+02 5.120000000000000000e+02 2.360000000000000000e+02
