1.000000000000000000e+00 2.120000000000000000e+02 1.400000000000000000e+02 3.550000000000000000e+02
7.000000000000000000e+00 3.000000000000000000e+01 8.000000000000000000e+01 1.030000000000000000e+02
3.200000000000000000e+01 3.420000000000000000e+02 7.900000000000000000e+01 3.930000000000000000e+02
1.290000000000000000e+02 2.130000000000000000e+02 1.820000000000000000e+02 2.660000000000000000e+02
1.330000000000000000e+02 3.000000000000000000e+00 2.110000000000000000e+02 8.600000000000000000e+01
1.520000000000000000e+02 3.200000000000000000e+02 2.510000000000000000e+02 4.180000000000000000e+02
1.590000000000000000e+02 1.400000000000000000e+02 2.020000000000000000e+02 1.910000000000000000e+02
1.990000000000000000e+02 4.550000000000000000e+02 2.700000000000000000e+02 5.120000000000000000e+02
2.400000000000000000e+02 2.020000000000000000e+02 3.230000000000000000e+02 3.030000000000000000e+02
2.540000000000000000e+02 1.030000000000000000e+02 2.990000000000000000e+02 1.460000000000000000e+02
2.640000000000000000e+02 6.000000000000000000e+00 3.180000000000000000e+02 3.900000000000000000e+01
2.740000000000000000e+02 4.250000000000000000e+02 3.470000000000000000e+02 4.880000000000000000e+02
2.900000000000000000e+02 1.420000000000000000e+02 3.650000000000000000e+02 2.090000000000000000e+02
3.080000000000000000e+02 3.800000000000000000e+02 3.520000000000000000e+02 4.260000000000000000e+02
3.240000000000000000e+02 3.380000000000000000e+02 3.630000000000000000e+02 3.670000000000000000e+02
3.480000000000000000e+02 3.540000000000000000e+02 3.980000000000000000e+02 4.060000000000000000e+02
3.580000000000000000e+02 2.000000000000000000e+01 4.400000000000000000e+02 1.140000000000000000e+02
3.870000000000000000e+02 2.280000000000000000e+02 4.420000000000000000e+02 2.810000000000000000e+02
3.990000000000000000e+02 3.180000000000000000e+02 4.680000000000000000e+02 3.910000000000000000e+02
3.990000000000000000e+02 4.260000000000000000e+02 4.680000000000000000e+02 4.970000000000000000e+02
4.470000000000000000e+02 1.570000000000000000e+02 5.120000000000000000e+02 2.280000000000000000e+02
4.740000000000000000e+02 3.110000000000000000e+02 5.120000000000000000e+02 3.670000000000000000e+02
4.770000000000000000e+02 3.000000000000000000e+00 5.120000000000000000e+02 4.100000000000000000e+01
