0.000000000000000000e+00 4.520000000000000000e+02 5.100000000000000000e+01 5.080000000000000000e+02
3.900000000000000000e+01 1.320000000000000000e+02 1.330000000000000000e+02 2.170000000000000000e+02
5.700000000000000000e+01 2.520000000000000000e+02 1.060000000000000000e+02 2.970000000000000000e+02
8.200000000000000000e+01 4.280000000000000000e+02 1.560000000000000000e+02 4.990000000000000000e+02
9.200000000000000000e+01 6.100000000000000000e+01 1.560000000000000000e+02 1.250000000000000000e+02
1.500000000000000000e+02 4.680000000000000000e+02 2.140000000000000000e+02 5.100000000000000000e+02
1.510000000000000000e+02 1.510000000000000000e+02 2.090000000000000000e+02 2.090000000000000000e+02
2.000000000000000000e+02 0.000000000000000000e+00 2.650000000000000000e+02 5.200000000000000000e+01
2.150000000000000000e+02 2.330000000000000000e+02 2.640000000000000000e+02 2.840000000000000000e+02
2.290000000000000000e+02 1.040000000000000000e+02 2.660000000000000000e+02 1.430000000000000000e+02
2.560000000000000000e+02 2.990000000000000000e+02 3.140000000000000000e+02 3.570000000000000000e+02
2.620000000000000000e+02 1.700000000000000000e+01 3.170000000000000000e+02 8.000000000000000000e+01
2.860000000000000000e+02 3.850000000000000000e+02 3.620000000000000000e+02 4.600000000000000000e+02
2.940000000000000000e+02 2.440000000000000000e+02 3.850000000000000000e+02 3.320000000000000000e+02
3.220000000000000000e+02 1.430000000000000000e+02 3.690000000000000000e+02 1.990000000000000000e+02
3.440000000000000000e+02 0.000000000000000000e+00 4.020000000000000000e+02 5.600000000000000000e+01
4.010000000000000000e+02 2.070000000000000000e+02 4.880000000000000000e+02 2.960000000000000000e+02
4.280000000000000000e+02 3.070000000000000000e+02 5.120000000000000000e+02 3.950000000000000000e+02
4.530000000000000000e+02 0.000000000000000000e+00 5.120000000000000000e+02 3.400000000000000000e+01
