0.000000000000000000e+00 1.200000000000000000e+01 3.300000000000000000e+01 6.400000000000000000e+01
0.000000000000000000e+00 1.890000000000000000e+02 2.000000000000000000e+01 2.410000000000000000e+02
1.500000000000000000e+01 0.000000000000000000e+00 6.600000000000000000e+01 1.600000000000000000e+01
3.600000000000000000e+01 1.880000000000000000e+02 9.300000000000000000e+01 2.510000000000000000e+02
4.500000000000000000e+01 4.750000000000000000e+02 1.040000000000000000e+02 5.120000000000000000e+02
6.500000000000000000e+01 3.670000000000000000e+02 1.530000000000000000e+02 4.480000000000000000e+02
9.700000000000000000e+01 2.150000000000000000e+02 1.900000000000000000e+02 3.280000000000000000e+02
1.390000000000000000e+02 1.690000000000000000e+02 2.060000000000000000e+02 2.400000000000000000e+02
1.520000000000000000e+02 9.000000000000000000e+01 2.030000000000000000e+02 1.520000000000000000e+02
1.680000000000000000e+02 4.160000000000000000e+02 2.330000000000000000e+02 4.780000000000000000e+02
1.790000000000000000e+02 2.600000000000000000e+01 2.160000000000000000e+02 7.000000000000000000e+01
2.160000000000000000e+02 4.570000000000000000e+02 2.740000000000000000e+02 5.120000000000000000e+02
2.320000000000000000e+02 3.530000000000000000e+02 3.000000000000000000e+02 4.200000000000000000e+02
2.490000000000000000e+02 2.100000000000000000e+01 3.740000000000000000e+02 1.500000000000000000e+02
2.880000000000000000e+02 0.000000000000000000e+00 3.450000000000000000e+02 3.800000000000000000e+01
3.340000000000000000e+02 3.130000000000000000e+02 4.080000000000000000e+02 3.940000000000000000e+02
4.000000000000000000e+02 4.390000000000000000e+02 4.750000000000000000e+02 5.120000000000000000e+02
4.410000000000000000e+02 1.800000000000000000e+02 5.120000000000000000e+02 2.600000000000000000e+02
4.800000000000000000e+02 0.000000000000000000e+00 5.120000000000000000e+02 1.900000000000000000e+01
4.880000000000000000e+02 5.600000000000000000e+01 5.120000000000000000e+02 1.100000000000000000e+02
