2.000000000000000000e+00 3.790000000000000000e+02 9.800000000000000000e+01 4.570000000000000000e+02
3.100000000000000000e+01 9.900000000000000000e+01 1.370000000000000000e+02 2.660000000000000000e+02
4.100000000000000000e+01 0.000000000000000000e+00 1.390000000000000000e+02 5.500000000000000000e+01
1.510000000000000000e+02 4.730000000000000000e+02 2.110000000000000000e+02 5.120000000000000000e+02
1.650000000000000000e+02 2.810000000000000000e+02 2.280000000000000000e+02 3.450000000000000000e+02
2.040000000000000000e+02 1.320000000000000000e+02 2.820000000000000000e+02 2.080000000000000000e+02
2.500000000000000000e+02 2.840000000000000000e+02 3.110000000000000000e+02 3.510000000000000000e+02
3.470000000000000000e+02 1.300000000000000000e+02 3.870000000000000000e+02 1.700000000000000000e+02
4.310000000000000000e+02 3.380000000000000000e+02 4.780000000000000000e+02 3.870000000000000000e+02
4.660000000000000000e+02 0.000000000000000000e+00 5.120000000000000000e+02 2.300000000000000000e+01
4.990000000000000000e+02 8.500000000000000000e+01 5.120000000000000000e+02 1.230000000000000000e+02
5.110000000000000000e+02 3.110000000000000000e+02 5.120000000000000000e+02 3.170000000000000000e+02
