2.900000000000000000e+01 9.300000000000000000e+01 7.300000000000000000e+01 1.240000000000000000e+02
3.200000000000000000e+01 1.990000000000000000e+02 1.190000000000000000e+02 2.770000000000000000e+02
4.500000000000000000e+01 5.040000000000000000e+02 8.200000000000000000e+01 5.120000000000000000e+02
1.520000000000000000e+02 3.200000000000000000e+02 2.000000000000000000e+02 3.750000000000000000e+02
1.910000000000000000e+02 3.890000000000000000e+02 2.520000000000000000e+02 4.350000000000000000e+02
1.970000000000000000e+02 1.520000000000000000e+02 2.610000000000000000e+02 2.290000000000000000e+02
2.580000000000000000e+02 3.200000000000000000e+01 3.010000000000000000e+02 7.700000000000000000e+01
2.900000000000000000e+02 4.240000000000000000e+02 3.680000000000000000e+02 4.720000000000000000e+02
3.120000000000000000e+02 6.900000000000000000e+01 3.610000000000000000e+02 1.130000000000000000e+02
3.270000000000000000e+02 4.830000000000000000e+02 3.650000000000000000e+02 5.120000000000000000e+02
3.320000000000000000e+02 2.760000000000000000e+02 3.700000000000000000e+02 3.090000000000000000e+02
4.210000000000000000e+02 2.120000000000000000e+02 4.760000000000000000e+02 2.610000000000000000e+02
4.240000000000000000e+02 3.940000000000000000e+02 4.990000000000000000e+02 4.640000000000000000e+02
4.270000000000000000e+02 8.500000000000000000e+01 4.580000000000000000e+02 1.160000000000000000e+02
4.430000000000000000e+02 1.050000000000000000e+02 5.120000000000000000e+02 1.640000000000000000e+02
4.670000000000000000e+02 8.000000000000000000e+00 5.120000000000000000e+02 5.800000000000000000e+01
4.860000000000000000e+02 3.400000000000000000e+02 5.120000000000000000e+02 3.940000000000000000e+02
4.990000000000000000e+02 1.790000000000000000e+02 5.120000000000000000e+02 2.120000000000000000e+02
