0.000000000000000000e+00 2.740000000000000000e+02 5.900000000000000000e+01 3.350000000000000000e+02
7.000000000000000000e+00 4.270000000000000000e+02 8.600000000000000000e+01 5.000000000000000000e+02
2.200000000000000000e+01 0.000000000000000000e+00 8.500000000000000000e+01 5.100000000000000000e+01
4.100000000000000000e+01 3.390000000000000000e+02 1.180000000000000000e+02 4.140000000000000000e+02
1.390000000000000000e+02 2.550000000000000000e+02 2.220000000000000000e+02 3.340000000000000000e+02
1.440000000000000000e+02 8.000000000000000000e+01 1.970000000000000000e+02 1.330000000000000000e+02
2.560000000000000000e+02 3.950000000000000000e+02 3.470000000000000000e+02 4.820000000000000000e+02
2.890000000000000000e+02 2.770000000000000000e+02 3.440000000000000000e+02 3.400000000000000000e+02
3.480000000000000000e+02 1.580000000000000000e+02 3.910000000000000000e+02 2.090000000000000000e+02
3.870000000000000000e+02 4.030000000000000000e+02 4.320000000000000000e+02 4.480000000000000000e+02
4.730000000000000000e+02 4.110000000000000000e+02 5.120000000000000000e+02 4.940000000000000000e+02
