0.000000000000000000e+00 2.390000000000000000e+02 1.300000000000000000e+01 2.760000000000000000e+02
3.100000000000000000e+01 2.110000000000000000e+02 9.800000000000000000e+01 3.100000000000000000e+02
7.300000000000000000e+01 1.620000000000000000e+02 1.300000000000000000e+02 2.190000000000000000e+02
8.100000000000000000e+01 7.400000000000000000e+01 1.520000000000000000e+02 1.430000000000000000e+02
9.600000000000000000e+01 2.890000000000000000e+02 2.060000000000000000e+02 3.870000000000000000e+02
1.140000000000000000e+02 4.730000000000000000e+02 1.830000000000000000e+02 5.120000000000000000e+02
1.290000000000000000e+02 2.000000000000000000e+02 2.260000000000000000e+02 2.760000000000000000e+02
1.540000000000000000e+02 0.000000000000000000e+00 2.010000000000000000e+02 3.600000000000000000e+01
1.980000000000000000e+02 0.000000000000000000e+00 2.710000000000000000e+02 6.600000000000000000e+01
2.330000000000000000e+02 6.200000000000000000e+01 3.090000000000000000e+02 1.460000000000000000e+02
2.530000000000000000e+02 2.640000000000000000e+02 4.350000000000000000e+02 4.230000000000000000e+02
3.040000000000000000e+02 0.000000000000000000e+00 3.480000000000000000e+02 1.400000000000000000e+01
3.430000000000000000e+02 3.120000000000000000e+02 3.780000000000000000e+02 3.470000000000000000e+02
3.490000000000000000e+02 1.100000000000000000e+02 4.060000000000000000e+02 1.670000000000000000e+02
3.560000000000000000e+02 2.300000000000000000e+02 3.870000000000000000e+02 2.610000000000000000e+02
4.430000000000000000e+02 3.230000000000000000e+02 5.120000000000000000e+02 4.160000000000000000e+02
4.790000000000000000e+02 1.830000000000000000e+02 5.120000000000000000e+02 2.460000000000000000e+02
5.000000000000000000e+02 1.670000000000000000e+02 5.120000000000000000e+02 1.970000000000000000e+02
