0.000000000000000000e+00 0.000000000000000000e+00 1.010000000000000000e+02 7.200000000000000000e+01
0.000000000000000000e+00 3.950000000000000000e+02 5.000000000000000000e+01 4.700000000000000000e+02
2.000000000000000000e+00 2.540000000000000000e+02 4.800000000000000000e+01 2.780000000000000000e+02
2.500000000000000000e+01 3.190000000000000000e+02 4.800000000000000000e+01 3.480000000000000000e+02
3.000000000000000000e+01 1.160000000000000000e+02 6.000000000000000000e+01 1.460000000000000000e+02
7.200000000000000000e+01 8.900000000000000000e+01 1.150000000000000000e+02 1.350000000000000000e+02
8.600000000000000000e+01 2.570000000000000000e+02 2.130000000000000000e+02 4.030000000000000000e+02
1.490000000000000000e+02 1.500000000000000000e+02 2.150000000000000000e+02 2.150000000000000000e+02
1.600000000000000000e+02 1.100000000000000000e+01 2.500000000000000000e+02 9.900000000000000000e+01
1.730000000000000000e+02 4.050000000000000000e+02 2.250000000000000000e+02 4.510000000000000000e+02
2.780000000000000000e+02 4.640000000000000000e+02 3.690000000000000000e+02 5.120000000000000000e+02
3.590000000000000000e+02 1.330000000000000000e+02 4.030000000000000000e+02 1.780000000000000000e+02
3.950000000000000000e+02 6.300000000000000000e+01 5.050000000000000000e+02 1.840000000000000000e+02
4.130000000000000000e+02 0.000000000000000000e+00 4.330000000000000000e+02 5.000000000000000000e+00
