0.000000000000000000e+00 0.000000000000000000e+00 8.000000000000000000e+00 1.600000000000000000e+01
0.000000000000000000e+00 2.760000000000000000e+02 4.300000000000000000e+01 3.250000000000000000e+02
7.700000000000000000e+01 1.210000000000000000e+02 1.520000000000000000e+02 2.030000000000000000e+02
8.600000000000000000e+01 3.520000000000000000e+02 1.590000000000000000e+02 4.240000000000000000e+02
1.280000000000000000e+02 4.720000000000000000e+02 1.960000000000000000e+02 5.120000000000000000e+02
1.610000000000000000e+02 3.290000000000000000e+02 2.200000000000000000e+02 4.380000000000000000e+02
1.630000000000000000e+02 2.010000000000000000e+02 2.080000000000000000e+02 2.420000000000000000e+02
2.000000000000000000e+02 4.800000000000000000e+01 2.470000000000000000e+02 9.500000000000000000e+01
2.070000000000000000e+02 1.540000000000000000e+02 2.680000000000000000e+02 2.140000000000000000e+02
2.080000000000000000e+02 4.140000000000000000e+02 2.980000000000000000e+02 4.980000000000000000e+02
2.450000000000000000e+02 6.100000000000000000e+01 3.290000000000000000e+02 1.310000000000000000e+02
2.700000000000000000e+02 1.690000000000000000e+02 3.550000000000000000e+02 2.560000000000000000e+02
3.590000000000000000e+02 3.620000000000000000e+02 4.560000000000000000e+02 4.500000000000000000e+02
4.360000000000000000e+02 9.100000000000000000e+01 4.950000000000000000e+02 1.480000000000000000e+02
4.520000000000000000e+02 2.600000000000000000e+02 5.050000000000000000e+02 3.130000000000000000e+02
