0.000000000000000000e+00 3.010000000000000000e+02 2.000000000000000000e+01 3.550000000000000000e+02
1.600000000000000000e+01 4.110000000000000000e+02 6.000000000000000000e+01 4.540000000000000000e+02
2.800000000000000000e+01 2.000000000000000000e+00 9.700000000000000000e+01 5.600000000000000000e+01
6.500000000000000000e+01 4.150000000000000000e+02 1.210000000000000000e+02 4.800000000000000000e+02
7.400000000000000000e+01 1.880000000000000000e+02 1.260000000000000000e+02 2.400000000000000000e+02
9.200000000000000000e+01 5.060000000000000000e+02 1.130000000000000000e+02 5.120000000000000000e+02
9.900000000000000000e+01 8.500000000000000000e+01 1.820000000000000000e+02 1.550000000000000000e+02
1.870000000000000000e+02 2.420000000000000000e+02 2.320000000000000000e+02 2.870000000000000000e+02
2.310000000000000000e+02 3.150000000000000000e+02 2.660000000000000000e+02 3.490000000000000000e+02
2.590000000000000000e+02 2.500000000000000000e+01 3.090000000000000000e+02 7.500000000000000000e+01
2.650000000000000000e+02 4.970000000000000000e+02 3.170000000000000000e+02 5.120000000000000000e+02
2.780000000000000000e+02 1.360000000000000000e+02 3.320000000000000000e+02 1.890000000000000000e+02
3.880000000000000000e+02 0.000000000000000000e+00 4.710000000000000000e+02 4.000000000000000000e+01
3.930000000000000000e+02 3.960000000000000000e+02 4.880000000000000000e+02 4.900000000000000000e+02
3.960000000000000000e+02 1.170000000000000000e+02 4.490000000000000000e+02 1.710000000000000000e+02
4.030000000000000000e+02 4.980000000000000000e+02 4.400000000000000000e+02 5.120000000000000000e+02
4.660000000000000000e+02 3.300000000000000000e+02 5.080000000000000000e+02 3.810000000000000000e+02
4.880000000000000000e+02 2.000000000000000000e+02 5.080000000000000000e+02 2.500000000000000000e+02
