1.400000000000000000e+01 1.710000000000000000e+02 9.600000000000000000e+01 2.530000000000000000e+02
2.800000000000000000e+01 2.900000000000000000e+02 6.200000000000000000e+01 3.360000000000000000e+02
5.000000000000000000e+01 1.090000000000000000e+02 1.100000000000000000e+02 1.600000000000000000e+02
1.550000000000000000e+02 1.190000000000000000e+02 2.130000000000000000e+02 1.730000000000000000e+02
1.710000000000000000e+02 5.100000000000000000e+02 1.820000000000000000e+02 5.120000000000000000e+02
2.050000000000000000e+02 4.660000000000000000e+02 2.610000000000000000e+02 5.090000000000000000e+02
2.530000000000000000e+02 3.360000000000000000e+02 3.000000000000000000e+02 3.650000000000000000e+02
3.010000000000000000e+02 5.600000000000000000e+01 3.490000000000000000e+02 9.900000000000000000e+01
3.260000000000000000e+02 2.350000000000000000e+02 3.880000000000000000e+02 2.920000000000000000e+02
3.290000000000000000e+02 3.800000000000000000e+02 3.890000000000000000e+02 4.310000000000000000e+02
3.510000000000000000e+02 1.230000000000000000e+02 4.070000000000000000e+02 1.800000000000000000e+02
4.220000000000000000e+02 0.000000000000000000e+00 4.770000000000000000e+02 3.000000000000000000e+01
4.280000000000000000e+02 3.950000000000000000e+02 4.710000000000000000e+02 4.350000000000000000e+02
4.740000000000000000e+02 1.320000000000000000e+02 5.120000000000000000e+02 2.120000000000000000e+02
4.780000000000000000e+02 4.840000000000000000e+02 5.120000000000000000e+02 5.120000000000000000e+02
