0.000000000000000000e+00 0.000000000000000000e+00 5.000000000000000000e+00 1.000000000000000000e+01
3.500000000000000000e+01 1.800000000000000000e+01 1.480000000000000000e+02 9.100000000000000000e+01
4.000000000000000000e+01 4.680000000000000000e+02 1.070000000000000000e+02 5.120000000000000000e+02
5.300000000000000000e+01 1.280000000000000000e+02 9.600000000000000000e+01 1.700000000000000000e+02
1.270000000000000000e+02 2.730000000000000000e+02 1.740000000000000000e+02 3.160000000000000000e+02
1.430000000000000000e+02 0.000000000000000000e+00 1.810000000000000000e+02 1.900000000000000000e+01
1.910000000000000000e+02 4.850000000000000000e+02 2.500000000000000000e+02 5.120000000000000000e+02
3.170000000000000000e+02 1.760000000000000000e+02 4.080000000000000000e+02 2.490000000000000000e+02
3.220000000000000000e+02 3.990000000000000000e+02 3.830000000000000000e+02 4.520000000000000000e+02
4.230000000000000000e+02 9.700000000000000000e+01 5.120000000000000000e+02 2.070000000000000000e+02
4.970000000000000000e+02 4.060000000000000000e+02 5.120000000000000000e+02 4.470000000000000000e+02
5.050000000000000000e+02 3.560000000000000000e+02 5.120000000000000000e+02 3.860000000000000000e+02
