0.000000000000000000e+00 1.000000000000000000e+01 3.500000000000000000e+01 6.400000000000000000e+01
0.000000000000000000e+00 1.830000000000000000e+02 3.800000000000000000e+01 2.420000000000000000e+02
4.000000000000000000e+00 5.600000000000000000e+01 4.700000000000000000e+01 1.020000000000000000e+02
3.300000000000000000e+01 5.300000000000000000e+01 1.350000000000000000e+02 1.940000000000000000e+02
4.600000000000000000e+01 3.220000000000000000e+02 1.170000000000000000e+02 4.000000000000000000e+02
7.000000000000000000e+01 4.880000000000000000e+02 1.280000000000000000e+02 5.120000000000000000e+02
1.280000000000000000e+02 3.380000000000000000e+02 2.060000000000000000e+02 4.090000000000000000e+02
1.370000000000000000e+02 4.630000000000000000e+02 1.940000000000000000e+02 5.120000000000000000e+02
1.600000000000000000e+02 8.300000000000000000e+01 2.150000000000000000e+02 1.420000000000000000e+02
1.920000000000000000e+02 4.280000000000000000e+02 2.570000000000000000e+02 4.940000000000000000e+02
2.470000000000000000e+02 3.300000000000000000e+01 3.260000000000000000e+02 1.110000000000000000e+02
3.600000000000000000e+02 3.920000000000000000e+02 4.620000000000000000e+02 4.900000000000000000e+02
3.740000000000000000e+02 2.290000000000000000e+02 4.420000000000000000e+02 3.010000000000000000e+02
3.980000000000000000e+02 4.910000000000000000e+02 4.340000000000000000e+02 5.120000000000000000e+02
4.040000000000000000e+02 1.450000000000000000e+02 4.850000000000000000e+02 2.250000000000000000e+02
4.600000000000000000e+02 0.000000000000000000e+00 4.940000000000000000e+02 1.500000000000000000e+01
4.740000000000000000e+02 2.560000000000000000e+02 5.120000000000000000e+02 3.050000000000000000e+02
4.880000000000000000e+02 1.730000000000000000e+02 5.120000000000000000e+02 2.410000000000000000e+02
4.930000000000000000e+02 6.300000000000000000e+01 5.120000000000000000e+02 1.030000000000000000e+02
4.940000000000000000e+02 2.990000000000000000e+02 5.120000000000000000e+02 3.250000000000000000e+02
5.090000000000000000e+02 3.380000000000000000e+02 5.120000000000000000e+02 3.430000000000000000e+02
