6.000000000000000000e+00 7.700000000000000000e+01 3.600000000000000000e+01 1.340000000000000000e+02
8.000000000000000000e+01 3.670000000000000000e+02 1.630000000000000000e+02 4.540000000000000000e+02
9.800000000000000000e+01 2.210000000000000000e+02 1.610000000000000000e+02 3.020000000000000000e+02
1.220000000000000000e+02 1.060000000000000000e+02 1.890000000000000000e+02 1.730000000000000000e+02
2.290000000000000000e+02 4.980000000000000000e+02 2.580000000000000000e+02 5.110000000000000000e+02
2.610000000000000000e+02 4.450000000000000000e+02 3.540000000000000000e+02 5.120000000000000000e+02
2.980000000000000000e+02 3.800000000000000000e+01 3.230000000000000000e+02 6.700000000000000000e+01
3.090000000000000000e+02 2.180000000000000000e+02 3.650000000000000000e+02 3.100000000000000000e+02
3.230000000000000000e+02 5.500000000000000000e+01 4.080000000000000000e+02 1.300000000000000000e+02
3.540000000000000000e+02 3.520000000000000000e+02 4.050000000000000000e+02 4.090000000000000000e+02
3.740000000000000000e+02 1.000000000000000000e+00 4.370000000000000000e+02 3.200000000000000000e+01
3.970000000000000000e+02 4.050000000000000000e+02 4.740000000000000000e+02 4.740000000000000000e+02
4.300000000000000000e+02 6.200000000000000000e+01 4.670000000000000000e+02 1.050000000000000000e+02
4.830000000000000000e+02 2.000000000000000000e+00 5.120000000000000000e+02 1.800000000000000000e+01
4.870000000000000000e+02 1.470000000000000000e+02 5.110000000000000000e+02 1.930000000000000000e+02
