0.000000000000000000e+00 1.520000000000000000e+02 3.600000000000000000e+01 2.030000000000000000e+02
0.000000000000000000e+00 1.980000000000000000e+02 6.600000000000000000e+01 2.760000000000000000e+02
0.000000000000000000e+00 3.040000000000000000e+02 1.500000000000000000e+01 3.460000000000000000e+02
6.400000000000000000e+01 2.300000000000000000e+02 1.410000000000000000e+02 3.080000000000000000e+02
7.000000000000000000e+01 7.800000000000000000e+01 1.440000000000000000e+02 1.500000000000000000e+02
1.060000000000000000e+02 3.540000000000000000e+02 1.660000000000000000e+02 4.050000000000000000e+02
1.650000000000000000e+02 7.600000000000000000e+01 2.130000000000000000e+02 1.300000000000000000e+02
1.670000000000000000e+02 5.050000000000000000e+02 1.860000000000000000e+02 5.120000000000000000e+02
1.780000000000000000e+02 4.750000000000000000e+02 2.390000000000000000e+02 5.120000000000000000e+02
1.950000000000000000e+02 1.250000000000000000e+02 2.500000000000000000e+02 1.600000000000000000e+02
2.030000000000000000e+02 1.930000000000000000e+02 2.500000000000000000e+02 2.300000000000000000e+02
2.090000000000000000e+02 1.580000000000000000e+02 2.720000000000000000e+02 2.020000000000000000e+02
2.190000000000000000e+02 3.700000000000000000e+01 3.100000000000000000e+02 9.600000000000000000e+01
2.300000000000000000e+02 3.540000000000000000e+02 2.650000000000000000e+02 3.800000000000000000e+02
2.310000000000000000e+02 0.000000000000000000e+00 2.780000000000000000e+02 8.000000000000000000e+00
2.610000000000000000e+02 2.520000000000000000e+02 3.200000000000000000e+02 3.080000000000000000e+02
2.930000000000000000e+02 9.500000000000000000e+01 3.790000000000000000e+02 2.000000000000000000e+02
3.050000000000000000e+02 3.420000000000000000e+02 3.380000000000000000e+02 3.820000000000000000e+02
3.200000000000000000e+02 2.580000000000000000e+02 4.060000000000000000e+02 3.520000000000000000e+02
3.290000000000000000e+02 4.400000000000000000e+02 3.710000000000000000e+02 5.070000000000000000e+02
3.420000000000000000e+02 3.530000000000000000e+02 3.820000000000000000e+02 3.960000000000000000e+02
3.670000000000000000e+02 3.770000000000000000e+02 4.180000000000000000e+02 4.330000000000000000e+02
3.720000000000000000e+02 5.070000000000000000e+02 3.850000000000000000e+02 5.120000000000000000e+02
3.800000000000000000e+02 4.600000000000000000e+02 4.170000000000000000e+02 5.030000000000000000e+02
4.430000000000000000e+02 5.110000000000000000e+02 4.450000000000000000e+02 5.120000000000000000e+02
4.760000000000000000e+02 1.130000000000000000e+02 5.120000000000000000e+02 1.730000000000000000e+02
