0.000000000000000000e+00 5.400000000000000000e+01 7.100000000000000000e+01 1.290000000000000000e+02
4.600000000000000000e+01 2.960000000000000000e+02 1.170000000000000000e+02 3.690000000000000000e+02
4.700000000000000000e+01 3.780000000000000000e+02 1.210000000000000000e+02 4.630000000000000000e+02
6.100000000000000000e+01 0.000000000000000000e+00 1.240000000000000000e+02 4.700000000000000000e+01
1.330000000000000000e+02 1.490000000000000000e+02 2.060000000000000000e+02 2.200000000000000000e+02
1.630000000000000000e+02 4.900000000000000000e+01 2.570000000000000000e+02 1.520000000000000000e+02
1.640000000000000000e+02 3.640000000000000000e+02 2.150000000000000000e+02 4.070000000000000000e+02
1.740000000000000000e+02 4.510000000000000000e+02 2.270000000000000000e+02 5.080000000000000000e+02
2.570000000000000000e+02 1.060000000000000000e+02 3.730000000000000000e+02 2.100000000000000000e+02
3.170000000000000000e+02 3.510000000000000000e+02 3.860000000000000000e+02 4.180000000000000000e+02
3.260000000000000000e+02 4.860000000000000000e+02 3.750000000000000000e+02 5.120000000000000000e+02
3.820000000000000000e+02 1.420000000000000000e+02 4.590000000000000000e+02 2.110000000000000000e+02
4.190000000000000000e+02 7.000000000000000000e+01 4.600000000000000000e+02 1.090000000000000000e+02
4.540000000000000000e+02 2.200000000000000000e+01 5.120000000000000000e+02 8.700000000000000000e+01
