2.000000000000000000e+00 1.900000000000000000e+01 5.200000000000000000e+01 9.300000000000000000e+01
2.000000000000000000e+00 4.810000000000000000e+02 2.800000000000000000e+01 5.120000000000000000e+02
1.800000000000000000e+01 4.160000000000000000e+02 6.900000000000000000e+01 4.850000000000000000e+02
1.920000000000000000e+02 3.400000000000000000e+01 3.000000000000000000e+02 1.230000000000000000e+02
2.000000000000000000e+02 2.980000000000000000e+02 2.450000000000000000e+02 3.430000000000000000e+02
2.170000000000000000e+02 1.910000000000000000e+02 2.880000000000000000e+02 2.540000000000000000e+02
3.230000000000000000e+02 4.830000000000000000e+02 3.980000000000000000e+02 5.120000000000000000e+02
3.440000000000000000e+02 5.900000000000000000e+01 3.910000000000000000e+02 1.040000000000000000e+02
3.590000000000000000e+02 1.000000000000000000e+00 4.140000000000000000e+02 2.300000000000000000e+01
3.700000000000000000e+02 2.420000000000000000e+02 4.290000000000000000e+02 3.110000000000000000e+02
4.360000000000000000e+02 3.000000000000000000e+00 5.110000000000000000e+02 7.500000000000000000e+01
