0.000000000000000000e+00 1.970000000000000000e+02 4.800000000000000000e+01 2.310000000000000000e+02
0.000000000000000000e+00 2.400000000000000000e+02 3.500000000000000000e+01 2.990000000000000000e+02
5.000000000000000000e+00 1.320000000000000000e+02 5.800000000000000000e+01 1.930000000000000000e+02
4.500000000000000000e+01 4.300000000000000000e+02 1.320000000000000000e+02 5.110000000000000000e+02
9.300000000000000000e+01 1.030000000000000000e+02 1.770000000000000000e+02 1.670000000000000000e+02
9.600000000000000000e+01 2.720000000000000000e+02 1.510000000000000000e+02 3.260000000000000000e+02
1.060000000000000000e+02 1.930000000000000000e+02 1.530000000000000000e+02 2.230000000000000000e+02
1.910000000000000000e+02 3.600000000000000000e+01 2.570000000000000000e+02 9.800000000000000000e+01
2.630000000000000000e+02 7.000000000000000000e+00 3.340000000000000000e+02 3.400000000000000000e+01
2.770000000000000000e+02 8.500000000000000000e+01 3.070000000000000000e+02 1.330000000000000000e+02
2.890000000000000000e+02 1.450000000000000000e+02 3.330000000000000000e+02 1.830000000000000000e+02
3.210000000000000000e+02 3.810000000000000000e+02 3.780000000000000000e+02 4.350000000000000000e+02
3.290000000000000000e+02 6.800000000000000000e+01 3.840000000000000000e+02 1.300000000000000000e+02
3.680000000000000000e+02 1.490000000000000000e+02 4.300000000000000000e+02 2.080000000000000000e+02
3.910000000000000000e+02 4.540000000000000000e+02 4.360000000000000000e+02 5.070000000000000000e+02
4.220000000000000000e+02 2.890000000000000000e+02 4.570000000000000000e+02 3.430000000000000000e+02
4.660000000000000000e+02 1.000000000000000000e+02 5.120000000000000000e+02 1.520000000000000000e+02
4.840000000000000000e+02 2.770000000000000000e+02 5.120000000000000000e+02 3.370000000000000000e+02
