0.000000000000000000e+00 1.270000000000000000e+02 4.100000000000000000e+01 1.840000000000000000e+02
0.000000000000000000e+00 3.840000000000000000e+02 1.080000000000000000e+02 5.120000000000000000e+02
5.000000000000000000e+00 8.000000000000000000e+00 5.600000000000000000e+01 5.700000000000000000e+01
2.100000000000000000e+01 3.160000000000000000e+02 1.340000000000000000e+02 4.030000000000000000e+02
4.500000000000000000e+01 1.100000000000000000e+02 1.220000000000000000e+02 1.850000000000000000e+02
1.120000000000000000e+02 7.100000000000000000e+01 1.670000000000000000e+02 1.280000000000000000e+02
1.410000000000000000e+02 1.660000000000000000e+02 2.120000000000000000e+02 2.410000000000000000e+02
1.560000000000000000e+02 0.000000000000000000e+00 2.630000000000000000e+02 8.400000000000000000e+01
2.130000000000000000e+02 3.070000000000000000e+02 2.620000000000000000e+02 3.600000000000000000e+02
2.560000000000000000e+02 1.130000000000000000e+02 3.120000000000000000e+02 1.870000000000000000e+02
2.920000000000000000e+02 3.830000000000000000e+02 3.810000000000000000e+02 4.820000000000000000e+02
2.930000000000000000e+02 0.000000000000000000e+00 3.460000000000000000e+02 5.200000000000000000e+01
3.040000000000000000e+02 2.560000000000000000e+02 3.570000000000000000e+02 3.090000000000000000e+02
3.300000000000000000e+02 1.910000000000000000e+02 3.930000000000000000e+02 2.480000000000000000e+02
3.700000000000000000e+02 3.090000000000000000e+02 4.390000000000000000e+02 3.860000000000000000e+02
3.770000000000000000e+02 3.910000000000000000e+02 4.560000000000000000e+02 4.600000000000000000e+02
3.820000000000000000e+02 1.140000000000000000e+02 4.830000000000000000e+02 2.130000000000000000e+02
3.870000000000000000e+02 2.000000000000000000e+00 4.540000000000000000e+02 6.900000000000000000e+01
