1.200000000000000000e+01 1.710000000000000000e+02 5.100000000000000000e+01 2.340000000000000000e+02
2.500000000000000000e+01 4.320000000000000000e+02 1.000000000000000000e+02 5.050000000000000000e+02
4.200000000000000000e+01 1.950000000000000000e+02 7.800000000000000000e+01 2.510000000000000000e+02
1.060000000000000000e+02 3.090000000000000000e+02 1.340000000000000000e+02 3.470000000000000000e+02
1.300000000000000000e+02 1.390000000000000000e+02 1.870000000000000000e+02 1.890000000000000000e+02
1.420000000000000000e+02 2.380000000000000000e+02 2.050000000000000000e+02 3.030000000000000000e+02
1.670000000000000000e+02 1.190000000000000000e+02 2.000000000000000000e+02 1.480000000000000000e+02
1.780000000000000000e+02 3.520000000000000000e+02 2.190000000000000000e+02 4.000000000000000000e+02
1.810000000000000000e+02 8.100000000000000000e+01 2.230000000000000000e+02 1.190000000000000000e+02
2.060000000000000000e+02 4.580000000000000000e+02 2.630000000000000000e+02 5.120000000000000000e+02
3.360000000000000000e+02 4.170000000000000000e+02 3.770000000000000000e+02 4.630000000000000000e+02
3.630000000000000000e+02 1.890000000000000000e+02 4.370000000000000000e+02 2.610000000000000000e+02
4.270000000000000000e+02 3.130000000000000000e+02 4.930000000000000000e+02 3.930000000000000000e+02
4.340000000000000000e+02 4.640000000000000000e+02 4.930000000000000000e+02 5.120000000000000000e+02
4.620000000000000000e+02 1.970000000000000000e+02 4.940000000000000000e+02 2.400000000000000000e+02
