0.000000000000000000e+00 1.650000000000000000e+02 3.200000000000000000e+01 2.410000000000000000e+02
1.000000000000000000e+00 3.560000000000000000e+02 4.900000000000000000e+01 4.160000000000000000e+02
5.300000000000000000e+01 1.730000000000000000e+02 9.200000000000000000e+01 2.240000000000000000e+02
6.400000000000000000e+01 0.000000000000000000e+00 1.230000000000000000e+02 6.600000000000000000e+01
8.100000000000000000e+01 3.030000000000000000e+02 1.480000000000000000e+02 3.740000000000000000e+02
1.280000000000000000e+02 3.840000000000000000e+02 1.830000000000000000e+02 4.510000000000000000e+02
1.330000000000000000e+02 7.900000000000000000e+01 1.880000000000000000e+02 1.280000000000000000e+02
1.740000000000000000e+02 4.690000000000000000e+02 2.490000000000000000e+02 5.070000000000000000e+02
1.760000000000000000e+02 3.240000000000000000e+02 2.250000000000000000e+02 3.730000000000000000e+02
1.940000000000000000e+02 3.780000000000000000e+02 2.450000000000000000e+02 4.330000000000000000e+02
2.510000000000000000e+02 4.170000000000000000e+02 3.200000000000000000e+02 4.840000000000000000e+02
3.300000000000000000e+02 3.340000000000000000e+02 4.150000000000000000e+02 4.190000000000000000e+02
3.580000000000000000e+02 1.910000000000000000e+02 4.150000000000000000e+02 2.420000000000000000e+02
3.620000000000000000e+02 2.890000000000000000e+02 4.090000000000000000e+02 3.240000000000000000e+02
3.770000000000000000e+02 0.000000000000000000e+00 4.660000000000000000e+02 8.900000000000000000e+01
4.490000000000000000e+02 2.120000000000000000e+02 5.120000000000000000e+02 3.970000000000000000e+02
