0.000000000000000000e+00 1.780000000000000000e+02 2.800000000000000000e+01 2.350000000000000000e+02
0.000000000000000000e+00 3.670000000000000000e+02 2.000000000000000000e+00 3.840000000000000000e+02
2.400000000000000000e+01 0.000000000000000000e+00 9.100000000000000000e+01 3.500000000000000000e+01
5.800000000000000000e+01 2.690000000000000000e+02 1.180000000000000000e+02 3.410000000000000000e+02
1.870000000000000000e+02 2.710000000000000000e+02 2.440000000000000000e+02 3.280000000000000000e+02
2.150000000000000000e+02 3.800000000000000000e+01 2.590000000000000000e+02 8.200000000000000000e+01
2.640000000000000000e+02 3.620000000000000000e+02 3.270000000000000000e+02 4.280000000000000000e+02
2.880000000000000000e+02 2.870000000000000000e+02 3.240000000000000000e+02 3.210000000000000000e+02
3.080000000000000000e+02 3.100000000000000000e+01 3.780000000000000000e+02 9.200000000000000000e+01
4.050000000000000000e+02 1.880000000000000000e+02 4.360000000000000000e+02 2.430000000000000000e+02
4.250000000000000000e+02 1.430000000000000000e+02 4.560000000000000000e+02 1.790000000000000000e+02
