0.000000000000000000e+00 2.300000000000000000e+02 2.100000000000000000e+01 2.940000000000000000e+02
1.150000000000000000e+02 1.200000000000000000e+02 1.730000000000000000e+02 1.790000000000000000e+02
1.220000000000000000e+02 4.170000000000000000e+02 2.590000000000000000e+02 5.120000000000000000e+02
1.340000000000000000e+02 2.010000000000000000e+02 2.140000000000000000e+02 2.900000000000000000e+02
1.540000000000000000e+02 1.000000000000000000e+00 2.330000000000000000e+02 6.500000000000000000e+01
1.650000000000000000e+02 1.570000000000000000e+02 1.970000000000000000e+02 1.940000000000000000e+02
2.270000000000000000e+02 2.760000000000000000e+02 2.900000000000000000e+02 3.390000000000000000e+02
2.380000000000000000e+02 3.490000000000000000e+02 3.130000000000000000e+02 4.300000000000000000e+02
2.630000000000000000e+02 2.200000000000000000e+02 3.290000000000000000e+02 2.850000000000000000e+02
2.870000000000000000e+02 8.400000000000000000e+01 3.330000000000000000e+02 1.330000000000000000e+02
2.910000000000000000e+02 1.560000000000000000e+02 3.390000000000000000e+02 2.030000000000000000e+02
3.110000000000000000e+02 4.200000000000000000e+02 3.890000000000000000e+02 4.850000000000000000e+02
3.180000000000000000e+02 1.090000000000000000e+02 3.940000000000000000e+02 1.800000000000000000e+02
4.180000000000000000e+02 3.180000000000000000e+02 4.770000000000000000e+02 3.810000000000000000e+02
4.190000000000000000e+02 2.070000000000000000e+02 4.840000000000000000e+02 2.730000000000000000e+02
4.680000000000000000e+02 2.700000000000000000e+01 5.120000000000000000e+02 9.800000000000000000e+01
4.740000000000000000e+02 2.760000000000000000e+02 5.120000000000000000e+02 3.540000000000000000e+02
