1.000000000000000000e+00 2.540000000000000000e+02 3.500000000000000000e+01 2.890000000000000000e+02
1.600000000000000000e+01 3.200000000000000000e+01 5.100000000000000000e+01 6.700000000000000000e+01
8.900000000000000000e+01 2.080000000000000000e+02 1.400000000000000000e+02 2.580000000000000000e+02
9.400000000000000000e+01 3.110000000000000000e+02 1.170000000000000000e+02 3.330000000000000000e+02
1.070000000000000000e+02 3.570000000000000000e+02 1.330000000000000000e+02 3.990000000000000000e+02
1.260000000000000000e+02 0.000000000000000000e+00 1.770000000000000000e+02 3.000000000000000000e+01
1.260000000000000000e+02 3.140000000000000000e+02 1.530000000000000000e+02 3.440000000000000000e+02
1.540000000000000000e+02 1.210000000000000000e+02 1.690000000000000000e+02 1.390000000000000000e+02
1.600000000000000000e+02 2.860000000000000000e+02 2.280000000000000000e+02 3.650000000000000000e+02
1.670000000000000000e+02 4.240000000000000000e+02 2.770000000000000000e+02 4.960000000000000000e+02
1.740000000000000000e+02 1.830000000000000000e+02 1.920000000000000000e+02 2.070000000000000000e+02
2.070000000000000000e+02 1.470000000000000000e+02 2.700000000000000000e+02 1.940000000000000000e+02
2.380000000000000000e+02 2.610000000000000000e+02 2.830000000000000000e+02 3.010000000000000000e+02
2.540000000000000000e+02 1.730000000000000000e+02 2.950000000000000000e+02 2.230000000000000000e+02
2.970000000000000000e+02 3.070000000000000000e+02 3.810000000000000000e+02 4.040000000000000000e+02
3.760000000000000000e+02 8.100000000000000000e+01 4.410000000000000000e+02 1.460000000000000000e+02
3.960000000000000000e+02 3.540000000000000000e+02 4.670000000000000000e+02 4.110000000000000000e+02
4.270000000000000000e+02 4.300000000000000000e+02 4.760000000000000000e+02 4.780000000000000000e+02
4.680000000000000000e+02 6.400000000000000000e+01 5.120000000000000000e+02 1.100000000000000000e+02
4.820000000000000000e+02 2.600000000000000000e+02 5.120000000000000000e+02 3.290000000000000000e+02
