6.500000000000000000e+01 3.410000000000000000e+02 1.360000000000000000e+02 4.060000000000000000e+02
6.500000000000000000e+01 4.420000000000000000e+02 1.440000000000000000e+02 5.100000000000000000e+02
7.200000000000000000e+01 2.410000000000000000e+02 1.610000000000000000e+02 3.220000000000000000e+02
7.500000000000000000e+01 1.180000000000000000e+02 1.780000000000000000e+02 2.220000000000000000e+02
7.600000000000000000e+01 7.000000000000000000e+00 1.570000000000000000e+02 8.600000000000000000e+01
1.760000000000000000e+02 1.630000000000000000e+02 2.310000000000000000e+02 2.320000000000000000e+02
1.900000000000000000e+02 1.020000000000000000e+02 2.610000000000000000e+02 1.730000000000000000e+02
2.400000000000000000e+02 1.550000000000000000e+02 2.850000000000000000e+02 2.040000000000000000e+02
2.930000000000000000e+02 0.000000000000000000e+00 3.580000000000000000e+02 4.400000000000000000e+01
3.990000000000000000e+02 2.160000000000000000e+02 5.020000000000000000e+02 3.330000000000000000e+02
4.120000000000000000e+02 1.590000000000000000e+02 4.710000000000000000e+02 2.180000000000000000e+02
4.120000000000000000e+02 3.530000000000000000e+02 5.050000000000000000e+02 4.280000000000000000e+02
4.770000000000000000e+02 4.690000000000000000e+02 5.050000000000000000e+02 5.100000000000000000e+02
4.920000000000000000e+02 3.900000000000000000e+01 5.050000000000000000e+02 8.000000000000000000e+01
