3.600000000000000000e+01 4.420000000000000000e+02 1.170000000000000000e+02 5.120000000000000000e+02
4.000000000000000000e+01 6.600000000000000000e+01 1.410000000000000000e+02 1.510000000000000000e+02
5.700000000000000000e+01 0.000000000000000000e+00 1.140000000000000000e+02 4.500000000000000000e+01
1.030000000000000000e+02 2.380000000000000000e+02 1.760000000000000000e+02 2.930000000000000000e+02
1.330000000000000000e+02 2.120000000000000000e+02 2.260000000000000000e+02 2.550000000000000000e+02
2.190000000000000000e+02 2.000000000000000000e+00 2.800000000000000000e+02 3.100000000000000000e+01
2.460000000000000000e+02 3.760000000000000000e+02 3.310000000000000000e+02 4.530000000000000000e+02
2.490000000000000000e+02 4.700000000000000000e+02 3.180000000000000000e+02 5.110000000000000000e+02
2.590000000000000000e+02 5.900000000000000000e+01 3.040000000000000000e+02 1.040000000000000000e+02
3.050000000000000000e+02 1.610000000000000000e+02 3.460000000000000000e+02 2.020000000000000000e+02
3.430000000000000000e+02 0.000000000000000000e+00 3.980000000000000000e+02 4.000000000000000000e+01
3.600000000000000000e+02 4.490000000000000000e+02 4.190000000000000000e+02 5.000000000000000000e+02
4.110000000000000000e+02 1.280000000000000000e+02 4.580000000000000000e+02 1.750000000000000000e+02
4.340000000000000000e+02 3.280000000000000000e+02 5.030000000000000000e+02 3.790000000000000000e+02
4.470000000000000000e+02 1.430000000000000000e+02 5.100000000000000000e+02 2.400000000000000000e+02
