0.000000000000000000e+00 1.560000000000000000e+02 1.600000000000000000e+01 2.000000000000000000e+02
4.600000000000000000e+01 4.210000000000000000e+02 1.950000000000000000e+02 5.120000000000000000e+02
6.600000000000000000e+01 2.210000000000000000e+02 1.230000000000000000e+02 2.720000000000000000e+02
1.360000000000000000e+02 1.310000000000000000e+02 2.120000000000000000e+02 1.990000000000000000e+02
2.220000000000000000e+02 0.000000000000000000e+00 2.750000000000000000e+02 2.800000000000000000e+01
2.570000000000000000e+02 2.020000000000000000e+02 3.420000000000000000e+02 2.770000000000000000e+02
2.840000000000000000e+02 0.000000000000000000e+00 4.020000000000000000e+02 1.330000000000000000e+02
3.060000000000000000e+02 4.580000000000000000e+02 3.810000000000000000e+02 5.120000000000000000e+02
4.290000000000000000e+02 0.000000000000000000e+00 5.120000000000000000e+02 8.800000000000000000e+01
4.440000000000000000e+02 2.380000000000000000e+02 5.120000000000000000e+02 2.970000000000000000e+02
4.860000000000000000e+02 4.700000000000000000e+02 5.120000000000000000e+02 5.120000000000000000e+02
