4.900000000000000000e+01 1.540000000000000000e+02 1.190000000000000000e+02 2.210000000000000000e+02
1.070000000000000000e+02 0.000000000000000000e+00 1.510000000000000000e+02 1.300000000000000000e+01
2.000000000000000000e+02 2.000000000000000000e+02 2.410000000000000000e+02 2.390000000000000000e+02
2.110000000000000000e+02 4.100000000000000000e+02 2.290000000000000000e+02 4.510000000000000000e+02
2.250000000000000000e+02 2.200000000000000000e+01 2.870000000000000000e+02 1.280000000000000000e+02
2.470000000000000000e+02 3.870000000000000000e+02 2.750000000000000000e+02 4.300000000000000000e+02
2.510000000000000000e+02 2.950000000000000000e+02 2.930000000000000000e+02 3.550000000000000000e+02
3.030000000000000000e+02 0.000000000000000000e+00 3.650000000000000000e+02 2.900000000000000000e+01
3.470000000000000000e+02 0.000000000000000000e+00 4.220000000000000000e+02 6.200000000000000000e+01
3.730000000000000000e+02 3.140000000000000000e+02 4.450000000000000000e+02 3.690000000000000000e+02
4.010000000000000000e+02 4.660000000000000000e+02 4.960000000000000000e+02 5.120000000000000000e+02
4.280000000000000000e+02 1.190000000000000000e+02 4.620000000000000000e+02 1.630000000000000000e+02
4.480000000000000000e+02 3.060000000000000000e+02 4.820000000000000000e+02 3.630000000000000000e+02
