1.700000000000000000e+01 2.670000000000000000e+02 3.700000000000000000e+01 2.900000000000000000e+02
3.700000000000000000e+01 1.100000000000000000e+02 1.200000000000000000e+02 1.870000000000000000e+02
4.200000000000000000e+01 4.100000000000000000e+01 1.080000000000000000e+02 8.900000000000000000e+01
5.700000000000000000e+01 0.000000000000000000e+00 1.120000000000000000e+02 2.100000000000000000e+01
9.500000000000000000e+01 3.940000000000000000e+02 1.460000000000000000e+02 4.390000000000000000e+02
1.750000000000000000e+02 2.650000000000000000e+02 2.370000000000000000e+02 3.220000000000000000e+02
1.800000000000000000e+02 1.670000000000000000e+02 2.050000000000000000e+02 2.010000000000000000e+02
2.360000000000000000e+02 2.740000000000000000e+02 2.640000000000000000e+02 2.980000000000000000e+02
2.500000000000000000e+02 8.900000000000000000e+01 3.040000000000000000e+02 1.360000000000000000e+02
2.600000000000000000e+02 2.550000000000000000e+02 2.960000000000000000e+02 3.140000000000000000e+02
3.260000000000000000e+02 1.320000000000000000e+02 3.920000000000000000e+02 1.970000000000000000e+02
3.310000000000000000e+02 1.010000000000000000e+02 3.750000000000000000e+02 1.280000000000000000e+02
3.330000000000000000e+02 2.500000000000000000e+02 4.250000000000000000e+02 3.370000000000000000e+02
4.680000000000000000e+02 2.410000000000000000e+02 5.120000000000000000e+02 3.130000000000000000e+02
4.720000000000000000e+02 1.920000000000000000e+02 5.120000000000000000e+02 2.240000000000000000e+02
