0.000000000000000000e+00 7.200000000000000000e+01 3.000000000000000000e+00 7.500000000000000000e+01
0.000000000000000000e+00 7.600000000000000000e+01 2.600000000000000000e+01 1.220000000000000000e+02
0.000000000000000000e+00 1.300000000000000000e+02 2.800000000000000000e+01 1.740000000000000000e+02
0.000000000000000000e+00 2.810000000000000000e+02 2.900000000000000000e+01 3.380000000000000000e+02
3.200000000000000000e+01 1.070000000000000000e+02 5.800000000000000000e+01 1.530000000000000000e+02
6.700000000000000000e+01 1.450000000000000000e+02 1.170000000000000000e+02 1.950000000000000000e+02
9.400000000000000000e+01 4.320000000000000000e+02 1.390000000000000000e+02 4.710000000000000000e+02
1.000000000000000000e+02 1.060000000000000000e+02 1.400000000000000000e+02 1.550000000000000000e+02
1.390000000000000000e+02 1.320000000000000000e+02 1.740000000000000000e+02 1.870000000000000000e+02
1.730000000000000000e+02 3.970000000000000000e+02 2.270000000000000000e+02 4.480000000000000000e+02
2.350000000000000000e+02 2.660000000000000000e+02 2.830000000000000000e+02 3.100000000000000000e+02
2.400000000000000000e+02 2.000000000000000000e+00 2.950000000000000000e+02 4.700000000000000000e+01
3.020000000000000000e+02 0.000000000000000000e+00 3.810000000000000000e+02 8.000000000000000000e+01
3.720000000000000000e+02 5.300000000000000000e+01 4.080000000000000000e+02 9.700000000000000000e+01
4.040000000000000000e+02 8.500000000000000000e+01 4.660000000000000000e+02 1.390000000000000000e+02
4.860000000000000000e+02 2.950000000000000000e+02 5.120000000000000000e+02 3.540000000000000000e+02
