4.000000000000000000e+00 3.840000000000000000e+02 3.300000000000000000e+01 4.300000000000000000e+02
8.300000000000000000e+01 6.300000000000000000e+01 1.660000000000000000e+02 1.580000000000000000e+02
1.030000000000000000e+02 2.070000000000000000e+02 1.610000000000000000e+02 2.970000000000000000e+02
1.240000000000000000e+02 3.470000000000000000e+02 1.950000000000000000e+02 3.990000000000000000e+02
2.380000000000000000e+02 0.000000000000000000e+00 2.580000000000000000e+02 1.700000000000000000e+01
2.690000000000000000e+02 0.000000000000000000e+00 3.160000000000000000e+02 3.800000000000000000e+01
2.750000000000000000e+02 3.300000000000000000e+02 3.200000000000000000e+02 3.560000000000000000e+02
3.030000000000000000e+02 4.540000000000000000e+02 3.160000000000000000e+02 4.710000000000000000e+02
3.070000000000000000e+02 0.000000000000000000e+00 3.540000000000000000e+02 6.800000000000000000e+01
3.090000000000000000e+02 2.380000000000000000e+02 3.600000000000000000e+02 3.020000000000000000e+02
3.350000000000000000e+02 3.840000000000000000e+02 4.060000000000000000e+02 4.590000000000000000e+02
3.400000000000000000e+02 2.120000000000000000e+02 3.670000000000000000e+02 2.400000000000000000e+02
3.530000000000000000e+02 1.030000000000000000e+02 4.000000000000000000e+02 1.560000000000000000e+02
3.870000000000000000e+02 4.920000000000000000e+02 4.330000000000000000e+02 5.120000000000000000e+02
3.980000000000000000e+02 3.900000000000000000e+01 4.800000000000000000e+02 1.160000000000000000e+02
4.250000000000000000e+02 4.130000000000000000e+02 4.550000000000000000e+02 4.460000000000000000e+02
4.840000000000000000e+02 3.220000000000000000e+02 5.120000000000000000e+02 3.690000000000000000e+02
4.930000000000000000e+02 5.020000000000000000e+02 5.120000000000000000e+02 5.120000000000000000e+02
