0.000000000000000000e+00 1.520000000000000000e+02 7.000000000000000000e+00 2.010000000000000000e+02
0.000000000000000000e+00 2.790000000000000000e+02 5.200000000000000000e+01 3.520000000000000000e+02
1.100000000000000000e+01 0.000000000000000000e+00 2.860000000000000000e+02 1.810000000000000000e+02
1.300000000000000000e+01 0.000000000000000000e+00 6.800000000000000000e+01 2.700000000000000000e+01
3.600000000000000000e+01 4.420000000000000000e+02 1.110000000000000000e+02 5.120000000000000000e+02
8.600000000000000000e+01 2.620000000000000000e+02 1.710000000000000000e+02 3.370000000000000000e+02
1.560000000000000000e+02 3.360000000000000000e+02 2.190000000000000000e+02 3.970000000000000000e+02
1.700000000000000000e+02 2.430000000000000000e+02 2.430000000000000000e+02 3.160000000000000000e+02
2.530000000000000000e+02 4.560000000000000000e+02 3.380000000000000000e+02 5.120000000000000000e+02
2.900000000000000000e+02 1.140000000000000000e+02 3.390000000000000000e+02 1.650000000000000000e+02
2.940000000000000000e+02 1.610000000000000000e+02 4.460000000000000000e+02 2.810000000000000000e+02
3.640000000000000000e+02 0.000000000000000000e+00 4.230000000000000000e+02 2.300000000000000000e+01
3.900000000000000000e+02 4.500000000000000000e+01 4.670000000000000000e+02 1.300000000000000000e+02
4.220000000000000000e+02 2.900000000000000000e+02 5.120000000000000000e+02 3.960000000000000000e+02
4.390000000000000000e+02 1.450000000000000000e+02 5.120000000000000000e+02 2.430000000000000000e+02
4.830000000000000000e+02 4.200000000000000000e+01 5.120000000000000000e+02 8.300000000000000000e+01
4.960000000000000000e+02 3.000000000000000000e+00 5.110000000000000000e+02 2.600000000000000000e+01
