0.000000000000000000e+00 1.300000000000000000e+01 1.070000000000000000e+02 1.390000000000000000e+02
1.000000000000000000e+00 3.270000000000000000e+02 5.600000000000000000e+01 3.850000000000000000e+02
4.800000000000000000e+01 4.390000000000000000e+02 9.900000000000000000e+01 4.840000000000000000e+02
6.900000000000000000e+01 3.650000000000000000e+02 1.610000000000000000e+02 4.560000000000000000e+02
1.110000000000000000e+02 6.800000000000000000e+01 1.620000000000000000e+02 1.180000000000000000e+02
1.440000000000000000e+02 2.680000000000000000e+02 1.830000000000000000e+02 3.110000000000000000e+02
1.860000000000000000e+02 3.760000000000000000e+02 2.450000000000000000e+02 4.360000000000000000e+02
2.640000000000000000e+02 1.750000000000000000e+02 3.510000000000000000e+02 2.700000000000000000e+02
2.910000000000000000e+02 1.140000000000000000e+02 3.410000000000000000e+02 1.630000000000000000e+02
3.310000000000000000e+02 2.460000000000000000e+02 3.850000000000000000e+02 3.100000000000000000e+02
3.540000000000000000e+02 1.100000000000000000e+02 4.320000000000000000e+02 2.110000000000000000e+02
4.110000000000000000e+02 3.260000000000000000e+02 4.550000000000000000e+02 3.700000000000000000e+02
4.550000000000000000e+02 2.740000000000000000e+02 5.120000000000000000e+02 3.360000000000000000e+02
4.610000000000000000e+02 4.000000000000000000e+00 4.790000000000000000e+02 1.400000000000000000e+01
4.940000000000000000e+02 4.000000000000000000e+00 5.120000000000000000e+02 3.200000000000000000e+01
