0.000000000000000000e+00 0.000000000000000000e+00 6.400000000000000000e+01 5.900000000000000000e+01
1.000000000000000000e+00 7.700000000000000000e+01 2.800000000000000000e+01 1.490000000000000000e+02
2.100000000000000000e+01 4.240000000000000000e+02 9.900000000000000000e+01 5.120000000000000000e+02
4.400000000000000000e+01 2.660000000000000000e+02 1.310000000000000000e+02 3.410000000000000000e+02
4.600000000000000000e+01 3.590000000000000000e+02 1.400000000000000000e+02 4.280000000000000000e+02
5.000000000000000000e+01 8.800000000000000000e+01 1.010000000000000000e+02 1.430000000000000000e+02
8.300000000000000000e+01 1.000000000000000000e+00 1.420000000000000000e+02 4.000000000000000000e+01
1.410000000000000000e+02 4.600000000000000000e+01 2.340000000000000000e+02 1.430000000000000000e+02
1.940000000000000000e+02 1.960000000000000000e+02 3.090000000000000000e+02 3.090000000000000000e+02
2.390000000000000000e+02 3.370000000000000000e+02 3.020000000000000000e+02 4.080000000000000000e+02
2.440000000000000000e+02 8.000000000000000000e+01 3.170000000000000000e+02 1.870000000000000000e+02
2.780000000000000000e+02 0.000000000000000000e+00 3.400000000000000000e+02 3.200000000000000000e+01
3.640000000000000000e+02 3.010000000000000000e+02 4.250000000000000000e+02 3.680000000000000000e+02
3.740000000000000000e+02 1.850000000000000000e+02 4.270000000000000000e+02 2.420000000000000000e+02
3.770000000000000000e+02 4.470000000000000000e+02 4.610000000000000000e+02 5.120000000000000000e+02
4.040000000000000000e+02 1.160000000000000000e+02 4.610000000000000000e+02 1.730000000000000000e+02
4.430000000000000000e+02 3.540000000000000000e+02 4.920000000000000000e+02 4.110000000000000000e+02
4.600000000000000000e+02 2.730000000000000000e+02 5.110000000000000000e+02 3.280000000000000000e+02
4.980000000000000000e+02 4.460000000000000000e+02 5.120000000000000000e+02 4.790000000000000000e+02
