0.000000000000000000e+00 0.000000000000000000e+00 6.500000000000000000e+01 5.700000000000000000e+01
1.700000000000000000e+01 1.010000000000000000e+02 6.400000000000000000e+01 1.440000000000000000e+02
1.180000000000000000e+02 2.740000000000000000e+02 2.370000000000000000e+02 4.270000000000000000e+02
1.430000000000000000e+02 1.780000000000000000e+02 2.000000000000000000e+02 2.330000000000000000e+02
1.850000000000000000e+02 9.700000000000000000e+01 3.550000000000000000e+02 2.030000000000000000e+02
1.960000000000000000e+02 1.900000000000000000e+01 2.570000000000000000e+02 8.400000000000000000e+01
2.000000000000000000e+02 1.940000000000000000e+02 2.510000000000000000e+02 2.490000000000000000e+02
2.470000000000000000e+02 3.700000000000000000e+02 3.510000000000000000e+02 4.560000000000000000e+02
2.880000000000000000e+02 0.000000000000000000e+00 3.370000000000000000e+02 5.000000000000000000e+01
3.710000000000000000e+02 4.410000000000000000e+02 4.260000000000000000e+02 4.900000000000000000e+02
4.090000000000000000e+02 0.000000000000000000e+00 4.920000000000000000e+02 7.500000000000000000e+01
4.200000000000000000e+02 1.060000000000000000e+02 4.650000000000000000e+02 1.510000000000000000e+02
