0.000000000000000000e+00 1.600000000000000000e+02 1.700000000000000000e+01 2.380000000000000000e+02
3.000000000000000000e+01 9.200000000000000000e+01 9.100000000000000000e+01 1.490000000000000000e+02
9.700000000000000000e+01 2.700000000000000000e+01 2.940000000000000000e+02 1.330000000000000000e+02
1.610000000000000000e+02 3.440000000000000000e+02 2.440000000000000000e+02 4.190000000000000000e+02
2.130000000000000000e+02 4.980000000000000000e+02 2.560000000000000000e+02 5.120000000000000000e+02
2.590000000000000000e+02 4.200000000000000000e+02 3.540000000000000000e+02 5.120000000000000000e+02
2.690000000000000000e+02 1.870000000000000000e+02 3.200000000000000000e+02 2.260000000000000000e+02
3.250000000000000000e+02 4.000000000000000000e+01 3.920000000000000000e+02 1.030000000000000000e+02
3.360000000000000000e+02 2.000000000000000000e+00 3.880000000000000000e+02 2.300000000000000000e+01
3.570000000000000000e+02 2.340000000000000000e+02 4.620000000000000000e+02 3.170000000000000000e+02
3.930000000000000000e+02 4.950000000000000000e+02 4.640000000000000000e+02 5.120000000000000000e+02
4.500000000000000000e+02 3.730000000000000000e+02 5.120000000000000000e+02 4.400000000000000000e+02
4.640000000000000000e+02 6.600000000000000000e+01 5.120000000000000000e+02 1.400000000000000000e+02
