0.000000000000000000e+00 0.000000000000000000e+00 3.600000000000000000e+01 3.000000000000000000e+01
0.000000000000000000e+00 1.550000000000000000e+02 3.100000000000000000e+01 2.430000000000000000e+02
5.200000000000000000e+01 5.030000000000000000e+02 8.900000000000000000e+01 5.120000000000000000e+02
9.400000000000000000e+01 3.300000000000000000e+02 1.650000000000000000e+02 4.090000000000000000e+02
1.160000000000000000e+02 0.000000000000000000e+00 1.930000000000000000e+02 6.200000000000000000e+01
1.270000000000000000e+02 2.000000000000000000e+02 2.110000000000000000e+02 2.850000000000000000e+02
1.800000000000000000e+02 3.200000000000000000e+01 4.070000000000000000e+02 2.680000000000000000e+02
2.300000000000000000e+02 3.580000000000000000e+02 3.490000000000000000e+02 4.910000000000000000e+02
3.030000000000000000e+02 2.780000000000000000e+02 3.450000000000000000e+02 3.120000000000000000e+02
3.140000000000000000e+02 4.000000000000000000e+00 3.500000000000000000e+02 4.900000000000000000e+01
3.430000000000000000e+02 2.930000000000000000e+02 4.020000000000000000e+02 3.590000000000000000e+02
3.670000000000000000e+02 4.730000000000000000e+02 3.960000000000000000e+02 5.120000000000000000e+02
3.710000000000000000e+02 2.620000000000000000e+02 3.890000000000000000e+02 2.840000000000000000e+02
4.860000000000000000e+02 7.100000000000000000e+01 5.120000000000000000e+02 1.130000000000000000e+02
4.890000000000000000e+02 2.620000000000000000e+02 5.120000000000000000e+02 3.260000000000000000e+02
