0.000000000000000000e+00 3.310000000000000000e+02 1.600000000000000000e+01 3.900000000000000000e+02
2.700000000000000000e+01 9.900000000000000000e+01 1.150000000000000000e+02 1.680000000000000000e+02
4.300000000000000000e+01 3.320000000000000000e+02 9.700000000000000000e+01 3.840000000000000000e+02
4.800000000000000000e+01 1.660000000000000000e+02 9.500000000000000000e+01 2.040000000000000000e+02
5.000000000000000000e+01 1.980000000000000000e+02 1.080000000000000000e+02 2.320000000000000000e+02
6.800000000000000000e+01 2.250000000000000000e+02 1.380000000000000000e+02 3.040000000000000000e+02
7.300000000000000000e+01 4.700000000000000000e+02 1.340000000000000000e+02 5.120000000000000000e+02
1.010000000000000000e+02 3.700000000000000000e+01 1.460000000000000000e+02 8.600000000000000000e+01
1.620000000000000000e+02 0.000000000000000000e+00 2.410000000000000000e+02 1.600000000000000000e+01
1.970000000000000000e+02 2.710000000000000000e+02 2.210000000000000000e+02 3.150000000000000000e+02
2.400000000000000000e+02 3.580000000000000000e+02 2.850000000000000000e+02 4.150000000000000000e+02
2.810000000000000000e+02 4.160000000000000000e+02 3.090000000000000000e+02 4.670000000000000000e+02
3.460000000000000000e+02 1.660000000000000000e+02 4.260000000000000000e+02 2.390000000000000000e+02
3.780000000000000000e+02 4.530000000000000000e+02 4.290000000000000000e+02 5.100000000000000000e+02
4.310000000000000000e+02 2.670000000000000000e+02 5.120000000000000000e+02 3.500000000000000000e+02
5.000000000000000000e+02 4.060000000000000000e+02 5.120000000000000000e+02 4.560000000000000000e+02
5.090000000000000000e+02 2.280000000000000000e+02 5.120000000000000000e+02 2.430000000000000000e+02
