0.000000000000000000e+00 1.080000000000000000e+02 4.000000000000000000e+01 1.680000000000000000e+02
0.000000000000000000e+00 2.460000000000000000e+02 6.900000000000000000e+01 3.230000000000000000e+02
3.300000000000000000e+01 4.630000000000000000e+02 1.060000000000000000e+02 5.120000000000000000e+02
8.100000000000000000e+01 2.940000000000000000e+02 2.430000000000000000e+02 4.430000000000000000e+02
1.130000000000000000e+02 1.990000000000000000e+02 1.860000000000000000e+02 2.660000000000000000e+02
1.210000000000000000e+02 8.000000000000000000e+00 2.120000000000000000e+02 8.700000000000000000e+01
1.440000000000000000e+02 9.700000000000000000e+01 1.970000000000000000e+02 1.620000000000000000e+02
1.970000000000000000e+02 4.360000000000000000e+02 2.800000000000000000e+02 5.110000000000000000e+02
2.110000000000000000e+02 1.870000000000000000e+02 2.960000000000000000e+02 3.000000000000000000e+02
2.410000000000000000e+02 7.800000000000000000e+01 2.800000000000000000e+02 1.170000000000000000e+02
2.840000000000000000e+02 2.710000000000000000e+02 3.990000000000000000e+02 4.660000000000000000e+02
3.900000000000000000e+02 2.500000000000000000e+01 4.550000000000000000e+02 9.400000000000000000e+01
4.030000000000000000e+02 3.430000000000000000e+02 4.760000000000000000e+02 4.220000000000000000e+02
4.320000000000000000e+02 9.500000000000000000e+01 4.890000000000000000e+02 1.540000000000000000e+02
4.830000000000000000e+02 1.610000000000000000e+02 5.120000000000000000e+02 2.260000000000000000e+02
