0.000000000000000000e+00 2.260000000000000000e+02 2.500000000000000000e+01 2.780000000000000000e+02
0.000000000000000000e+00 2.960000000000000000e+02 1.290000000000000000e+02 4.010000000000000000e+02
0.000000000000000000e+00 4.890000000000000000e+02 3.000000000000000000e+01 5.120000000000000000e+02
1.400000000000000000e+01 4.350000000000000000e+02 8.300000000000000000e+01 5.120000000000000000e+02
1.280000000000000000e+02 1.440000000000000000e+02 2.000000000000000000e+02 2.160000000000000000e+02
1.670000000000000000e+02 0.000000000000000000e+00 2.030000000000000000e+02 1.700000000000000000e+01
1.990000000000000000e+02 2.580000000000000000e+02 2.730000000000000000e+02 3.400000000000000000e+02
2.260000000000000000e+02 7.000000000000000000e+01 2.670000000000000000e+02 1.220000000000000000e+02
2.440000000000000000e+02 4.530000000000000000e+02 2.910000000000000000e+02 5.120000000000000000e+02
4.220000000000000000e+02 1.640000000000000000e+02 4.520000000000000000e+02 1.900000000000000000e+02
4.420000000000000000e+02 7.000000000000000000e+01 5.030000000000000000e+02 1.530000000000000000e+02
4.560000000000000000e+02 3.130000000000000000e+02 5.120000000000000000e+02 3.700000000000000000e+02
