0.000000000000000000e+00 3.810000000000000000e+02 2.800000000000000000e+01 4.420000000000000000e+02
6.000000000000000000e+00 4.030000000000000000e+02 1.150000000000000000e+02 5.120000000000000000e+02
4.300000000000000000e+01 1.100000000000000000e+01 1.210000000000000000e+02 8.500000000000000000e+01
1.160000000000000000e+02 4.350000000000000000e+02 1.800000000000000000e+02 4.820000000000000000e+02
1.260000000000000000e+02 2.430000000000000000e+02 2.110000000000000000e+02 3.350000000000000000e+02
1.820000000000000000e+02 3.370000000000000000e+02 2.440000000000000000e+02 4.010000000000000000e+02
1.850000000000000000e+02 1.310000000000000000e+02 2.460000000000000000e+02 1.890000000000000000e+02
1.940000000000000000e+02 0.000000000000000000e+00 3.250000000000000000e+02 1.140000000000000000e+02
1.970000000000000000e+02 4.520000000000000000e+02 2.670000000000000000e+02 5.120000000000000000e+02
2.540000000000000000e+02 4.430000000000000000e+02 3.160000000000000000e+02 5.120000000000000000e+02
2.710000000000000000e+02 1.810000000000000000e+02 3.390000000000000000e+02 2.430000000000000000e+02
3.080000000000000000e+02 1.110000000000000000e+02 3.740000000000000000e+02 1.770000000000000000e+02
3.820000000000000000e+02 4.830000000000000000e+02 4.490000000000000000e+02 5.120000000000000000e+02
4.300000000000000000e+02 9.600000000000000000e+01 5.120000000000000000e+02 2.590000000000000000e+02
4.610000000000000000e+02 2.620000000000000000e+02 5.110000000000000000e+02 3.640000000000000000e+02
