0.000000000000000000e+00 1.830000000000000000e+02 1.200000000000000000e+01 2.220000000000000000e+02
0.000000000000000000e+00 3.470000000000000000e+02 1.000000000000000000e+01 3.780000000000000000e+02
1.310000000000000000e+02 4.000000000000000000e+00 1.970000000000000000e+02 3.500000000000000000e+01
1.730000000000000000e+02 3.710000000000000000e+02 2.630000000000000000e+02 4.620000000000000000e+02
2.000000000000000000e+02 4.660000000000000000e+02 2.500000000000000000e+02 5.060000000000000000e+02
2.080000000000000000e+02 1.460000000000000000e+02 3.100000000000000000e+02 2.610000000000000000e+02
2.220000000000000000e+02 6.700000000000000000e+01 2.920000000000000000e+02 1.410000000000000000e+02
2.910000000000000000e+02 4.330000000000000000e+02 3.690000000000000000e+02 5.100000000000000000e+02
2.940000000000000000e+02 1.000000000000000000e+02 3.570000000000000000e+02 1.750000000000000000e+02
3.870000000000000000e+02 5.080000000000000000e+02 4.050000000000000000e+02 5.120000000000000000e+02
4.170000000000000000e+02 3.500000000000000000e+02 4.810000000000000000e+02 4.060000000000000000e+02
