0.000000000000000000e+00 4.180000000000000000e+02 4.500000000000000000e+01 4.820000000000000000e+02
5.000000000000000000e+00 3.160000000000000000e+02 8.000000000000000000e+01 3.840000000000000000e+02
2.200000000000000000e+01 1.410000000000000000e+02 1.800000000000000000e+02 2.810000000000000000e+02
2.600000000000000000e+01 4.800000000000000000e+02 7.200000000000000000e+01 5.120000000000000000e+02
1.390000000000000000e+02 0.000000000000000000e+00 2.030000000000000000e+02 3.500000000000000000e+01
1.650000000000000000e+02 3.640000000000000000e+02 2.390000000000000000e+02 4.210000000000000000e+02
2.020000000000000000e+02 4.460000000000000000e+02 2.630000000000000000e+02 5.080000000000000000e+02
2.520000000000000000e+02 9.100000000000000000e+01 2.870000000000000000e+02 1.170000000000000000e+02
2.850000000000000000e+02 6.000000000000000000e+00 3.690000000000000000e+02 8.500000000000000000e+01
3.160000000000000000e+02 2.100000000000000000e+02 3.510000000000000000e+02 2.460000000000000000e+02
3.350000000000000000e+02 4.120000000000000000e+02 3.960000000000000000e+02 4.710000000000000000e+02
3.530000000000000000e+02 0.000000000000000000e+00 3.900000000000000000e+02 8.000000000000000000e+00
3.620000000000000000e+02 1.900000000000000000e+01 4.130000000000000000e+02 7.400000000000000000e+01
4.000000000000000000e+02 2.540000000000000000e+02 5.120000000000000000e+02 3.800000000000000000e+02
4.050000000000000000e+02 7.400000000000000000e+01 4.800000000000000000e+02 2.030000000000000000e+02
4.320000000000000000e+02 0.000000000000000000e+00 4.940000000000000000e+02 3.500000000000000000e+01
4.470000000000000000e+02 4.180000000000000000e+02 4.800000000000000000e+02 4.520000000000000000e+02
