0.000000000000000000e+00 2.690000000000000000e+02 3.100000000000000000e+01 3.570000000000000000e+02
0.000000000000000000e+00 4.820000000000000000e+02 3.600000000000000000e+01 5.120000000000000000e+02
5.200000000000000000e+01 0.000000000000000000e+00 8.900000000000000000e+01 9.000000000000000000e+00
9.400000000000000000e+01 1.030000000000000000e+02 1.650000000000000000e+02 1.820000000000000000e+02
1.160000000000000000e+02 4.500000000000000000e+02 1.930000000000000000e+02 5.120000000000000000e+02
1.270000000000000000e+02 2.270000000000000000e+02 2.110000000000000000e+02 3.120000000000000000e+02
1.800000000000000000e+02 2.440000000000000000e+02 4.070000000000000000e+02 4.800000000000000000e+02
2.300000000000000000e+02 2.100000000000000000e+01 3.490000000000000000e+02 1.540000000000000000e+02
3.030000000000000000e+02 2.000000000000000000e+02 3.450000000000000000e+02 2.340000000000000000e+02
3.140000000000000000e+02 4.630000000000000000e+02 3.500000000000000000e+02 5.080000000000000000e+02
3.430000000000000000e+02 1.530000000000000000e+02 4.020000000000000000e+02 2.190000000000000000e+02
3.670000000000000000e+02 0.000000000000000000e+00 3.960000000000000000e+02 3.900000000000000000e+01
3.710000000000000000e+02 2.280000000000000000e+02 3.890000000000000000e+02 2.500000000000000000e+02
4.860000000000000000e+02 3.990000000000000000e+02 5.120000000000000000e+02 4.410000000000000000e+02
4.890000000000000000e+02 1.860000000000000000e+02 5.120000000000000000e+02 2.500000000000000000e+02
