0.000000000000000000e+00 2.500000000000000000e+02 2.300000000000000000e+01 3.680000000000000000e+02
2.800000000000000000e+01 2.030000000000000000e+02 8.100000000000000000e+01 2.520000000000000000e+02
8.700000000000000000e+01 1.850000000000000000e+02 1.250000000000000000e+02 2.230000000000000000e+02
2.300000000000000000e+02 4.550000000000000000e+02 2.860000000000000000e+02 5.120000000000000000e+02
2.480000000000000000e+02 1.610000000000000000e+02 2.990000000000000000e+02 2.090000000000000000e+02
2.510000000000000000e+02 0.000000000000000000e+00 2.670000000000000000e+02 4.000000000000000000e+00
2.580000000000000000e+02 2.020000000000000000e+02 3.610000000000000000e+02 3.580000000000000000e+02
3.510000000000000000e+02 1.030000000000000000e+02 4.450000000000000000e+02 1.950000000000000000e+02
3.750000000000000000e+02 3.820000000000000000e+02 4.130000000000000000e+02 4.200000000000000000e+02
3.890000000000000000e+02 2.830000000000000000e+02 4.370000000000000000e+02 3.330000000000000000e+02
4.120000000000000000e+02 0.000000000000000000e+00 4.830000000000000000e+02 6.900000000000000000e+01
4.190000000000000000e+02 4.840000000000000000e+02 4.940000000000000000e+02 5.120000000000000000e+02
5.100000000000000000e+02 2.060000000000000000e+02 5.120000000000000000e+02 2.150000000000000000e+02
