0.000000000000000000e+00 4.530000000000000000e+02 5.800000000000000000e+01 5.120000000000000000e+02
3.200000000000000000e+01 1.530000000000000000e+02 1.020000000000000000e+02 2.340000000000000000e+02
4.500000000000000000e+01 2.880000000000000000e+02 9.700000000000000000e+01 3.420000000000000000e+02
6.000000000000000000e+01 2.310000000000000000e+02 1.140000000000000000e+02 2.860000000000000000e+02
1.040000000000000000e+02 4.140000000000000000e+02 1.900000000000000000e+02 4.920000000000000000e+02
1.930000000000000000e+02 3.000000000000000000e+02 2.570000000000000000e+02 3.670000000000000000e+02
2.530000000000000000e+02 2.540000000000000000e+02 3.060000000000000000e+02 3.070000000000000000e+02
3.710000000000000000e+02 3.000000000000000000e+01 4.210000000000000000e+02 7.200000000000000000e+01
3.730000000000000000e+02 3.610000000000000000e+02 4.350000000000000000e+02 4.180000000000000000e+02
3.790000000000000000e+02 4.540000000000000000e+02 5.080000000000000000e+02 5.120000000000000000e+02
4.190000000000000000e+02 2.980000000000000000e+02 4.880000000000000000e+02 3.760000000000000000e+02
4.680000000000000000e+02 4.000000000000000000e+01 5.120000000000000000e+02 7.900000000000000000e+01
