0.000000000000000000e+00 2.170000000000000000e+02 1.100000000000000000e+02 2.880000000000000000e+02
1.900000000000000000e+01 4.820000000000000000e+02 7.300000000000000000e+01 5.100000000000000000e+02
1.860000000000000000e+02 3.370000000000000000e+02 2.560000000000000000e+02 4.170000000000000000e+02
2.010000000000000000e+02 4.300000000000000000e+02 3.020000000000000000e+02 5.010000000000000000e+02
2.050000000000000000e+02 9.500000000000000000e+01 2.500000000000000000e+02 1.440000000000000000e+02
2.450000000000000000e+02 1.340000000000000000e+02 3.330000000000000000e+02 2.020000000000000000e+02
3.270000000000000000e+02 3.510000000000000000e+02 3.840000000000000000e+02 4.000000000000000000e+02
3.350000000000000000e+02 0.000000000000000000e+00 4.130000000000000000e+02 2.100000000000000000e+01
3.500000000000000000e+02 4.450000000000000000e+02 4.150000000000000000e+02 5.060000000000000000e+02
4.100000000000000000e+02 4.750000000000000000e+02 4.670000000000000000e+02 5.120000000000000000e+02
4.170000000000000000e+02 2.010000000000000000e+02 5.120000000000000000e+02 2.860000000000000000e+02
4.180000000000000000e+02 1.280000000000000000e+02 4.750000000000000000e+02 1.770000000000000000e+02
4.340000000000000000e+02 1.000000000000000000e+00 5.120000000000000000e+02 7.400000000000000000e+01
