0.000000000000000000e+00 4.180000000000000000e+02 5.200000000000000000e+01 4.900000000000000000e+02
0.000000000000000000e+00 5.040000000000000000e+02 1.000000000000000000e+01 5.120000000000000000e+02
1.300000000000000000e+01 1.580000000000000000e+02 8.000000000000000000e+01 2.270000000000000000e+02
2.000000000000000000e+01 2.530000000000000000e+02 8.900000000000000000e+01 3.250000000000000000e+02
4.700000000000000000e+01 4.660000000000000000e+02 1.150000000000000000e+02 5.120000000000000000e+02
9.600000000000000000e+01 3.840000000000000000e+02 1.610000000000000000e+02 4.580000000000000000e+02
9.900000000000000000e+01 1.990000000000000000e+02 1.900000000000000000e+02 2.620000000000000000e+02
1.130000000000000000e+02 1.180000000000000000e+02 1.790000000000000000e+02 1.760000000000000000e+02
1.730000000000000000e+02 3.870000000000000000e+02 2.530000000000000000e+02 4.670000000000000000e+02
2.060000000000000000e+02 5.050000000000000000e+02 2.330000000000000000e+02 5.120000000000000000e+02
2.260000000000000000e+02 7.200000000000000000e+01 2.670000000000000000e+02 1.240000000000000000e+02
2.600000000000000000e+02 3.830000000000000000e+02 3.300000000000000000e+02 4.500000000000000000e+02
2.650000000000000000e+02 8.200000000000000000e+01 3.550000000000000000e+02 1.700000000000000000e+02
2.710000000000000000e+02 2.560000000000000000e+02 4.620000000000000000e+02 3.880000000000000000e+02
2.880000000000000000e+02 1.500000000000000000e+01 3.570000000000000000e+02 8.300000000000000000e+01
4.190000000000000000e+02 8.400000000000000000e+01 4.980000000000000000e+02 1.620000000000000000e+02
4.350000000000000000e+02 1.000000000000000000e+00 5.120000000000000000e+02 3.800000000000000000e+01
5.010000000000000000e+02 3.930000000000000000e+02 5.120000000000000000e+02 4.250000000000000000e+02
