0.000000000000000000e+00 3.170000000000000000e+02 1.500000000000000000e+01 3.450000000000000000e+02
0.000000000000000000e+00 4.410000000000000000e+02 3.200000000000000000e+01 5.120000000000000000e+02
5.600000000000000000e+01 3.650000000000000000e+02 1.310000000000000000e+02 4.640000000000000000e+02
8.200000000000000000e+01 1.650000000000000000e+02 1.670000000000000000e+02 2.500000000000000000e+02
1.470000000000000000e+02 4.920000000000000000e+02 1.900000000000000000e+02 5.120000000000000000e+02
1.560000000000000000e+02 7.100000000000000000e+01 2.130000000000000000e+02 1.300000000000000000e+02
1.580000000000000000e+02 3.320000000000000000e+02 2.030000000000000000e+02 3.810000000000000000e+02
2.210000000000000000e+02 1.940000000000000000e+02 2.980000000000000000e+02 2.730000000000000000e+02
2.400000000000000000e+02 3.160000000000000000e+02 2.750000000000000000e+02 3.550000000000000000e+02
2.640000000000000000e+02 5.500000000000000000e+01 3.070000000000000000e+02 1.000000000000000000e+02
2.640000000000000000e+02 4.770000000000000000e+02 3.410000000000000000e+02 5.090000000000000000e+02
3.260000000000000000e+02 1.930000000000000000e+02 3.860000000000000000e+02 2.460000000000000000e+02
3.300000000000000000e+02 2.580000000000000000e+02 4.070000000000000000e+02 3.370000000000000000e+02
4.100000000000000000e+02 2.060000000000000000e+02 4.590000000000000000e+02 2.580000000000000000e+02
4.160000000000000000e+02 3.710000000000000000e+02 5.120000000000000000e+02 4.710000000000000000e+02
4.210000000000000000e+02 2.680000000000000000e+02 4.670000000000000000e+02 3.220000000000000000e+02
4.510000000000000000e+02 1.300000000000000000e+01 5.120000000000000000e+02 1.360000000000000000e+02
4.780000000000000000e+02 1.560000000000000000e+02 5.120000000000000000e+02 2.270000000000000000e+02
