1.700000000000000000e+01 3.000000000000000000e+02 1.410000000000000000e+02 4.200000000000000000e+02
4.000000000000000000e+01 0.000000000000000000e+00 1.180000000000000000e+02 4.000000000000000000e+01
1.700000000000000000e+02 0.000000000000000000e+00 2.710000000000000000e+02 3.000000000000000000e+01
1.800000000000000000e+02 1.440000000000000000e+02 2.520000000000000000e+02 2.130000000000000000e+02
1.980000000000000000e+02 3.000000000000000000e+02 2.920000000000000000e+02 3.810000000000000000e+02
2.100000000000000000e+02 4.570000000000000000e+02 2.530000000000000000e+02 5.050000000000000000e+02
3.080000000000000000e+02 2.890000000000000000e+02 4.030000000000000000e+02 3.840000000000000000e+02
3.230000000000000000e+02 1.100000000000000000e+02 3.920000000000000000e+02 1.820000000000000000e+02
3.970000000000000000e+02 2.610000000000000000e+02 4.930000000000000000e+02 3.540000000000000000e+02
4.060000000000000000e+02 1.350000000000000000e+02 4.580000000000000000e+02 1.940000000000000000e+02
4.090000000000000000e+02 0.000000000000000000e+00 4.510000000000000000e+02 1.600000000000000000e+01
