0.000000000000000000e+00 1.630000000000000000e+02 3.200000000000000000e+01 2.230000000000000000e+02
0.000000000000000000e+00 3.020000000000000000e+02 5.700000000000000000e+01 3.950000000000000000e+02
2.500000000000000000e+01 2.080000000000000000e+02 1.010000000000000000e+02 2.720000000000000000e+02
5.200000000000000000e+01 4.990000000000000000e+02 9.600000000000000000e+01 5.120000000000000000e+02
8.300000000000000000e+01 4.500000000000000000e+01 2.120000000000000000e+02 1.520000000000000000e+02
1.020000000000000000e+02 1.650000000000000000e+02 1.820000000000000000e+02 2.280000000000000000e+02
1.080000000000000000e+02 2.440000000000000000e+02 1.410000000000000000e+02 3.040000000000000000e+02
1.320000000000000000e+02 2.560000000000000000e+02 1.640000000000000000e+02 2.890000000000000000e+02
1.490000000000000000e+02 2.300000000000000000e+02 1.940000000000000000e+02 2.820000000000000000e+02
1.570000000000000000e+02 0.000000000000000000e+00 2.160000000000000000e+02 4.600000000000000000e+01
1.830000000000000000e+02 1.810000000000000000e+02 2.660000000000000000e+02 2.740000000000000000e+02
1.830000000000000000e+02 3.880000000000000000e+02 2.620000000000000000e+02 4.740000000000000000e+02
2.410000000000000000e+02 2.580000000000000000e+02 3.280000000000000000e+02 3.380000000000000000e+02
2.440000000000000000e+02 0.000000000000000000e+00 3.180000000000000000e+02 3.200000000000000000e+01
3.210000000000000000e+02 3.130000000000000000e+02 3.820000000000000000e+02 3.790000000000000000e+02
3.240000000000000000e+02 1.680000000000000000e+02 3.860000000000000000e+02 2.340000000000000000e+02
3.380000000000000000e+02 9.600000000000000000e+01 3.940000000000000000e+02 1.580000000000000000e+02
3.830000000000000000e+02 2.710000000000000000e+02 4.550000000000000000e+02 3.250000000000000000e+02
3.900000000000000000e+02 3.220000000000000000e+02 4.620000000000000000e+02 4.010000000000000000e+02
4.320000000000000000e+02 8.600000000000000000e+01 5.010000000000000000e+02 1.580000000000000000e+02
4.400000000000000000e+02 4.670000000000000000e+02 5.100000000000000000e+02 5.120000000000000000e+02
4.620000000000000000e+02 2.540000000000000000e+02 5.120000000000000000e+02 3.180000000000000000e+02
4.870000000000000000e+02 1.440000000000000000e+02 5.120000000000000000e+02 1.820000000000000000e+02
4.880000000000000000e+02 1.800000000000000000e+01 5.120000000000000000e+02 8.100000000000000000e+01
4.980000000000000000e+02 3.290000000000000000e+02 5.120000000000000000e+02 3.720000000000000000e+02
