1.000000000000000000e+00 2.230000000000000000e+02 3.500000000000000000e+01 2.580000000000000000e+02
1.600000000000000000e+01 4.450000000000000000e+02 5.100000000000000000e+01 4.800000000000000000e+02
8.900000000000000000e+01 2.540000000000000000e+02 1.400000000000000000e+02 3.040000000000000000e+02
9.400000000000000000e+01 1.790000000000000000e+02 1.170000000000000000e+02 2.010000000000000000e+02
1.070000000000000000e+02 1.130000000000000000e+02 1.330000000000000000e+02 1.550000000000000000e+02
1.260000000000000000e+02 1.680000000000000000e+02 1.530000000000000000e+02 1.980000000000000000e+02
1.260000000000000000e+02 4.820000000000000000e+02 1.770000000000000000e+02 5.120000000000000000e+02
1.540000000000000000e+02 3.730000000000000000e+02 1.690000000000000000e+02 3.910000000000000000e+02
1.600000000000000000e+02 1.470000000000000000e+02 2.280000000000000000e+02 2.260000000000000000e+02
1.670000000000000000e+02 1.600000000000000000e+01 2.770000000000000000e+02 8.800000000000000000e+01
1.740000000000000000e+02 3.050000000000000000e+02 1.920000000000000000e+02 3.290000000000000000e+02
2.070000000000000000e+02 3.180000000000000000e+02 2.700000000000000000e+02 3.650000000000000000e+02
2.380000000000000000e+02 2.110000000000000000e+02 2.830000000000000000e+02 2.510000000000000000e+02
2.540000000000000000e+02 2.890000000000000000e+02 2.950000000000000000e+02 3.390000000000000000e+02
2.970000000000000000e+02 1.080000000000000000e+02 3.810000000000000000e+02 2.050000000000000000e+02
3.760000000000000000e+02 3.660000000000000000e+02 4.410000000000000000e+02 4.310000000000000000e+02
3.960000000000000000e+02 1.010000000000000000e+02 4.670000000000000000e+02 1.580000000000000000e+02
4.270000000000000000e+02 3.400000000000000000e+01 4.760000000000000000e+02 8.200000000000000000e+01
4.680000000000000000e+02 4.020000000000000000e+02 5.120000000000000000e+02 4.480000000000000000e+02
4.820000000000000000e+02 1.830000000000000000e+02 5.120000000000000000e+02 2.520000000000000000e+02
