0.000000000000000000e+00 0.000000000000000000e+00 3.300000000000000000e+01 2.200000000000000000e+01
4.100000000000000000e+01 2.860000000000000000e+02 1.020000000000000000e+02 3.470000000000000000e+02
1.190000000000000000e+02 1.850000000000000000e+02 1.720000000000000000e+02 2.320000000000000000e+02
1.390000000000000000e+02 3.640000000000000000e+02 2.060000000000000000e+02 4.190000000000000000e+02
1.600000000000000000e+02 3.500000000000000000e+01 2.190000000000000000e+02 9.000000000000000000e+01
2.220000000000000000e+02 4.520000000000000000e+02 3.010000000000000000e+02 5.120000000000000000e+02
2.360000000000000000e+02 2.740000000000000000e+02 3.170000000000000000e+02 3.370000000000000000e+02
3.610000000000000000e+02 3.150000000000000000e+02 4.200000000000000000e+02 3.680000000000000000e+02
3.670000000000000000e+02 4.470000000000000000e+02 4.280000000000000000e+02 5.000000000000000000e+02
4.110000000000000000e+02 1.790000000000000000e+02 4.680000000000000000e+02 2.260000000000000000e+02
4.830000000000000000e+02 1.110000000000000000e+02 5.120000000000000000e+02 1.720000000000000000e+02
4.880000000000000000e+02 2.030000000000000000e+02 5.120000000000000000e+02 2.340000000000000000e+02
