0.000000000000000000e+00 0.000000000000000000e+00 7.300000000000000000e+01 7.100000000000000000e+01
0.000000000000000000e+00 1.820000000000000000e+02 1.300000000000000000e+01 2.110000000000000000e+02
0.000000000000000000e+00 2.410000000000000000e+02 1.800000000000000000e+01 2.900000000000000000e+02
3.600000000000000000e+01 4.430000000000000000e+02 1.120000000000000000e+02 5.120000000000000000e+02
8.300000000000000000e+01 2.100000000000000000e+01 1.650000000000000000e+02 9.200000000000000000e+01
9.300000000000000000e+01 1.510000000000000000e+02 1.810000000000000000e+02 2.350000000000000000e+02
1.640000000000000000e+02 3.710000000000000000e+02 2.290000000000000000e+02 4.290000000000000000e+02
2.100000000000000000e+02 4.260000000000000000e+02 2.870000000000000000e+02 5.120000000000000000e+02
2.780000000000000000e+02 4.830000000000000000e+02 3.550000000000000000e+02 5.120000000000000000e+02
3.170000000000000000e+02 8.300000000000000000e+01 3.710000000000000000e+02 1.400000000000000000e+02
3.270000000000000000e+02 2.670000000000000000e+02 3.820000000000000000e+02 3.220000000000000000e+02
