0.000000000000000000e+00 3.700000000000000000e+02 4.900000000000000000e+01 4.360000000000000000e+02
0.000000000000000000e+00 4.760000000000000000e+02 7.700000000000000000e+01 5.120000000000000000e+02
7.700000000000000000e+01 1.270000000000000000e+02 1.450000000000000000e+02 1.820000000000000000e+02
1.840000000000000000e+02 1.540000000000000000e+02 2.410000000000000000e+02 2.050000000000000000e+02
2.280000000000000000e+02 3.740000000000000000e+02 2.800000000000000000e+02 4.600000000000000000e+02
2.900000000000000000e+02 2.000000000000000000e+00 3.490000000000000000e+02 3.500000000000000000e+01
3.030000000000000000e+02 2.470000000000000000e+02 3.510000000000000000e+02 2.980000000000000000e+02
3.140000000000000000e+02 4.740000000000000000e+02 3.830000000000000000e+02 5.120000000000000000e+02
3.560000000000000000e+02 3.100000000000000000e+01 4.170000000000000000e+02 8.700000000000000000e+01
3.930000000000000000e+02 1.370000000000000000e+02 4.180000000000000000e+02 1.730000000000000000e+02
3.980000000000000000e+02 2.710000000000000000e+02 5.040000000000000000e+02 3.670000000000000000e+02
4.200000000000000000e+02 0.000000000000000000e+00 4.630000000000000000e+02 2.200000000000000000e+01
4.400000000000000000e+02 1.730000000000000000e+02 4.760000000000000000e+02 2.130000000000000000e+02
4.760000000000000000e+02 3.000000000000000000e+01 5.120000000000000000e+02 1.090000000000000000e+02
