2.600000000000000000e+01 2.000000000000000000e+00 9.800000000000000000e+01 7.200000000000000000e+01
4.700000000000000000e+01 1.040000000000000000e+02 8.700000000000000000e+01 1.440000000000000000e+02
8.500000000000000000e+01 4.400000000000000000e+02 1.370000000000000000e+02 4.900000000000000000e+02
1.600000000000000000e+02 1.450000000000000000e+02 2.170000000000000000e+02 2.020000000000000000e+02
1.650000000000000000e+02 3.650000000000000000e+02 2.620000000000000000e+02 4.600000000000000000e+02
1.760000000000000000e+02 5.000000000000000000e+00 2.250000000000000000e+02 5.200000000000000000e+01
2.320000000000000000e+02 1.000000000000000000e+02 3.190000000000000000e+02 1.750000000000000000e+02
2.530000000000000000e+02 2.400000000000000000e+01 3.120000000000000000e+02 8.200000000000000000e+01
2.620000000000000000e+02 1.990000000000000000e+02 3.090000000000000000e+02 2.440000000000000000e+02
2.800000000000000000e+02 2.740000000000000000e+02 3.950000000000000000e+02 4.250000000000000000e+02
3.130000000000000000e+02 1.790000000000000000e+02 3.690000000000000000e+02 2.320000000000000000e+02
4.350000000000000000e+02 0.000000000000000000e+00 5.120000000000000000e+02 5.400000000000000000e+01
4.510000000000000000e+02 1.000000000000000000e+02 4.920000000000000000e+02 1.380000000000000000e+02
