0.000000000000000000e+00 2.650000000000000000e+02 1.100000000000000000e+01 3.000000000000000000e+02
9.000000000000000000e+00 1.950000000000000000e+02 2.500000000000000000e+01 2.140000000000000000e+02
1.500000000000000000e+01 1.610000000000000000e+02 5.000000000000000000e+01 1.890000000000000000e+02
1.700000000000000000e+01 3.710000000000000000e+02 7.700000000000000000e+01 4.510000000000000000e+02
4.000000000000000000e+01 1.910000000000000000e+02 9.500000000000000000e+01 2.730000000000000000e+02
6.200000000000000000e+01 3.100000000000000000e+01 1.060000000000000000e+02 8.000000000000000000e+01
1.180000000000000000e+02 5.100000000000000000e+02 1.310000000000000000e+02 5.120000000000000000e+02
1.800000000000000000e+02 7.900000000000000000e+01 2.240000000000000000e+02 1.160000000000000000e+02
1.980000000000000000e+02 1.220000000000000000e+02 2.470000000000000000e+02 1.660000000000000000e+02
3.170000000000000000e+02 2.250000000000000000e+02 3.550000000000000000e+02 2.710000000000000000e+02
3.840000000000000000e+02 4.500000000000000000e+01 4.400000000000000000e+02 9.600000000000000000e+01
3.940000000000000000e+02 4.340000000000000000e+02 4.430000000000000000e+02 4.890000000000000000e+02
4.010000000000000000e+02 3.550000000000000000e+02 4.660000000000000000e+02 4.290000000000000000e+02
4.740000000000000000e+02 2.570000000000000000e+02 5.120000000000000000e+02 3.320000000000000000e+02
