0.000000000000000000e+00 2.130000000000000000e+02 3.800000000000000000e+01 2.980000000000000000e+02
0.000000000000000000e+00 4.060000000000000000e+02 1.070000000000000000e+02 5.040000000000000000e+02
4.000000000000000000e+01 3.600000000000000000e+01 1.620000000000000000e+02 1.150000000000000000e+02
5.800000000000000000e+01 1.380000000000000000e+02 1.670000000000000000e+02 2.740000000000000000e+02
1.690000000000000000e+02 3.610000000000000000e+02 2.620000000000000000e+02 4.520000000000000000e+02
1.840000000000000000e+02 4.500000000000000000e+01 2.560000000000000000e+02 1.110000000000000000e+02
1.990000000000000000e+02 2.580000000000000000e+02 2.720000000000000000e+02 3.250000000000000000e+02
2.100000000000000000e+02 1.740000000000000000e+02 2.830000000000000000e+02 2.470000000000000000e+02
3.930000000000000000e+02 2.000000000000000000e+00 4.850000000000000000e+02 5.400000000000000000e+01
4.010000000000000000e+02 8.600000000000000000e+01 4.540000000000000000e+02 1.270000000000000000e+02
4.570000000000000000e+02 3.450000000000000000e+02 5.110000000000000000e+02 4.260000000000000000e+02
4.670000000000000000e+02 1.450000000000000000e+02 5.080000000000000000e+02 1.860000000000000000e+02
