0.000000000000000000e+00 1.690000000000000000e+02 3.000000000000000000e+00 1.740000000000000000e+02
0.000000000000000000e+00 1.870000000000000000e+02 1.800000000000000000e+01 2.130000000000000000e+02
0.000000000000000000e+00 2.070000000000000000e+02 3.800000000000000000e+01 2.560000000000000000e+02
0.000000000000000000e+00 2.710000000000000000e+02 2.400000000000000000e+01 3.390000000000000000e+02
0.000000000000000000e+00 4.090000000000000000e+02 1.900000000000000000e+01 4.490000000000000000e+02
1.800000000000000000e+01 4.970000000000000000e+02 5.200000000000000000e+01 5.120000000000000000e+02
2.700000000000000000e+01 2.870000000000000000e+02 1.080000000000000000e+02 3.670000000000000000e+02
5.000000000000000000e+01 2.200000000000000000e+01 1.520000000000000000e+02 1.200000000000000000e+02
7.000000000000000000e+01 2.110000000000000000e+02 1.380000000000000000e+02 2.830000000000000000e+02
7.800000000000000000e+01 0.000000000000000000e+00 1.140000000000000000e+02 2.100000000000000000e+01
1.860000000000000000e+02 4.010000000000000000e+02 2.650000000000000000e+02 4.790000000000000000e+02
2.550000000000000000e+02 1.800000000000000000e+01 3.200000000000000000e+02 8.400000000000000000e+01
2.970000000000000000e+02 3.700000000000000000e+02 3.520000000000000000e+02 4.290000000000000000e+02
3.060000000000000000e+02 1.030000000000000000e+02 3.840000000000000000e+02 1.740000000000000000e+02
3.180000000000000000e+02 0.000000000000000000e+00 3.750000000000000000e+02 4.900000000000000000e+01
3.770000000000000000e+02 3.180000000000000000e+02 4.790000000000000000e+02 4.590000000000000000e+02
3.840000000000000000e+02 0.000000000000000000e+00 4.420000000000000000e+02 2.400000000000000000e+01
3.950000000000000000e+02 1.120000000000000000e+02 4.660000000000000000e+02 1.900000000000000000e+02
4.650000000000000000e+02 4.100000000000000000e+02 5.080000000000000000e+02 4.560000000000000000e+02
4.740000000000000000e+02 2.700000000000000000e+02 5.120000000000000000e+02 3.290000000000000000e+02
4.770000000000000000e+02 4.480000000000000000e+02 5.120000000000000000e+02 5.020000000000000000e+02
