0.000000000000000000e+00 2.810000000000000000e+02 2.200000000000000000e+01 3.070000000000000000e+02
0.000000000000000000e+00 3.340000000000000000e+02 2.000000000000000000e+01 3.920000000000000000e+02
4.500000000000000000e+01 2.860000000000000000e+02 9.500000000000000000e+01 3.260000000000000000e+02
8.900000000000000000e+01 1.500000000000000000e+01 1.440000000000000000e+02 6.600000000000000000e+01
9.200000000000000000e+01 1.470000000000000000e+02 1.440000000000000000e+02 1.930000000000000000e+02
1.950000000000000000e+02 1.690000000000000000e+02 2.670000000000000000e+02 2.410000000000000000e+02
2.140000000000000000e+02 0.000000000000000000e+00 2.850000000000000000e+02 5.800000000000000000e+01
2.720000000000000000e+02 5.110000000000000000e+02 2.740000000000000000e+02 5.120000000000000000e+02
2.940000000000000000e+02 4.240000000000000000e+02 3.480000000000000000e+02 4.720000000000000000e+02
3.110000000000000000e+02 9.000000000000000000e+01 3.610000000000000000e+02 1.420000000000000000e+02
3.420000000000000000e+02 2.850000000000000000e+02 3.900000000000000000e+02 3.280000000000000000e+02
4.110000000000000000e+02 1.710000000000000000e+02 4.680000000000000000e+02 2.270000000000000000e+02
4.630000000000000000e+02 4.870000000000000000e+02 5.120000000000000000e+02 5.120000000000000000e+02
5.060000000000000000e+02 2.450000000000000000e+02 5.120000000000000000e+02 2.650000000000000000e+02
5.100000000000000000e+02 4.490000000000000000e+02 5.120000000000000000e+02 4.570000000000000000e+02
