0.000000000000000000e+00 3.730000000000000000e+02 1.070000000000000000e+02 4.990000000000000000e+02
1.000000000000000000e+00 1.270000000000000000e+02 5.600000000000000000e+01 1.850000000000000000e+02
4.800000000000000000e+01 2.800000000000000000e+01 9.900000000000000000e+01 7.300000000000000000e+01
6.900000000000000000e+01 5.600000000000000000e+01 1.610000000000000000e+02 1.470000000000000000e+02
1.110000000000000000e+02 3.940000000000000000e+02 1.620000000000000000e+02 4.440000000000000000e+02
1.440000000000000000e+02 2.010000000000000000e+02 1.830000000000000000e+02 2.440000000000000000e+02
1.860000000000000000e+02 7.600000000000000000e+01 2.450000000000000000e+02 1.360000000000000000e+02
2.640000000000000000e+02 2.420000000000000000e+02 3.510000000000000000e+02 3.370000000000000000e+02
2.910000000000000000e+02 3.490000000000000000e+02 3.410000000000000000e+02 3.980000000000000000e+02
3.310000000000000000e+02 2.020000000000000000e+02 3.850000000000000000e+02 2.660000000000000000e+02
3.540000000000000000e+02 3.010000000000000000e+02 4.320000000000000000e+02 4.020000000000000000e+02
4.110000000000000000e+02 1.420000000000000000e+02 4.550000000000000000e+02 1.860000000000000000e+02
4.550000000000000000e+02 1.760000000000000000e+02 5.120000000000000000e+02 2.380000000000000000e+02
4.610000000000000000e+02 4.980000000000000000e+02 4.790000000000000000e+02 5.080000000000000000e+02
4.940000000000000000e+02 4.800000000000000000e+02 5.120000000000000000e+02 5.080000000000000000e+02
