0.000000000000000000e+00 4.310000000000000000e+02 1.000000000000000000e+01 4.630000000000000000e+02
4.800000000000000000e+01 3.130000000000000000e+02 1.010000000000000000e+02 3.470000000000000000e+02
6.100000000000000000e+01 2.030000000000000000e+02 9.800000000000000000e+01 2.380000000000000000e+02
7.500000000000000000e+01 1.600000000000000000e+02 1.210000000000000000e+02 1.950000000000000000e+02
8.600000000000000000e+01 1.250000000000000000e+02 1.320000000000000000e+02 1.460000000000000000e+02
8.700000000000000000e+01 3.670000000000000000e+02 1.470000000000000000e+02 4.030000000000000000e+02
1.050000000000000000e+02 4.980000000000000000e+02 1.550000000000000000e+02 5.120000000000000000e+02
1.320000000000000000e+02 2.810000000000000000e+02 2.110000000000000000e+02 3.680000000000000000e+02
2.160000000000000000e+02 0.000000000000000000e+00 2.820000000000000000e+02 6.400000000000000000e+01
2.740000000000000000e+02 4.000000000000000000e+02 3.190000000000000000e+02 4.230000000000000000e+02
2.880000000000000000e+02 0.000000000000000000e+00 3.350000000000000000e+02 1.100000000000000000e+01
2.910000000000000000e+02 3.420000000000000000e+02 3.450000000000000000e+02 3.860000000000000000e+02
3.170000000000000000e+02 2.900000000000000000e+02 3.730000000000000000e+02 3.290000000000000000e+02
3.550000000000000000e+02 1.450000000000000000e+02 4.120000000000000000e+02 1.950000000000000000e+02
3.610000000000000000e+02 2.150000000000000000e+02 3.960000000000000000e+02 2.510000000000000000e+02
3.990000000000000000e+02 0.000000000000000000e+00 4.720000000000000000e+02 6.800000000000000000e+01
4.400000000000000000e+02 4.270000000000000000e+02 4.980000000000000000e+02 4.820000000000000000e+02
