4.000000000000000000e+00 1.160000000000000000e+02 8.700000000000000000e+01 2.190000000000000000e+02
6.000000000000000000e+00 2.180000000000000000e+02 4.600000000000000000e+01 2.920000000000000000e+02
7.000000000000000000e+00 4.480000000000000000e+02 4.300000000000000000e+01 5.090000000000000000e+02
2.700000000000000000e+01 3.830000000000000000e+02 9.600000000000000000e+01 4.620000000000000000e+02
5.200000000000000000e+01 1.000000000000000000e+00 1.060000000000000000e+02 3.200000000000000000e+01
7.000000000000000000e+01 2.440000000000000000e+02 1.210000000000000000e+02 2.870000000000000000e+02
9.600000000000000000e+01 4.240000000000000000e+02 1.590000000000000000e+02 4.950000000000000000e+02
9.700000000000000000e+01 1.390000000000000000e+02 1.720000000000000000e+02 2.040000000000000000e+02
1.060000000000000000e+02 0.000000000000000000e+00 1.650000000000000000e+02 4.500000000000000000e+01
1.560000000000000000e+02 4.830000000000000000e+02 2.240000000000000000e+02 5.100000000000000000e+02
1.850000000000000000e+02 2.190000000000000000e+02 2.580000000000000000e+02 2.880000000000000000e+02
1.960000000000000000e+02 1.040000000000000000e+02 2.750000000000000000e+02 1.850000000000000000e+02
2.190000000000000000e+02 3.210000000000000000e+02 3.120000000000000000e+02 4.180000000000000000e+02
2.430000000000000000e+02 0.000000000000000000e+00 3.160000000000000000e+02 6.500000000000000000e+01
2.920000000000000000e+02 7.700000000000000000e+01 4.500000000000000000e+02 2.460000000000000000e+02
3.370000000000000000e+02 3.980000000000000000e+02 4.140000000000000000e+02 4.870000000000000000e+02
3.420000000000000000e+02 2.870000000000000000e+02 4.230000000000000000e+02 3.480000000000000000e+02
4.330000000000000000e+02 1.940000000000000000e+02 5.080000000000000000e+02 2.690000000000000000e+02
4.380000000000000000e+02 0.000000000000000000e+00 5.090000000000000000e+02 4.600000000000000000e+01
4.560000000000000000e+02 3.900000000000000000e+01 5.100000000000000000e+02 1.260000000000000000e+02
