0.000000000000000000e+00 1.900000000000000000e+01 2.700000000000000000e+01 7.100000000000000000e+01
0.000000000000000000e+00 4.140000000000000000e+02 3.000000000000000000e+00 4.290000000000000000e+02
0.000000000000000000e+00 4.690000000000000000e+02 3.100000000000000000e+01 5.120000000000000000e+02
1.300000000000000000e+01 1.460000000000000000e+02 7.400000000000000000e+01 2.030000000000000000e+02
1.400000000000000000e+01 2.940000000000000000e+02 8.800000000000000000e+01 3.770000000000000000e+02
6.700000000000000000e+01 5.070000000000000000e+02 9.200000000000000000e+01 5.120000000000000000e+02
1.040000000000000000e+02 8.500000000000000000e+01 1.790000000000000000e+02 1.630000000000000000e+02
1.510000000000000000e+02 0.000000000000000000e+00 2.290000000000000000e+02 4.000000000000000000e+01
1.600000000000000000e+02 3.760000000000000000e+02 2.710000000000000000e+02 4.910000000000000000e+02
2.200000000000000000e+02 9.100000000000000000e+01 3.010000000000000000e+02 1.770000000000000000e+02
2.310000000000000000e+02 1.840000000000000000e+02 2.900000000000000000e+02 2.400000000000000000e+02
2.550000000000000000e+02 2.990000000000000000e+02 3.470000000000000000e+02 3.910000000000000000e+02
3.120000000000000000e+02 1.830000000000000000e+02 3.970000000000000000e+02 2.730000000000000000e+02
3.520000000000000000e+02 6.200000000000000000e+01 4.540000000000000000e+02 1.630000000000000000e+02
3.640000000000000000e+02 3.090000000000000000e+02 4.510000000000000000e+02 4.040000000000000000e+02
3.940000000000000000e+02 0.000000000000000000e+00 4.320000000000000000e+02 1.400000000000000000e+01
4.540000000000000000e+02 3.330000000000000000e+02 5.120000000000000000e+02 3.920000000000000000e+02
4.600000000000000000e+02 5.200000000000000000e+01 5.120000000000000000e+02 1.370000000000000000e+02
