0.000000000000000000e+00 4.540000000000000000e+02 3.000000000000000000e+00 4.680000000000000000e+02
5.000000000000000000e+01 4.800000000000000000e+02 1.310000000000000000e+02 5.120000000000000000e+02
5.200000000000000000e+01 2.630000000000000000e+02 7.600000000000000000e+01 2.890000000000000000e+02
7.200000000000000000e+01 3.280000000000000000e+02 9.700000000000000000e+01 3.550000000000000000e+02
8.100000000000000000e+01 3.190000000000000000e+02 2.000000000000000000e+02 4.420000000000000000e+02
1.840000000000000000e+02 2.810000000000000000e+02 2.190000000000000000e+02 3.230000000000000000e+02
2.180000000000000000e+02 2.240000000000000000e+02 2.660000000000000000e+02 2.860000000000000000e+02
2.660000000000000000e+02 4.170000000000000000e+02 3.560000000000000000e+02 5.110000000000000000e+02
3.300000000000000000e+02 1.420000000000000000e+02 3.720000000000000000e+02 1.920000000000000000e+02
3.620000000000000000e+02 5.110000000000000000e+02 3.640000000000000000e+02 5.120000000000000000e+02
3.770000000000000000e+02 2.350000000000000000e+02 4.570000000000000000e+02 3.210000000000000000e+02
3.780000000000000000e+02 3.930000000000000000e+02 4.390000000000000000e+02 4.580000000000000000e+02
4.640000000000000000e+02 3.630000000000000000e+02 5.120000000000000000e+02 4.310000000000000000e+02
4.790000000000000000e+02 1.720000000000000000e+02 5.120000000000000000e+02 2.240000000000000000e+02
