0.000000000000000000e+00 1.600000000000000000e+02 5.200000000000000000e+01 2.330000000000000000e+02
0.000000000000000000e+00 3.110000000000000000e+02 7.000000000000000000e+00 3.600000000000000000e+02
1.100000000000000000e+01 3.310000000000000000e+02 2.860000000000000000e+02 5.120000000000000000e+02
1.300000000000000000e+01 4.850000000000000000e+02 6.800000000000000000e+01 5.120000000000000000e+02
3.600000000000000000e+01 0.000000000000000000e+00 1.110000000000000000e+02 7.000000000000000000e+01
8.600000000000000000e+01 1.750000000000000000e+02 1.710000000000000000e+02 2.500000000000000000e+02
1.560000000000000000e+02 1.150000000000000000e+02 2.190000000000000000e+02 1.760000000000000000e+02
1.700000000000000000e+02 1.960000000000000000e+02 2.430000000000000000e+02 2.690000000000000000e+02
2.530000000000000000e+02 0.000000000000000000e+00 3.380000000000000000e+02 5.600000000000000000e+01
2.900000000000000000e+02 3.470000000000000000e+02 3.390000000000000000e+02 3.980000000000000000e+02
2.940000000000000000e+02 2.310000000000000000e+02 4.460000000000000000e+02 3.510000000000000000e+02
3.640000000000000000e+02 4.890000000000000000e+02 4.230000000000000000e+02 5.120000000000000000e+02
3.900000000000000000e+02 3.820000000000000000e+02 4.670000000000000000e+02 4.670000000000000000e+02
4.220000000000000000e+02 1.160000000000000000e+02 5.120000000000000000e+02 2.220000000000000000e+02
4.390000000000000000e+02 2.690000000000000000e+02 5.120000000000000000e+02 3.670000000000000000e+02
4.830000000000000000e+02 4.290000000000000000e+02 5.120000000000000000e+02 4.700000000000000000e+02
4.960000000000000000e+02 4.860000000000000000e+02 5.110000000000000000e+02 5.090000000000000000e+02
