0.000000000000000000e+00 1.560000000000000000e+02 1.800000000000000000e+01 2.080000000000000000e+02
0.000000000000000000e+00 3.870000000000000000e+02 4.000000000000000000e+00 4.060000000000000000e+02
1.500000000000000000e+01 3.470000000000000000e+02 1.170000000000000000e+02 4.440000000000000000e+02
7.000000000000000000e+01 7.100000000000000000e+01 1.490000000000000000e+02 1.550000000000000000e+02
1.920000000000000000e+02 4.650000000000000000e+02 2.330000000000000000e+02 5.080000000000000000e+02
1.970000000000000000e+02 2.350000000000000000e+02 2.820000000000000000e+02 3.740000000000000000e+02
2.720000000000000000e+02 4.820000000000000000e+02 3.220000000000000000e+02 5.120000000000000000e+02
3.920000000000000000e+02 0.000000000000000000e+00 3.990000000000000000e+02 1.000000000000000000e+00
4.150000000000000000e+02 3.280000000000000000e+02 4.830000000000000000e+02 4.020000000000000000e+02
4.180000000000000000e+02 2.110000000000000000e+02 4.720000000000000000e+02 2.600000000000000000e+02
4.310000000000000000e+02 2.000000000000000000e+01 4.720000000000000000e+02 6.200000000000000000e+01
4.700000000000000000e+02 5.040000000000000000e+02 4.930000000000000000e+02 5.120000000000000000e+02
