0.000000000000000000e+00 0.000000000000000000e+00 1.600000000000000000e+01 3.100000000000000000e+01
0.000000000000000000e+00 5.060000000000000000e+02 7.000000000000000000e+00 5.120000000000000000e+02
1.070000000000000000e+02 2.060000000000000000e+02 1.540000000000000000e+02 2.330000000000000000e+02
1.170000000000000000e+02 2.040000000000000000e+02 2.270000000000000000e+02 2.910000000000000000e+02
1.320000000000000000e+02 2.990000000000000000e+02 2.070000000000000000e+02 3.690000000000000000e+02
1.500000000000000000e+02 0.000000000000000000e+00 1.550000000000000000e+02 1.000000000000000000e+00
1.850000000000000000e+02 3.900000000000000000e+01 2.460000000000000000e+02 8.700000000000000000e+01
1.920000000000000000e+02 0.000000000000000000e+00 2.390000000000000000e+02 1.100000000000000000e+01
2.140000000000000000e+02 4.780000000000000000e+02 2.670000000000000000e+02 5.120000000000000000e+02
2.480000000000000000e+02 1.030000000000000000e+02 2.660000000000000000e+02 1.230000000000000000e+02
2.710000000000000000e+02 1.520000000000000000e+02 3.170000000000000000e+02 1.940000000000000000e+02
2.990000000000000000e+02 5.000000000000000000e+00 3.380000000000000000e+02 2.500000000000000000e+01
3.140000000000000000e+02 2.970000000000000000e+02 3.720000000000000000e+02 3.610000000000000000e+02
3.310000000000000000e+02 4.970000000000000000e+02 3.630000000000000000e+02 5.120000000000000000e+02
3.890000000000000000e+02 3.500000000000000000e+01 4.130000000000000000e+02 6.200000000000000000e+01
4.140000000000000000e+02 3.210000000000000000e+02 4.900000000000000000e+02 3.790000000000000000e+02
4.350000000000000000e+02 8.200000000000000000e+01 5.020000000000000000e+02 1.370000000000000000e+02
4.450000000000000000e+02 1.390000000000000000e+02 4.990000000000000000e+02 1.970000000000000000e+02
