1.000000000000000000e+00 3.260000000000000000e+02 6.800000000000000000e+01 4.160000000000000000e+02
2.000000000000000000e+00 7.600000000000000000e+01 2.300000000000000000e+01 1.440000000000000000e+02
3.000000000000000000e+00 2.090000000000000000e+02 5.600000000000000000e+01 2.710000000000000000e+02
1.800000000000000000e+01 0.000000000000000000e+00 1.060000000000000000e+02 5.000000000000000000e+01
3.700000000000000000e+01 2.790000000000000000e+02 9.400000000000000000e+01 3.340000000000000000e+02
5.200000000000000000e+01 4.810000000000000000e+02 1.170000000000000000e+02 5.120000000000000000e+02
1.180000000000000000e+02 6.300000000000000000e+01 1.690000000000000000e+02 1.120000000000000000e+02
1.590000000000000000e+02 1.180000000000000000e+02 2.220000000000000000e+02 1.710000000000000000e+02
1.660000000000000000e+02 1.900000000000000000e+02 2.370000000000000000e+02 2.760000000000000000e+02
1.880000000000000000e+02 2.750000000000000000e+02 3.010000000000000000e+02 3.620000000000000000e+02
1.900000000000000000e+02 3.790000000000000000e+02 2.670000000000000000e+02 4.560000000000000000e+02
2.580000000000000000e+02 0.000000000000000000e+00 3.270000000000000000e+02 4.500000000000000000e+01
2.650000000000000000e+02 7.800000000000000000e+01 3.480000000000000000e+02 1.780000000000000000e+02
2.810000000000000000e+02 3.410000000000000000e+02 3.560000000000000000e+02 4.020000000000000000e+02
3.270000000000000000e+02 4.060000000000000000e+02 4.340000000000000000e+02 5.010000000000000000e+02
3.660000000000000000e+02 1.300000000000000000e+01 4.290000000000000000e+02 8.000000000000000000e+01
4.170000000000000000e+02 6.300000000000000000e+01 4.920000000000000000e+02 1.380000000000000000e+02
4.390000000000000000e+02 2.100000000000000000e+02 5.120000000000000000e+02 2.770000000000000000e+02
