6.000000000000000000e+00 4.610000000000000000e+02 6.600000000000000000e+01 5.110000000000000000e+02
3.200000000000000000e+01 2.760000000000000000e+02 8.900000000000000000e+01 3.330000000000000000e+02
5.100000000000000000e+01 1.010000000000000000e+02 1.340000000000000000e+02 2.020000000000000000e+02
9.700000000000000000e+01 3.400000000000000000e+02 1.980000000000000000e+02 4.330000000000000000e+02
1.830000000000000000e+02 8.600000000000000000e+01 2.540000000000000000e+02 1.670000000000000000e+02
2.270000000000000000e+02 3.390000000000000000e+02 2.980000000000000000e+02 4.000000000000000000e+02
2.390000000000000000e+02 4.890000000000000000e+02 2.940000000000000000e+02 5.120000000000000000e+02
2.660000000000000000e+02 4.030000000000000000e+02 3.230000000000000000e+02 4.720000000000000000e+02
2.850000000000000000e+02 0.000000000000000000e+00 3.120000000000000000e+02 2.300000000000000000e+01
3.290000000000000000e+02 0.000000000000000000e+00 4.090000000000000000e+02 6.400000000000000000e+01
3.720000000000000000e+02 4.500000000000000000e+02 4.410000000000000000e+02 5.120000000000000000e+02
4.890000000000000000e+02 9.800000000000000000e+01 5.120000000000000000e+02 1.530000000000000000e+02
4.960000000000000000e+02 2.760000000000000000e+02 5.120000000000000000e+02 3.290000000000000000e+02
