0.000000000000000000e+00 1.550000000000000000e+02 4.300000000000000000e+01 2.480000000000000000e+02
3.000000000000000000e+00 4.500000000000000000e+02 8.800000000000000000e+01 5.120000000000000000e+02
1.100000000000000000e+01 5.800000000000000000e+01 9.100000000000000000e+01 1.700000000000000000e+02
6.000000000000000000e+01 3.970000000000000000e+02 1.050000000000000000e+02 4.580000000000000000e+02
1.090000000000000000e+02 1.200000000000000000e+01 1.920000000000000000e+02 1.310000000000000000e+02
1.450000000000000000e+02 4.900000000000000000e+02 2.000000000000000000e+02 5.110000000000000000e+02
1.620000000000000000e+02 1.530000000000000000e+02 2.230000000000000000e+02 2.140000000000000000e+02
1.930000000000000000e+02 2.290000000000000000e+02 2.620000000000000000e+02 3.080000000000000000e+02
2.210000000000000000e+02 3.280000000000000000e+02 2.960000000000000000e+02 4.110000000000000000e+02
2.430000000000000000e+02 1.410000000000000000e+02 3.080000000000000000e+02 1.980000000000000000e+02
3.770000000000000000e+02 4.540000000000000000e+02 4.520000000000000000e+02 5.120000000000000000e+02
3.780000000000000000e+02 3.700000000000000000e+02 4.510000000000000000e+02 4.350000000000000000e+02
4.470000000000000000e+02 2.120000000000000000e+02 5.020000000000000000e+02 2.750000000000000000e+02
