0.000000000000000000e+00 5.300000000000000000e+01 3.700000000000000000e+01 9.300000000000000000e+01
0.000000000000000000e+00 9.800000000000000000e+01 1.100000000000000000e+01 1.380000000000000000e+02
3.900000000000000000e+01 0.000000000000000000e+00 8.800000000000000000e+01 1.100000000000000000e+01
5.800000000000000000e+01 2.600000000000000000e+02 1.270000000000000000e+02 3.140000000000000000e+02
5.900000000000000000e+01 3.100000000000000000e+01 1.140000000000000000e+02 8.900000000000000000e+01
1.110000000000000000e+02 3.960000000000000000e+02 1.790000000000000000e+02 4.900000000000000000e+02
1.310000000000000000e+02 3.400000000000000000e+01 2.140000000000000000e+02 1.040000000000000000e+02
1.850000000000000000e+02 1.510000000000000000e+02 2.270000000000000000e+02 2.040000000000000000e+02
2.380000000000000000e+02 2.950000000000000000e+02 3.210000000000000000e+02 3.570000000000000000e+02
2.940000000000000000e+02 7.400000000000000000e+01 3.230000000000000000e+02 9.700000000000000000e+01
3.050000000000000000e+02 1.500000000000000000e+02 3.660000000000000000e+02 2.080000000000000000e+02
3.260000000000000000e+02 2.120000000000000000e+02 3.610000000000000000e+02 2.640000000000000000e+02
3.450000000000000000e+02 4.950000000000000000e+02 3.900000000000000000e+02 5.120000000000000000e+02
3.700000000000000000e+02 0.000000000000000000e+00 4.240000000000000000e+02 5.700000000000000000e+01
3.900000000000000000e+02 1.490000000000000000e+02 4.400000000000000000e+02 1.870000000000000000e+02
4.240000000000000000e+02 3.100000000000000000e+02 4.970000000000000000e+02 3.950000000000000000e+02
4.430000000000000000e+02 0.000000000000000000e+00 5.120000000000000000e+02 7.900000000000000000e+01
