0.000000000000000000e+00 0.000000000000000000e+00 5.900000000000000000e+01 5.800000000000000000e+01
0.000000000000000000e+00 3.790000000000000000e+02 5.800000000000000000e+01 5.080000000000000000e+02
2.000000000000000000e+01 1.040000000000000000e+02 9.800000000000000000e+01 1.900000000000000000e+02
9.400000000000000000e+01 3.730000000000000000e+02 1.510000000000000000e+02 4.350000000000000000e+02
1.360000000000000000e+02 4.190000000000000000e+02 2.140000000000000000e+02 4.880000000000000000e+02
1.450000000000000000e+02 1.930000000000000000e+02 2.120000000000000000e+02 2.570000000000000000e+02
1.700000000000000000e+02 4.500000000000000000e+01 2.240000000000000000e+02 9.700000000000000000e+01
2.050000000000000000e+02 2.530000000000000000e+02 2.580000000000000000e+02 3.060000000000000000e+02
2.260000000000000000e+02 6.000000000000000000e+01 2.810000000000000000e+02 1.140000000000000000e+02
2.780000000000000000e+02 3.200000000000000000e+01 3.590000000000000000e+02 1.020000000000000000e+02
4.330000000000000000e+02 4.680000000000000000e+02 4.720000000000000000e+02 5.120000000000000000e+02
4.400000000000000000e+02 3.710000000000000000e+02 4.820000000000000000e+02 4.210000000000000000e+02
