0.000000000000000000e+00 1.260000000000000000e+02 9.000000000000000000e+00 1.530000000000000000e+02
0.000000000000000000e+00 4.020000000000000000e+02 1.370000000000000000e+02 5.120000000000000000e+02
1.000000000000000000e+01 3.520000000000000000e+02 6.500000000000000000e+01 4.070000000000000000e+02
1.400000000000000000e+01 1.970000000000000000e+02 1.040000000000000000e+02 2.850000000000000000e+02
1.030000000000000000e+02 2.640000000000000000e+02 1.840000000000000000e+02 3.530000000000000000e+02
1.860000000000000000e+02 2.910000000000000000e+02 2.060000000000000000e+02 3.250000000000000000e+02
1.970000000000000000e+02 3.860000000000000000e+02 2.740000000000000000e+02 4.720000000000000000e+02
2.260000000000000000e+02 1.140000000000000000e+02 2.810000000000000000e+02 1.680000000000000000e+02
2.430000000000000000e+02 0.000000000000000000e+00 3.550000000000000000e+02 1.320000000000000000e+02
4.110000000000000000e+02 0.000000000000000000e+00 4.690000000000000000e+02 2.100000000000000000e+01
4.230000000000000000e+02 2.000000000000000000e+02 4.920000000000000000e+02 2.630000000000000000e+02
4.900000000000000000e+02 0.000000000000000000e+00 5.120000000000000000e+02 2.800000000000000000e+01
4.960000000000000000e+02 2.300000000000000000e+02 5.120000000000000000e+02 2.920000000000000000e+02
