0.000000000000000000e+00 0.000000000000000000e+00 5.300000000000000000e+01 5.400000000000000000e+01
3.400000000000000000e+01 2.250000000000000000e+02 1.110000000000000000e+02 3.660000000000000000e+02
3.900000000000000000e+01 1.700000000000000000e+02 9.600000000000000000e+01 2.260000000000000000e+02
1.010000000000000000e+02 1.600000000000000000e+01 1.910000000000000000e+02 1.010000000000000000e+02
1.920000000000000000e+02 1.390000000000000000e+02 2.520000000000000000e+02 2.100000000000000000e+02
2.490000000000000000e+02 2.030000000000000000e+02 3.060000000000000000e+02 2.600000000000000000e+02
3.640000000000000000e+02 4.380000000000000000e+02 4.210000000000000000e+02 4.770000000000000000e+02
3.680000000000000000e+02 9.000000000000000000e+01 4.430000000000000000e+02 1.530000000000000000e+02
3.780000000000000000e+02 0.000000000000000000e+00 5.120000000000000000e+02 5.800000000000000000e+01
4.160000000000000000e+02 1.360000000000000000e+02 4.910000000000000000e+02 2.210000000000000000e+02
4.610000000000000000e+02 4.250000000000000000e+02 5.120000000000000000e+02 5.000000000000000000e+02
