0.000000000000000000e+00 3.930000000000000000e+02 3.000000000000000000e+01 4.540000000000000000e+02
3.000000000000000000e+00 2.540000000000000000e+02 9.400000000000000000e+01 3.650000000000000000e+02
1.200000000000000000e+01 4.000000000000000000e+01 1.020000000000000000e+02 1.210000000000000000e+02
3.500000000000000000e+01 3.850000000000000000e+02 9.300000000000000000e+01 4.470000000000000000e+02
8.600000000000000000e+01 2.620000000000000000e+02 1.370000000000000000e+02 3.280000000000000000e+02
1.200000000000000000e+02 3.910000000000000000e+02 2.020000000000000000e+02 4.680000000000000000e+02
1.510000000000000000e+02 3.020000000000000000e+02 2.060000000000000000e+02 3.540000000000000000e+02
1.920000000000000000e+02 1.560000000000000000e+02 2.900000000000000000e+02 2.950000000000000000e+02
2.230000000000000000e+02 3.870000000000000000e+02 3.110000000000000000e+02 4.920000000000000000e+02
2.580000000000000000e+02 0.000000000000000000e+00 3.560000000000000000e+02 6.000000000000000000e+01
3.590000000000000000e+02 1.100000000000000000e+01 4.560000000000000000e+02 1.180000000000000000e+02
3.830000000000000000e+02 4.100000000000000000e+02 4.400000000000000000e+02 4.730000000000000000e+02
4.190000000000000000e+02 3.470000000000000000e+02 4.960000000000000000e+02 4.220000000000000000e+02
4.820000000000000000e+02 0.000000000000000000e+00 5.120000000000000000e+02 4.300000000000000000e+01
5.100000000000000000e+02 1.540000000000000000e+02 5.120000000000000000e+02 1.650000000000000000e+02
