0.000000000000000000e+00 3.500000000000000000e+01 4.700000000000000000e+01 7.100000000000000000e+01
0.000000000000000000e+00 2.600000000000000000e+02 2.400000000000000000e+01 3.080000000000000000e+02
0.000000000000000000e+00 3.410000000000000000e+02 2.800000000000000000e+01 3.870000000000000000e+02
0.000000000000000000e+00 4.360000000000000000e+02 1.500000000000000000e+01 4.740000000000000000e+02
5.000000000000000000e+01 4.000000000000000000e+00 8.000000000000000000e+01 3.500000000000000000e+01
1.570000000000000000e+02 2.500000000000000000e+02 2.820000000000000000e+02 3.530000000000000000e+02
1.800000000000000000e+02 0.000000000000000000e+00 2.550000000000000000e+02 3.100000000000000000e+01
1.880000000000000000e+02 5.300000000000000000e+01 2.620000000000000000e+02 1.140000000000000000e+02
2.510000000000000000e+02 3.410000000000000000e+02 3.360000000000000000e+02 4.200000000000000000e+02
2.780000000000000000e+02 4.350000000000000000e+02 3.100000000000000000e+02 4.670000000000000000e+02
2.920000000000000000e+02 9.300000000000000000e+01 3.440000000000000000e+02 1.420000000000000000e+02
4.480000000000000000e+02 1.600000000000000000e+02 5.120000000000000000e+02 2.240000000000000000e+02
4.960000000000000000e+02 4.710000000000000000e+02 5.110000000000000000e+02 5.060000000000000000e+02
