0.000000000000000000e+00 3.000000000000000000e+00 3.500000000000000000e+01 4.100000000000000000e+01
0.000000000000000000e+00 1.570000000000000000e+02 6.500000000000000000e+01 2.280000000000000000e+02
0.000000000000000000e+00 3.110000000000000000e+02 3.800000000000000000e+01 3.670000000000000000e+02
4.400000000000000000e+01 3.180000000000000000e+02 1.130000000000000000e+02 3.910000000000000000e+02
4.400000000000000000e+01 4.260000000000000000e+02 1.130000000000000000e+02 4.970000000000000000e+02
7.000000000000000000e+01 2.280000000000000000e+02 1.250000000000000000e+02 2.810000000000000000e+02
7.200000000000000000e+01 2.000000000000000000e+01 1.540000000000000000e+02 1.140000000000000000e+02
1.140000000000000000e+02 3.540000000000000000e+02 1.640000000000000000e+02 4.060000000000000000e+02
1.470000000000000000e+02 1.420000000000000000e+02 2.220000000000000000e+02 2.090000000000000000e+02
1.490000000000000000e+02 3.380000000000000000e+02 1.880000000000000000e+02 3.670000000000000000e+02
1.600000000000000000e+02 3.800000000000000000e+02 2.040000000000000000e+02 4.260000000000000000e+02
1.650000000000000000e+02 4.250000000000000000e+02 2.380000000000000000e+02 4.880000000000000000e+02
1.890000000000000000e+02 2.020000000000000000e+02 2.720000000000000000e+02 3.030000000000000000e+02
1.940000000000000000e+02 6.000000000000000000e+00 2.480000000000000000e+02 3.900000000000000000e+01
2.130000000000000000e+02 1.030000000000000000e+02 2.580000000000000000e+02 1.460000000000000000e+02
2.420000000000000000e+02 4.550000000000000000e+02 3.130000000000000000e+02 5.120000000000000000e+02
2.610000000000000000e+02 3.200000000000000000e+02 3.600000000000000000e+02 4.180000000000000000e+02
3.010000000000000000e+02 3.000000000000000000e+00 3.790000000000000000e+02 8.600000000000000000e+01
3.100000000000000000e+02 1.400000000000000000e+02 3.530000000000000000e+02 1.910000000000000000e+02
3.300000000000000000e+02 2.130000000000000000e+02 3.830000000000000000e+02 2.660000000000000000e+02
3.720000000000000000e+02 2.120000000000000000e+02 5.110000000000000000e+02 3.550000000000000000e+02
4.320000000000000000e+02 3.000000000000000000e+01 5.050000000000000000e+02 1.030000000000000000e+02
4.330000000000000000e+02 3.420000000000000000e+02 4.800000000000000000e+02 3.930000000000000000e+02
