0.000000000000000000e+00 7.400000000000000000e+01 8.800000000000000000e+01 1.660000000000000000e+02
0.000000000000000000e+00 2.900000000000000000e+02 1.000000000000000000e+01 3.210000000000000000e+02
0.000000000000000000e+00 5.040000000000000000e+02 2.200000000000000000e+01 5.120000000000000000e+02
6.000000000000000000e+00 2.300000000000000000e+02 6.300000000000000000e+01 2.790000000000000000e+02
4.500000000000000000e+01 4.860000000000000000e+02 1.080000000000000000e+02 5.120000000000000000e+02
1.270000000000000000e+02 3.640000000000000000e+02 2.060000000000000000e+02 4.430000000000000000e+02
1.890000000000000000e+02 1.390000000000000000e+02 2.750000000000000000e+02 2.210000000000000000e+02
2.730000000000000000e+02 3.830000000000000000e+02 3.390000000000000000e+02 4.590000000000000000e+02
2.840000000000000000e+02 2.150000000000000000e+02 3.710000000000000000e+02 3.050000000000000000e+02
3.130000000000000000e+02 0.000000000000000000e+00 3.900000000000000000e+02 8.600000000000000000e+01
3.320000000000000000e+02 4.240000000000000000e+02 4.160000000000000000e+02 5.060000000000000000e+02
3.570000000000000000e+02 1.130000000000000000e+02 4.110000000000000000e+02 1.680000000000000000e+02
3.890000000000000000e+02 2.450000000000000000e+02 4.590000000000000000e+02 3.170000000000000000e+02
4.240000000000000000e+02 2.810000000000000000e+02 4.950000000000000000e+02 3.420000000000000000e+02
4.460000000000000000e+02 2.800000000000000000e+01 5.120000000000000000e+02 1.060000000000000000e+02
4.470000000000000000e+02 1.500000000000000000e+02 5.060000000000000000e+02 2.080000000000000000e+02
4.670000000000000000e+02 4.550000000000000000e+02 5.120000000000000000e+02 5.080000000000000000e+02
4.910000000000000000e+02 2.920000000000000000e+02 5.120000000000000000e+02 3.350000000000000000e+02
