0.000000000000000000e+00 5.500000000000000000e+01 7.600000000000000000e+01 1.540000000000000000e+02
3.300000000000000000e+01 3.170000000000000000e+02 1.240000000000000000e+02 3.920000000000000000e+02
4.900000000000000000e+01 4.130000000000000000e+02 1.180000000000000000e+02 4.840000000000000000e+02
1.750000000000000000e+02 2.180000000000000000e+02 2.320000000000000000e+02 2.750000000000000000e+02
1.760000000000000000e+02 7.600000000000000000e+01 2.390000000000000000e+02 1.390000000000000000e+02
1.880000000000000000e+02 4.050000000000000000e+02 2.390000000000000000e+02 4.560000000000000000e+02
3.040000000000000000e+02 4.200000000000000000e+01 3.570000000000000000e+02 9.700000000000000000e+01
3.300000000000000000e+02 1.490000000000000000e+02 4.170000000000000000e+02 2.380000000000000000e+02
3.590000000000000000e+02 2.840000000000000000e+02 4.040000000000000000e+02 3.290000000000000000e+02
4.010000000000000000e+02 0.000000000000000000e+00 4.580000000000000000e+02 5.800000000000000000e+01
4.270000000000000000e+02 4.630000000000000000e+02 5.100000000000000000e+02 5.120000000000000000e+02
4.550000000000000000e+02 3.450000000000000000e+02 5.120000000000000000e+02 4.040000000000000000e+02
4.770000000000000000e+02 7.400000000000000000e+01 5.120000000000000000e+02 1.400000000000000000e+02
