0.000000000000000000e+00 3.960000000000000000e+02 1.000000000000000000e+01 4.270000000000000000e+02
4.000000000000000000e+01 8.700000000000000000e+01 8.200000000000000000e+01 1.320000000000000000e+02
4.700000000000000000e+01 3.310000000000000000e+02 1.100000000000000000e+02 3.960000000000000000e+02
5.400000000000000000e+01 3.200000000000000000e+01 8.300000000000000000e+01 6.700000000000000000e+01
9.300000000000000000e+01 4.990000000000000000e+02 1.360000000000000000e+02 5.120000000000000000e+02
1.610000000000000000e+02 3.070000000000000000e+02 2.290000000000000000e+02 3.800000000000000000e+02
2.170000000000000000e+02 4.610000000000000000e+02 2.660000000000000000e+02 5.120000000000000000e+02
2.420000000000000000e+02 3.960000000000000000e+02 2.510000000000000000e+02 4.050000000000000000e+02
2.570000000000000000e+02 3.200000000000000000e+01 3.560000000000000000e+02 1.230000000000000000e+02
2.670000000000000000e+02 2.050000000000000000e+02 3.140000000000000000e+02 2.360000000000000000e+02
2.730000000000000000e+02 3.520000000000000000e+02 3.070000000000000000e+02 3.980000000000000000e+02
2.840000000000000000e+02 2.420000000000000000e+02 3.440000000000000000e+02 3.140000000000000000e+02
3.000000000000000000e+02 3.400000000000000000e+02 3.430000000000000000e+02 3.880000000000000000e+02
3.070000000000000000e+02 3.170000000000000000e+02 3.360000000000000000e+02 3.410000000000000000e+02
3.330000000000000000e+02 3.910000000000000000e+02 3.830000000000000000e+02 4.110000000000000000e+02
3.390000000000000000e+02 2.790000000000000000e+02 3.650000000000000000e+02 3.240000000000000000e+02
3.670000000000000000e+02 0.000000000000000000e+00 4.220000000000000000e+02 7.100000000000000000e+01
4.390000000000000000e+02 4.540000000000000000e+02 4.760000000000000000e+02 5.120000000000000000e+02
4.770000000000000000e+02 5.060000000000000000e+02 4.960000000000000000e+02 5.120000000000000000e+02
4.890000000000000000e+02 2.950000000000000000e+02 5.120000000000000000e+02 3.550000000000000000e+02
