5.000000000000000000e+00 4.160000000000000000e+02 5.900000000000000000e+01 5.000000000000000000e+02
5.200000000000000000e+01 4.000000000000000000e+02 1.130000000000000000e+02 4.790000000000000000e+02
6.100000000000000000e+01 2.040000000000000000e+02 1.200000000000000000e+02 2.550000000000000000e+02
1.390000000000000000e+02 3.210000000000000000e+02 2.200000000000000000e+02 4.080000000000000000e+02
1.470000000000000000e+02 0.000000000000000000e+00 2.420000000000000000e+02 9.200000000000000000e+01
2.210000000000000000e+02 2.550000000000000000e+02 2.860000000000000000e+02 3.180000000000000000e+02
3.050000000000000000e+02 3.220000000000000000e+02 3.660000000000000000e+02 3.850000000000000000e+02
3.090000000000000000e+02 8.300000000000000000e+01 4.360000000000000000e+02 1.930000000000000000e+02
3.370000000000000000e+02 0.000000000000000000e+00 4.030000000000000000e+02 8.300000000000000000e+01
3.710000000000000000e+02 2.310000000000000000e+02 4.320000000000000000e+02 2.960000000000000000e+02
3.870000000000000000e+02 3.630000000000000000e+02 4.320000000000000000e+02 4.180000000000000000e+02
4.360000000000000000e+02 1.560000000000000000e+02 5.110000000000000000e+02 2.420000000000000000e+02
4.490000000000000000e+02 3.190000000000000000e+02 5.100000000000000000e+02 3.910000000000000000e+02
