0.000000000000000000e+00 1.900000000000000000e+02 5.100000000000000000e+01 2.820000000000000000e+02
1.200000000000000000e+01 2.890000000000000000e+02 3.900000000000000000e+01 3.200000000000000000e+02
7.900000000000000000e+01 1.720000000000000000e+02 1.810000000000000000e+02 2.610000000000000000e+02
1.060000000000000000e+02 3.010000000000000000e+02 1.910000000000000000e+02 4.210000000000000000e+02
2.030000000000000000e+02 1.860000000000000000e+02 3.340000000000000000e+02 2.490000000000000000e+02
2.060000000000000000e+02 3.660000000000000000e+02 2.710000000000000000e+02 4.170000000000000000e+02
2.980000000000000000e+02 3.070000000000000000e+02 3.390000000000000000e+02 3.480000000000000000e+02
3.610000000000000000e+02 7.200000000000000000e+01 4.180000000000000000e+02 1.170000000000000000e+02
3.880000000000000000e+02 3.200000000000000000e+02 4.890000000000000000e+02 4.040000000000000000e+02
3.930000000000000000e+02 4.870000000000000000e+02 4.540000000000000000e+02 5.110000000000000000e+02
4.040000000000000000e+02 4.230000000000000000e+02 4.710000000000000000e+02 4.680000000000000000e+02
4.630000000000000000e+02 2.190000000000000000e+02 4.960000000000000000e+02 2.460000000000000000e+02
