0.000000000000000000e+00 1.160000000000000000e+02 2.400000000000000000e+01 1.710000000000000000e+02
0.000000000000000000e+00 2.640000000000000000e+02 2.100000000000000000e+01 3.000000000000000000e+02
0.000000000000000000e+00 3.000000000000000000e+02 3.700000000000000000e+01 3.420000000000000000e+02
0.000000000000000000e+00 4.320000000000000000e+02 2.600000000000000000e+01 4.690000000000000000e+02
0.000000000000000000e+00 4.860000000000000000e+02 1.400000000000000000e+01 5.120000000000000000e+02
8.000000000000000000e+00 1.400000000000000000e+02 9.100000000000000000e+01 2.280000000000000000e+02
3.100000000000000000e+01 3.250000000000000000e+02 7.500000000000000000e+01 3.660000000000000000e+02
3.700000000000000000e+01 3.880000000000000000e+02 1.180000000000000000e+02 4.800000000000000000e+02
6.400000000000000000e+01 2.310000000000000000e+02 2.000000000000000000e+02 3.540000000000000000e+02
7.900000000000000000e+01 4.970000000000000000e+02 1.520000000000000000e+02 5.120000000000000000e+02
1.670000000000000000e+02 3.490000000000000000e+02 2.190000000000000000e+02 4.020000000000000000e+02
1.740000000000000000e+02 2.330000000000000000e+02 2.160000000000000000e+02 2.680000000000000000e+02
1.750000000000000000e+02 0.000000000000000000e+00 2.560000000000000000e+02 5.900000000000000000e+01
2.330000000000000000e+02 3.390000000000000000e+02 3.750000000000000000e+02 4.640000000000000000e+02
2.650000000000000000e+02 1.930000000000000000e+02 3.450000000000000000e+02 2.700000000000000000e+02
2.810000000000000000e+02 1.180000000000000000e+02 3.540000000000000000e+02 1.800000000000000000e+02
2.940000000000000000e+02 4.940000000000000000e+02 3.410000000000000000e+02 5.120000000000000000e+02
3.320000000000000000e+02 4.210000000000000000e+02 4.320000000000000000e+02 5.120000000000000000e+02
3.400000000000000000e+02 1.740000000000000000e+02 4.160000000000000000e+02 2.510000000000000000e+02
3.800000000000000000e+02 3.640000000000000000e+02 4.280000000000000000e+02 4.160000000000000000e+02
3.980000000000000000e+02 0.000000000000000000e+00 4.680000000000000000e+02 7.300000000000000000e+01
4.230000000000000000e+02 3.760000000000000000e+02 4.960000000000000000e+02 4.480000000000000000e+02
4.360000000000000000e+02 4.850000000000000000e+02 5.050000000000000000e+02 5.120000000000000000e+02
4.540000000000000000e+02 1.640000000000000000e+02 5.120000000000000000e+02 2.480000000000000000e+02
4.960000000000000000e+02 3.090000000000000000e+02 5.120000000000000000e+02 3.620000000000000000e+02
