0.000000000000000000e+00 1.350000000000000000e+02 2.500000000000000000e+01 1.830000000000000000e+02
0.000000000000000000e+00 2.520000000000000000e+02 3.000000000000000000e+00 2.640000000000000000e+02
0.000000000000000000e+00 4.030000000000000000e+02 1.700000000000000000e+01 4.520000000000000000e+02
0.000000000000000000e+00 4.910000000000000000e+02 1.200000000000000000e+01 5.120000000000000000e+02
1.000000000000000000e+00 2.830000000000000000e+02 5.800000000000000000e+01 3.350000000000000000e+02
5.600000000000000000e+01 3.920000000000000000e+02 1.330000000000000000e+02 4.630000000000000000e+02
9.700000000000000000e+01 1.230000000000000000e+02 1.610000000000000000e+02 1.860000000000000000e+02
1.070000000000000000e+02 2.990000000000000000e+02 1.470000000000000000e+02 3.410000000000000000e+02
1.500000000000000000e+02 3.940000000000000000e+02 2.100000000000000000e+02 4.560000000000000000e+02
3.000000000000000000e+02 3.090000000000000000e+02 3.580000000000000000e+02 3.690000000000000000e+02
3.030000000000000000e+02 5.500000000000000000e+01 3.710000000000000000e+02 1.310000000000000000e+02
3.090000000000000000e+02 1.390000000000000000e+02 4.010000000000000000e+02 2.530000000000000000e+02
3.670000000000000000e+02 2.570000000000000000e+02 4.590000000000000000e+02 3.410000000000000000e+02
3.850000000000000000e+02 4.370000000000000000e+02 4.610000000000000000e+02 5.120000000000000000e+02
4.090000000000000000e+02 5.600000000000000000e+01 4.340000000000000000e+02 8.000000000000000000e+01
4.250000000000000000e+02 0.000000000000000000e+00 4.890000000000000000e+02 5.700000000000000000e+01
4.690000000000000000e+02 3.850000000000000000e+02 5.120000000000000000e+02 4.480000000000000000e+02
