2.400000000000000000e+01 3.030000000000000000e+02 1.150000000000000000e+02 3.910000000000000000e+02
6.000000000000000000e+01 4.000000000000000000e+01 1.010000000000000000e+02 8.100000000000000000e+01
1.020000000000000000e+02 6.000000000000000000e+00 1.530000000000000000e+02 5.600000000000000000e+01
1.070000000000000000e+02 3.490000000000000000e+02 1.810000000000000000e+02 4.220000000000000000e+02
1.370000000000000000e+02 2.710000000000000000e+02 2.200000000000000000e+02 3.560000000000000000e+02
1.580000000000000000e+02 7.000000000000000000e+01 2.290000000000000000e+02 1.350000000000000000e+02
2.560000000000000000e+02 2.560000000000000000e+02 3.430000000000000000e+02 3.440000000000000000e+02
2.620000000000000000e+02 0.000000000000000000e+00 3.000000000000000000e+02 2.800000000000000000e+01
2.840000000000000000e+02 1.920000000000000000e+02 3.370000000000000000e+02 2.390000000000000000e+02
3.010000000000000000e+02 1.440000000000000000e+02 3.470000000000000000e+02 1.840000000000000000e+02
4.230000000000000000e+02 1.470000000000000000e+02 5.120000000000000000e+02 4.010000000000000000e+02
