0.000000000000000000e+00 2.100000000000000000e+01 6.800000000000000000e+01 9.500000000000000000e+01
0.000000000000000000e+00 1.130000000000000000e+02 8.100000000000000000e+01 1.800000000000000000e+02
0.000000000000000000e+00 2.270000000000000000e+02 1.100000000000000000e+01 2.540000000000000000e+02
0.000000000000000000e+00 3.510000000000000000e+02 7.100000000000000000e+01 4.200000000000000000e+02
4.100000000000000000e+01 4.270000000000000000e+02 1.250000000000000000e+02 5.120000000000000000e+02
1.210000000000000000e+02 2.950000000000000000e+02 3.020000000000000000e+02 4.130000000000000000e+02
1.380000000000000000e+02 9.900000000000000000e+01 2.030000000000000000e+02 1.580000000000000000e+02
1.760000000000000000e+02 3.800000000000000000e+01 2.420000000000000000e+02 1.030000000000000000e+02
2.770000000000000000e+02 1.200000000000000000e+02 3.290000000000000000e+02 1.770000000000000000e+02
2.820000000000000000e+02 2.030000000000000000e+02 3.550000000000000000e+02 2.720000000000000000e+02
3.180000000000000000e+02 4.490000000000000000e+02 4.030000000000000000e+02 5.120000000000000000e+02
3.560000000000000000e+02 1.440000000000000000e+02 4.080000000000000000e+02 1.960000000000000000e+02
3.560000000000000000e+02 3.590000000000000000e+02 4.240000000000000000e+02 4.190000000000000000e+02
3.860000000000000000e+02 1.580000000000000000e+02 4.850000000000000000e+02 2.500000000000000000e+02
4.520000000000000000e+02 1.900000000000000000e+01 5.120000000000000000e+02 1.210000000000000000e+02
4.530000000000000000e+02 0.000000000000000000e+00 4.740000000000000000e+02 7.000000000000000000e+00
4.720000000000000000e+02 4.750000000000000000e+02 5.120000000000000000e+02 5.120000000000000000e+02
4.970000000000000000e+02 3.380000000000000000e+02 5.120000000000000000e+02 3.810000000000000000e+02
5.000000000000000000e+02 1.760000000000000000e+02 5.120000000000000000e+02 2.040000000000000000e+02
5.040000000000000000e+02 2.920000000000000000e+02 5.120000000000000000e+02 3.200000000000000000e+02
