0.000000000000000000e+00 1.410000000000000000e+02 5.600000000000000000e+01 2.150000000000000000e+02
0.000000000000000000e+00 3.340000000000000000e+02 7.000000000000000000e+00 3.630000000000000000e+02
0.000000000000000000e+00 4.950000000000000000e+02 6.000000000000000000e+00 5.120000000000000000e+02
7.200000000000000000e+01 6.000000000000000000e+00 1.100000000000000000e+02 4.000000000000000000e+01
7.500000000000000000e+01 4.110000000000000000e+02 1.620000000000000000e+02 5.000000000000000000e+02
1.160000000000000000e+02 1.460000000000000000e+02 1.640000000000000000e+02 2.000000000000000000e+02
1.860000000000000000e+02 2.130000000000000000e+02 2.550000000000000000e+02 2.730000000000000000e+02
2.910000000000000000e+02 1.860000000000000000e+02 3.140000000000000000e+02 2.070000000000000000e+02
3.370000000000000000e+02 5.000000000000000000e+00 3.850000000000000000e+02 3.100000000000000000e+01
3.440000000000000000e+02 3.110000000000000000e+02 4.200000000000000000e+02 3.830000000000000000e+02
3.700000000000000000e+02 2.500000000000000000e+02 4.150000000000000000e+02 2.910000000000000000e+02
3.910000000000000000e+02 1.210000000000000000e+02 4.680000000000000000e+02 2.080000000000000000e+02
4.400000000000000000e+02 3.330000000000000000e+02 5.060000000000000000e+02 3.920000000000000000e+02
4.940000000000000000e+02 1.470000000000000000e+02 5.120000000000000000e+02 1.980000000000000000e+02
