0.000000000000000000e+00 1.860000000000000000e+02 2.500000000000000000e+01 2.600000000000000000e+02
1.000000000000000000e+00 2.820000000000000000e+02 2.000000000000000000e+01 3.190000000000000000e+02
2.300000000000000000e+01 5.700000000000000000e+01 7.200000000000000000e+01 9.800000000000000000e+01
5.500000000000000000e+01 3.840000000000000000e+02 1.200000000000000000e+02 4.310000000000000000e+02
1.070000000000000000e+02 6.700000000000000000e+01 2.260000000000000000e+02 1.960000000000000000e+02
1.140000000000000000e+02 4.580000000000000000e+02 1.730000000000000000e+02 5.090000000000000000e+02
1.530000000000000000e+02 3.010000000000000000e+02 3.300000000000000000e+02 4.150000000000000000e+02
1.960000000000000000e+02 1.940000000000000000e+02 2.310000000000000000e+02 2.250000000000000000e+02
1.990000000000000000e+02 4.930000000000000000e+02 2.540000000000000000e+02 5.120000000000000000e+02
2.210000000000000000e+02 3.650000000000000000e+02 3.560000000000000000e+02 4.640000000000000000e+02
2.520000000000000000e+02 3.700000000000000000e+01 3.190000000000000000e+02 1.060000000000000000e+02
3.020000000000000000e+02 0.000000000000000000e+00 3.400000000000000000e+02 1.200000000000000000e+01
4.340000000000000000e+02 3.400000000000000000e+01 5.110000000000000000e+02 1.090000000000000000e+02
4.570000000000000000e+02 5.000000000000000000e+02 4.940000000000000000e+02 5.120000000000000000e+02
