0.000000000000000000e+00 1.180000000000000000e+02 6.000000000000000000e+00 1.380000000000000000e+02
1.200000000000000000e+01 2.700000000000000000e+01 8.300000000000000000e+01 1.090000000000000000e+02
5.600000000000000000e+01 4.290000000000000000e+02 1.310000000000000000e+02 5.120000000000000000e+02
1.160000000000000000e+02 2.120000000000000000e+02 1.630000000000000000e+02 2.570000000000000000e+02
1.330000000000000000e+02 0.000000000000000000e+00 2.250000000000000000e+02 3.500000000000000000e+01
1.520000000000000000e+02 3.550000000000000000e+02 2.120000000000000000e+02 4.130000000000000000e+02
2.400000000000000000e+02 0.000000000000000000e+00 3.820000000000000000e+02 1.090000000000000000e+02
2.580000000000000000e+02 3.220000000000000000e+02 3.550000000000000000e+02 4.110000000000000000e+02
3.120000000000000000e+02 4.380000000000000000e+02 3.290000000000000000e+02 4.550000000000000000e+02
3.870000000000000000e+02 3.390000000000000000e+02 4.220000000000000000e+02 3.700000000000000000e+02
4.130000000000000000e+02 4.450000000000000000e+02 5.120000000000000000e+02 5.120000000000000000e+02
4.210000000000000000e+02 2.050000000000000000e+02 5.020000000000000000e+02 3.380000000000000000e+02
4.270000000000000000e+02 1.070000000000000000e+02 4.560000000000000000e+02 1.320000000000000000e+02
4.900000000000000000e+02 1.980000000000000000e+02 5.120000000000000000e+02 2.200000000000000000e+02
4.920000000000000000e+02 5.000000000000000000e+01 5.120000000000000000e+02 1.000000000000000000e+02
5.010000000000000000e+02 2.840000000000000000e+02 5.120000000000000000e+02 3.220000000000000000e+02
5.060000000000000000e+02 1.590000000000000000e+02 5.120000000000000000e+02 1.850000000000000000e+02
