0.000000000000000000e+00 0.000000000000000000e+00 2.500000000000000000e+01 4.900000000000000000e+01
0.000000000000000000e+00 2.380000000000000000e+02 1.000000000000000000e+00 2.400000000000000000e+02
4.000000000000000000e+01 1.640000000000000000e+02 8.800000000000000000e+01 2.180000000000000000e+02
5.500000000000000000e+01 0.000000000000000000e+00 6.300000000000000000e+01 2.000000000000000000e+00
1.200000000000000000e+02 4.920000000000000000e+02 1.780000000000000000e+02 5.120000000000000000e+02
1.840000000000000000e+02 1.220000000000000000e+02 2.270000000000000000e+02 1.700000000000000000e+02
1.860000000000000000e+02 4.170000000000000000e+02 2.260000000000000000e+02 4.670000000000000000e+02
2.050000000000000000e+02 4.900000000000000000e+02 2.310000000000000000e+02 5.120000000000000000e+02
2.470000000000000000e+02 0.000000000000000000e+00 2.670000000000000000e+02 6.000000000000000000e+00
2.710000000000000000e+02 2.450000000000000000e+02 3.430000000000000000e+02 3.170000000000000000e+02
2.850000000000000000e+02 4.400000000000000000e+01 3.410000000000000000e+02 1.010000000000000000e+02
3.190000000000000000e+02 3.680000000000000000e+02 3.650000000000000000e+02 4.200000000000000000e+02
3.700000000000000000e+02 1.510000000000000000e+02 4.220000000000000000e+02 2.010000000000000000e+02
4.460000000000000000e+02 3.680000000000000000e+02 4.970000000000000000e+02 4.230000000000000000e+02
4.540000000000000000e+02 2.270000000000000000e+02 5.120000000000000000e+02 2.980000000000000000e+02
