0.000000000000000000e+00 3.030000000000000000e+02 1.000000000000000000e+01 3.310000000000000000e+02
1.000000000000000000e+00 4.010000000000000000e+02 6.200000000000000000e+01 4.600000000000000000e+02
4.000000000000000000e+01 4.000000000000000000e+00 1.770000000000000000e+02 1.020000000000000000e+02
4.000000000000000000e+01 3.030000000000000000e+02 9.400000000000000000e+01 3.590000000000000000e+02
7.100000000000000000e+01 1.740000000000000000e+02 1.400000000000000000e+02 2.410000000000000000e+02
7.200000000000000000e+01 4.640000000000000000e+02 1.430000000000000000e+02 5.120000000000000000e+02
1.530000000000000000e+02 3.330000000000000000e+02 2.380000000000000000e+02 4.150000000000000000e+02
2.180000000000000000e+02 1.770000000000000000e+02 2.800000000000000000e+02 2.360000000000000000e+02
2.800000000000000000e+02 3.610000000000000000e+02 3.280000000000000000e+02 4.090000000000000000e+02
3.150000000000000000e+02 4.200000000000000000e+01 3.900000000000000000e+02 1.230000000000000000e+02
3.490000000000000000e+02 4.600000000000000000e+02 4.030000000000000000e+02 5.120000000000000000e+02
3.970000000000000000e+02 1.880000000000000000e+02 4.530000000000000000e+02 2.440000000000000000e+02
4.190000000000000000e+02 5.600000000000000000e+01 4.760000000000000000e+02 1.130000000000000000e+02
4.560000000000000000e+02 4.290000000000000000e+02 5.120000000000000000e+02 5.080000000000000000e+02
4.940000000000000000e+02 1.580000000000000000e+02 5.120000000000000000e+02 2.030000000000000000e+02
5.010000000000000000e+02 3.590000000000000000e+02 5.120000000000000000e+02 3.910000000000000000e+02
