0.000000000000000000e+00 3.380000000000000000e+02 6.000000000000000000e+00 3.620000000000000000e+02
2.900000000000000000e+01 0.000000000000000000e+00 6.900000000000000000e+01 1.500000000000000000e+01
3.000000000000000000e+01 3.680000000000000000e+02 1.000000000000000000e+02 4.310000000000000000e+02
3.300000000000000000e+01 9.500000000000000000e+01 1.300000000000000000e+02 2.240000000000000000e+02
3.900000000000000000e+01 1.700000000000000000e+01 1.000000000000000000e+02 8.600000000000000000e+01
3.900000000000000000e+01 2.690000000000000000e+02 1.070000000000000000e+02 3.340000000000000000e+02
4.100000000000000000e+01 4.660000000000000000e+02 1.010000000000000000e+02 5.120000000000000000e+02
1.320000000000000000e+02 2.290000000000000000e+02 3.700000000000000000e+02 3.440000000000000000e+02
2.200000000000000000e+02 4.000000000000000000e+00 3.090000000000000000e+02 9.000000000000000000e+01
2.250000000000000000e+02 0.000000000000000000e+00 2.560000000000000000e+02 8.000000000000000000e+00
2.260000000000000000e+02 1.200000000000000000e+02 3.420000000000000000e+02 1.950000000000000000e+02
3.360000000000000000e+02 2.900000000000000000e+01 4.180000000000000000e+02 1.150000000000000000e+02
3.530000000000000000e+02 1.620000000000000000e+02 4.230000000000000000e+02 2.310000000000000000e+02
3.890000000000000000e+02 2.330000000000000000e+02 4.470000000000000000e+02 2.850000000000000000e+02
4.400000000000000000e+02 2.810000000000000000e+02 5.120000000000000000e+02 3.680000000000000000e+02
4.720000000000000000e+02 1.820000000000000000e+02 5.120000000000000000e+02 2.530000000000000000e+02
